15	
107	
205	
454	
912	
390	
156	
3	
1	
76	
111	
586	
1	
3568	
17	
589	
1	
1774	
283	
95	
2418	
8887	
3	
775	
41	
430	
8	
964	
966	
4564	
244	
3003	
15	
559	
350	
6	
4947	
52	
1629	
1339	
973	
5	
1745	
3	
7358	
1	
3632	
29	
2876	
9	
1	
301	
254	
14	
320	
3418	
7	
29	
146	
8507	
54	
5	
9996	
1499	
416	
1624	
19	
19	
1156	
47	
133	
10	
2689	
2616	
18	
630	
8	
265	
1152	
3384	
916	
1574	
482	
2371	
4728	
736	
1561	
62	
109	
1	
9503	
5175	
5	
109	
11	
3738	
25	
369	
1	
415	
48	
1558	
5	
74	
5154	
5878	
7	
3	
9	
310	
2143	
1	
55	
568	
530	
4505	
5	
1759	
8	
334	
8641	
79	
16	
221	
775	
29	
5	
3	
404	
11	
3621	
27	
15	
1408	
70	
1605	
30	
545	
14	
5	
42	
3	
12	
1	
705	
7	
275	
177	
75	
339	
7247	
128	
16	
17	
2374	
35	
184	
3509	
718	
3	
6720	
47	
4540	
4225	
15	
288	
1154	
25	
2527	
2989	
8	
1065	
282	
58	
2920	
909	
3998	
3	
250	
10	
1964	
31	
26	
25	
453	
228	
579	
7	
1915	
581	
22	
1	
4903	
1	
817	
317	
320	
8350	
14	
5	
50	
114	
3	
124	
1900	
955	
3	
10	
3169	
12	
35	
5	
1417	
3148	
3	
1	
9220	
49	
1133	
8615	
8266	
2497	
552	
7	
335	
3	
651	
4980	
10	
7009	
201	
1012	
3	
41	
3767	
4314	
134	
6870	
8	
1388	
10	
4550	
663	
1160	
127	
50	
291	
10	
1794	
2228	
67	
43	
1228	
44	
32	
8051	
2488	
18	
1	
55	
1	
148	
717	
2279	
285	
11	
3	
19	
10	
13	
3025	
1839	
8	
46	
333	
1181	
33	
110	
4707	
126	
124	
543	
3112	
9	
2792	
195	
3283	
3	
1398	
2333	
309	
8	
686	
1822	
818	
20	
986	
3	
7	
108	
281	
61	
26	
2017	
14	
5	
3	
70	
7	
14	
1197	
5965	
36	
705	
743	
83	
183	
13	
65	
92	
45	
1288	
3155	
791	
10	
940	
8	
4117	
202	
6381	
1601	
412	
18	
9	
1	
798	
33	
12	
3	
91	
181	
31	
4094	
10	
9961	
6	
267	
1	
305	
2001	
4786	
3500	
9	
313	
2905	
46	
301	
330	
525	
7	
8	
581	
31	
3	
9217	
169	
1	
283	
44	
538	
24	
108	
1084	
9077	
9302	
303	
183	
6197	
364	
721	
13	
161	
174	
5	
50	
3	
2611	
7589	
266	
5	
7	
29	
6	
350	
1791	
42	
665	
134	
4412	
1552	
7	
714	
732	
950	
588	
20	
3630	
1	
144	
680	
43	
248	
74	
7	
5	
158	
11	
17	
4600	
348	
7964	
4914	
1527	
610	
1391	
28	
172	
8	
47	
5716	
2620	
3	
104	
537	
1	
301	
1	
1520	
30	
15	
1802	
568	
1781	
1672	
286	
8	
9546	
780	
4909	
6	
41	
5	
2244	
9	
428	
203	
49	
14	
7	
4016	
179	
5	
3	
1	
148	
8	
195	
3380	
300	
19	
1	
169	
5367	
1160	
451	
4521	
14	
5	
23	
18	
3	
25	
3539	
7	
379	
47	
884	
8182	
8	
2031	
77	
18	
2772	
60	
564	
8	
463	
3	
10	
1053	
1208	
139	
67	
18	
485	
7	
1	
142	
44	
28	
56	
1897	
1315	
188	
5712	
10	
2075	
1739	
3	
213	
10	
472	
1009	
14	
4909	
4926	
1	
1829	
1243	
8	
75	
6	
397	
22	
17	
2435	
238	
176	
1348	
97	
5	
3	
9	
18	
8	
143	
1081	
1446	
30	
249	
8267	
406	
40	
1322	
578	
6	
71	
1057	
6111	
905	
6	
1	
2579	
1084	
1202	
1743	
14	
5	
135	
556	
37	
9	
1046	
24	
78	
885	
626	
6377	
3498	
2303	
3	
92	
26	
5	
28	
1016	
620	
254	
24	
1997	
9865	
7	
1194	
1028	
1710	
285	
3	
9	
2747	
2078	
1	
1512	
6	
1	
2180	
234	
11	
10	
17	
749	
6514	
8144	
43	
9	
1728	
8243	
1410	
62	
29	
5	
7	
5	
5	
50	
13	
11	
3	
1	
262	
2971	
25	
368	
57	
5	
24	
3287	
4477	
3	
1278	
5	
3	
468	
664	
3	
69	
65	
9	
936	
59	
608	
24	
9	
5724	
90	
4824	
124	
1100	
20	
2948	
47	
3308	
714	
141	
9	
1102	
8	
2232	
288	
4776	
3	
7708	
826	
95	
18	
3187	
5	
5	
5	
9	
9970	
453	
1001	
40	
5	
5	
7	
1492	
1065	
70	
675	
5	
10	
411	
33	
120	
11	
1216	
6730	
29	
10	
539	
12	
16	
9365	
20	
653	
9	
5735	
3	
157	
11	
182	
4560	
3194	
35	
1	
336	
903	
6151	
17	
3	
182	
354	
34	
5	
297	
7	
56	
1	
2055	
1739	
5	
1	
571	
1058	
2902	
1579	
8	
424	
365	
7	
1189	
6	
9868	
3	
1	
322	
23	
176	
4304	
787	
897	
480	
1	
102	
2021	
1511	
12	
7691	
5421	
7	
14	
5	
3	
8	
302	
42	
197	
1940	
27	
1707	
11	
63	
12	
26	
777	
63	
14	
2658	
102	
610	
2141	
474	
3	
7	
2285	
2537	
1812	
299	
85	
5	
650	
3800	
8580	
8	
2645	
177	
758	
1	
1505	
1430	
403	
2910	
1642	
844	
7	
14	
5	
50	
3	
1	
62	
3	
104	
1513	
5	
23	
273	
10	
7	
1752	
390	
6522	
2288	
8408	
131	
187	
427	
1954	
10	
5	
22	
50	
210	
101	
10	
1127	
331	
1002	
9	
7028	
70	
3295	
94	
440	
2233	
1764	
13	
1	
7170	
1654	
506	
958	
54	
382	
251	
38	
6	
29	
240	
6	
1	
613	
10	
18	
3725	
11	
2806	
3	
72	
4270	
10	
1885	
57	
1	
1657	
652	
96	
767	
16	
860	
23	
3792	
4187	
7062	
310	
1382	
4993	
16	
95	
3617	
44	
27	
1	
497	
4527	
67	
8	
305	
19	
1	
504	
39	
1542	
650	
2286	
77	
330	
352	
4133	
95	
1	
160	
7	
1300	
8	
4216	
3999	
1914	
655	
7510	
3	
1011	
8	
446	
3	
1	
1335	
5	
5	
2806	
977	
5	
205	
3	
1989	
8	
4666	
1363	
73	
13	
1447	
8	
966	
34	
359	
1	
239	
8572	
8	
5534	
23	
262	
145	
485	
3653	
113	
14	
26	
39	
19	
1470	
88	
12	
864	
924	
4288	
249	
7	
1094	
107	
75	
1971	
595	
214	
12	
8	
800	
43	
40	
1	
287	
226	
16	
9	
673	
16	
3278	
14	
5	
50	
3	
3	
1	
113	
