3	
7	
2343	
5	
13	
372	
251	
3800	
16	
36	
3	
10	
80	
3286	
56	
3356	
3	
1115	
4684	
138	
58	
29	
2791	
11	
8	
1521	
303	
1	
175	
7351	
5	
4138	
7200	
3432	
1534	
1	
1104	
7038	
6	
3	
31	
122	
227	
7	
1	
4733	
12	
16	
10	
2716	
6	
569	
8849	
1237	
2442	
602	
9755	
186	
8	
441	
6	
5	
5	
957	
166	
15	
3254	
18	
1801	
1633	
4813	
7	
5	
5	
1143	
655	
44	
328	
22	
5	
5	
173	
5	
7	
14	
5	
7	
1	
4298	
3	
188	
555	
1654	
409	
4054	
285	
230	
6	
6110	
3	
1	
6827	
59	
5	
20	
2307	
83	
6855	
578	
7	
984	
6	
139	
8	
64	
9202	
3	
1084	
1047	
103	
6	
1908	
135	
10	
484	
320	
25	
3	
7	
102	
71	
59	
9	
504	
1	
187	
531	
7	
52	
52	
19	
178	
3147	
27	
9200	
95	
214	
5928	
17	
55	
5458	
8	
3571	
38	
434	
3	
598	
1	
1407	
3142	
201	
1222	
45	
244	
72	
485	
3	
16	
1102	
207	
113	
462	
22	
1085	
461	
7	
38	
1092	
8858	
6	
6191	
29	
1393	
5132	
916	
197	
1	
8013	
31	
190	
10	
1955	
4211	
10	
1	
450	
5	
585	
190	
952	
528	
4445	
83	
1405	
110	
726	
6	
14	
5	
23	
8	
63	
227	
1130	
5	
3	
1061	
5	
1958	
37	
1	
477	
10	
1	
9083	
468	
7	
14	
5	
50	
27	
173	
96	
1	
2351	
159	
50	
2366	
952	
511	
52	
65	
81	
6817	
28	
55	
465	
6	
75	
48	
1887	
5	
9	
1125	
56	
7	
2284	
1371	
23	
884	
94	
908	
24	
240	
101	
158	
3	
475	
146	
317	
20	
1	
259	
423	
1779	
1145	
1884	
729	
10	
1920	
635	
894	
355	
3	
1	
8299	
727	
3	
1	
3227	
1250	
4100	
1	
13	
6796	
4036	
12	
9	
29	
76	
4050	
84	
6	
45	
6	
1281	
6	
712	
7723	
1300	
66	
1317	
533	
70	
30	
243	
1015	
123	
528	
78	
405	
10	
14	
5	
5	
204	
437	
1579	
7	
189	
25	
300	
322	
10	
3320	
70	
1648	
9	
5	
1030	
1260	
336	
8	
653	
111	
114	
15	
8	
2045	
359	
6111	
11	
2357	
2147	
2129	
3689	
717	
95	
4757	
81	
1	
3	
348	
9	
1832	
159	
1	
1476	
5	
414	
5	
3	
2247	
1	
4374	
1097	
3	
5107	
30	
33	
17	
11	
8	
1216	
158	
446	
6	
4312	
733	
21	
3477	
1	
1609	
887	
8	
1608	
10	
1	
137	
4489	
6	
709	
1520	
18	
1	
4668	
299	
518	
1381	
1007	
467	
9	
25	
224	
33	
1274	
570	
30	
46	
31	
114	
10	
47	
8	
571	
627	
1	
39	
3885	
3	
263	
10	
196	
89	
1	
308	
38	
2656	
2274	
1	
164	
11	
1699	
19	
393	
18	
69	
529	
5	
44	
1	
7026	
124	
4494	
7	
2284	
104	
3	
7	
27	
54	
630	
639	
3897	
21	
7	
1215	
7	
870	
1256	
7	
14	
5	
5	
1296	
1839	
1105	
23	
597	
1568	
132	
18	
1	
55	
91	
9	
1432	
1	
141	
54	
767	
713	
5	
10	
48	
6	
6266	
120	
3	
126	
139	
1548	
976	
1	
7804	
3	
181	
115	
20	
85	
72	
3	
1692	
18	
1	
102	
371	
811	
8	
239	
12	
14	
5	
23	
3	
42	
173	
3417	
1084	
1	
190	
3738	
220	
90	
25	
1	
55	
3	
8	
1	
1044	
3	
102	
92	
7122	
5	
9659	
772	
1	
5302	
596	
696	
3411	
1	
768	
46	
741	
1	
798	
5	
481	
7	
271	
1179	
691	
8	
1	
1169	
3	
30	
397	
66	
3	
6940	
59	
1	
1884	
23	
39	
223	
2060	
9	
246	
39	
19	
7166	
770	
505	
54	
1	
10	
943	
79	
564	
20	
16	
8	
480	
519	
328	
2500	
3	
6	
392	
43	
10	
122	
4278	
3	
165	
140	
296	
41	
6	
123	
7	
429	
322	
899	
1174	
322	
9	
2454	
114	
417	
11	
743	
6550	
9	
14	
40	
3	
622	
6	
14	
5	
205	
108	
1539	
5546	
118	
6452	
11	
204	
280	
5364	
449	
2473	
7912	
661	
17	
3	
83	
3392	
24	
2990	
1	
2372	
2333	
3	
9	
234	
206	
8	
5339	
7907	
4087	
3	
1676	
2492	
527	
629	
12	
3	
188	
18	
1	
247	
2138	
6348	
57	
305	
86	
33	
1	
160	
5	
23	
38	
1153	
3	
25	
7	
1	
792	
203	
49	
251	
80	
75	
74	
2184	
370	
38	
40	
597	
3	
25	
2354	
13	
7	
5	
50	
3	
5815	
419	
27	
286	
6225	
9	
5	
1042	
23	
29	
55	
17	
3	
9	
21	
588	
7	
1	
5226	
5452	
422	
1094	
16	
2105	
6	
8	
8823	
7	
980	
1	
229	
2565	
3	
1	
1864	
1357	
103	
3	
9	
37	
158	
8	
8641	
300	
291	
7890	
17	
1	
2751	
3	
369	
82	
1	
39	
519	
49	
15	
108	
912	
895	
8	
952	
94	
4783	
87	
1625	
426	
2162	
13	
1807	
299	
583	
6633	
6	
131	
1	
2203	
8	
4080	
7	
6	
142	
40	
518	
314	
721	
7	
2166	
3737	
221	
5	
74	
7	
119	
51	
1204	
2829	
290	
49	
1762	
7	
27	
710	
5	
23	
2316	
9	
3	
3	
217	
116	
84	
625	
5	
10	
155	
1292	
27	
162	
777	
539	
1	
28	
5	
3	
1	
237	
5	
23	
3	
69	
1	
333	
11	
1234	
6	
259	
712	
15	
9	
1	
2773	
3	
5	
117	
1	
25	
6262	
1464	
37	
3	
2488	
3	
38	
77	
3	
639	
952	
7	
2142	
1128	
852	
10	
975	
6881	
1033	
429	
719	
19	
1066	
1713	
10	
60	
566	
2032	
29	
348	
11	
3	
446	
134	
1	
1604	
715	
105	
294	
9900	
2664	
170	
33	
4889	
11	
1499	
2954	
14	
5	
50	
9	
8	
5	
9305	
192	
60	
10	
12	
2156	
115	
14	
5	
22	
5056	
3	
1	
63	
5	
23	
442	
766	
110	
55	
407	
8	
2977	
703	
883	
6	
367	
3094	
15	
833	
340	
1	
1794	
628	
5	
2245	
10	
1247	
2470	
4196	
3	
10	
4207	
15	
102	
3541	
31	
27	
3827	
212	
405	
25	
4667	
204	
235	
3	
6	
63	
40	
3	
31	
3	
66	
2334	
1132	
7013	
6	
1	
5	
396	
1357	
1	
15	
275	
420	
502	
4253	
1610	
1509	
9	
19	
