575	
3285	
6	
276	
9	
425	
98	
5	
3	
25	
25	
461	
70	
229	
2270	
10	
24	
4336	
58	
474	
16	
241	
337	
1	
210	
46	
466	
3307	
1454	
1177	
6871	
127	
622	
1	
4369	
41	
453	
103	
1	
278	
751	
21	
1	
2918	
874	
38	
1	
1137	
1705	
185	
16	
24	
8	
3931	
8	
500	
407	
27	
24	
205	
82	
13	
25	
9	
1055	
49	
7	
674	
1326	
6	
662	
18	
284	
22	
7481	
532	
7	
8	
42	
55	
1008	
43	
4274	
8	
550	
19	
188	
51	
661	
65	
54	
1093	
1838	
251	
127	
186	
27	
12	
1	
4298	
243	
90	
26	
203	
6	
1	
1169	
65	
1	
103	
98	
1	
1618	
55	
605	
3949	
1	
9082	
49	
3549	
993	
3	
13	
14	
5	
50	
3	
1	
283	
9	
8	
1703	
1	
7719	
23	
3	
6801	
33	
8	
8976	
3182	
32	
3	
112	
8	
7	
14	
5	
23	
2136	
12	
9	
1	
100	
500	
420	
120	
5	
5	
3	
1	
76	
3212	
3	
1045	
11	
713	
76	
28	
4636	
60	
36	
60	
34	
10	
143	
1091	
8	
1387	
45	
831	
3047	
3	
13	
1263	
343	
18	
1	
1	
220	
1	
189	
9046	
6018	
1	
1089	
1	
106	
8	
569	
480	
1211	
5	
23	
144	
271	
637	
887	
413	
5718	
45	
12	
2071	
232	
3362	
9815	
21	
1552	
503	
47	
523	
311	
23	
38	
914	
43	
282	
3	
25	
7848	
2795	
616	
2228	
25	
643	
5095	
6	
146	
14	
5	
6	
410	
74	
270	
1275	
212	
4284	
1223	
7	
218	
905	
8012	
74	
69	
2401	
19	
553	
8	
64	
1739	
45	
219	
16	
10	
1913	
162	
711	
68	
112	
827	
7	
1189	
6	
533	
23	
27	
3929	
543	
4954	
141	
23	
6	
1	
617	
1	
2820	
1495	
1393	
15	
162	
67	
17	
47	
1	
55	
4110	
104	
3057	
40	
14	
483	
5230	
5	
3	
9376	
13	
31	
10	
564	
5	
9	
1	
256	
5	
15	
75	
18	
1142	
1	
9192	
1	
878	
73	
285	
16	
642	
10	
2182	
600	
1	
446	
7	
3032	
3	
7	
1472	
39	
637	
7	
1709	
1046	
186	
1	
8241	
277	
4326	
22	
1	
37	
39	
458	
15	
2450	
8	
1440	
297	
2205	
70	
35	
416	
170	
1852	
3	
31	
115	
7	
3763	
289	
610	
1717	
8	
11	
267	
21	
567	
4303	
174	
329	
3103	
3	
8	
114	
3	
1	
232	
79	
595	
138	
3	
135	
7	
29	
91	
13	
1	
1303	
8	
2705	
589	
7415	
244	
13	
1223	
110	
399	
76	
5136	
41	
350	
212	
6	
293	
5	
79	
12	
344	
28	
295	
976	
1560	
3	
307	
76	
1142	
72	
2259	
6018	
24	
9	
33	
1580	
173	
3933	
273	
17	
7	
8	
729	
68	
15	
1	
1804	
302	
2131	
36	
542	
54	
1	
817	
111	
118	
36	
27	
1	
763	
3	
56	
1390	
1058	
1	
766	
806	
12	
5860	
65	
6177	
305	
1011	
4464	
6162	
2637	
5	
396	
18	
310	
8182	
12	
3	
152	
18	
18	
8061	
272	
10	
100	
85	
6502	
3	
3	
1661	
9228	
54	
1728	
1	
6723	
91	
21	
517	
1	
1788	
7	
436	
302	
242	
8	
9687	
729	
1	
8364	
2212	
48	
2109	
3	
9014	
3	
2580	
58	
394	
80	
92	
2075	
1	
148	
2045	
1	
63	
31	
3317	
976	
22	
14	
782	
3	
360	
2076	
2371	
6990	
394	
49	
649	
2434	
3	
66	
768	
301	
648	
3261	
1274	
165	
4242	
1605	
333	
10	
408	
124	
1487	
1522	
3689	
23	
3	
3541	
5060	
1525	
7	
3004	
24	
2690	
88	
359	
1992	
2557	
56	
1175	
80	
5457	
478	
8	
64	
1098	
3661	
236	
616	
8	
2650	
696	
230	
512	
108	
26	
16	
1	
1015	
14	
5	
129	
17	
3	
200	
2504	
619	
28	
4323	
93	
2235	
23	
1	
39	
11	
83	
679	
16	
3	
2463	
1574	
313	
82	
4928	
795	
2540	
64	
3	
9	
625	
474	
6226	
3	
170	
3552	
2119	
1	
3691	
6	
18	
5375	
13	
1446	
41	
3	
282	
137	
1374	
9	
1	
238	
233	
9	
2750	
2392	
2175	
238	
502	
9359	
38	
44	
499	
58	
564	
1	
617	
970	
946	
43	
174	
997	
3	
16	
295	
855	
18	
701	
8	
2561	
6	
1	
102	
3	
573	
51	
177	
1564	
67	
127	
1134	
9	
16	
54	
5	
69	
17	
23	
52	
179	
1	
5375	
41	
42	
33	
616	
4271	
8	
64	
168	
12	
610	
107	
136	
924	
6	
14	
10	
10	
12	
35	
8	
6362	
633	
73	
10	
266	
170	
389	
5104	
7358	
13	
399	
704	
1	
1390	
5517	
24	
1	
938	
118	
258	
8	
659	
3	
349	
5	
6	
6932	
2573	
8	
5007	
20	
1	
4867	
6	
9200	
10	
2492	
15	
1789	
103	
31	
21	
89	
8	
64	
10	
1	
577	
32	
887	
24	
2163	
36	
3	
2507	
1467	
949	
3248	
108	
4178	
10	
7804	
7103	
9	
1	
3394	
3	
332	
15	
5	
3045	
24	
54	
159	
147	
453	
594	
20	
24	
4322	
7720	
10	
939	
10	
123	
600	
5234	
1	
55	
5	
485	
203	
11	
14	
40	
425	
113	
2253	
8847	
4289	
10	
41	
781	
28	
1	
266	
58	
2230	
67	
10	
47	
1107	
1498	
627	
1668	
4417	
62	
340	
709	
7	
5	
5	
68	
9	
1	
3758	
26	
40	
10	
1	
301	
4867	
5249	
19	
1	
4186	
6	
1564	
221	
12	
5562	
64	
224	
2403	
1	
6	
13	
7	
1	
1238	
77	
14	
4926	
297	
1184	
6143	
4429	
10	
6	
129	
13	
3	
16	
3730	
1	
45	
9374	
3667	
305	
5660	
116	
7218	
1937	
1297	
2694	
997	
7	
2324	
968	
537	
108	
1	
260	
3	
1	
333	
1491	
764	
3323	
3	
1	
1094	
1391	
148	
295	
16	
265	
38	
6	
1	
4113	
37	
357	
383	
22	
546	
393	
16	
3	
124	
1375	
43	
5	
2271	
99	
3	
3	
9	
669	
792	
33	
27	
657	
1831	
613	
68	
963	
34	
2883	
765	
179	
20	
5	
6553	
3192	
1	
3	
1554	
87	
838	
1662	
25	
6	
3694	
67	
89	
6589	
42	
2922	
1	
7704	
6	
518	
123	
6	
142	
7648	
43	
1395	
136	
506	
41	
1034	
59	
3	
7	
10	
21	
8	
3	
216	
63	
13	
621	
1	
364	
10	
2567	
19	
109	
287	
