15	
1382	
23	
9	
33	
109	
204	
3	
1	
1234	
9	
1	
35	
12	
1	
5339	
159	
11	
3079	
514	
267	
96	
12	
7	
3	
34	
6	
54	
6173	
468	
760	
1457	
7	
1969	
3	
2892	
224	
7	
33	
22	
678	
1057	
4680	
1	
1774	
1005	
9	
708	
118	
151	
25	
9510	
13	
1051	
51	
1115	
3	
1	
5402	
85	
28	
104	
1693	
8	
4550	
1730	
492	
312	
2310	
354	
3550	
203	
360	
103	
62	
128	
5	
23	
9	
1281	
645	
339	
1345	
3757	
492	
114	
9	
116	
6	
392	
3	
130	
1221	
8312	
6739	
10	
225	
4944	
4210	
2063	
52	
518	
8	
412	
16	
3	
398	
5	
23	
6880	
1	
106	
45	
18	
1634	
9063	
167	
126	
20	
9	
1710	
526	
65	
400	
78	
3	
245	
662	
51	
642	
118	
7	
185	
141	
11	
468	
44	
671	
3	
1	
1041	
9	
1	
275	
23	
10	
4647	
1218	
684	
1	
964	
1176	
8	
787	
132	
6	
23	
169	
183	
32	
3330	
7525	
398	
1103	
5	
7	
538	
1325	
233	
6	
4491	
30	
6	
51	
1561	
1	
3321	
7222	
11	
1	
6750	
3318	
260	
5933	
8	
382	
1	
3427	
1	
3912	
8	
5	
128	
1750	
47	
3	
31	
67	
3055	
6	
56	
513	
173	
7554	
71	
6	
183	
25	
103	
213	
62	
3	
4238	
1	
55	
1810	
1820	
63	
6	
650	
2700	
6	
44	
53	
598	
487	
6	
289	
202	
5	
23	
3	
3	
56	
23	
1791	
511	
2746	
92	
20	
7	
960	
2215	
58	
27	
225	
33	
421	
1731	
489	
3	
1	
854	
171	
290	
6	
5813	
12	
175	
268	
376	
15	
55	
1	
13	
1	
573	
1426	
16	
52	
88	
370	
3	
2382	
1570	
3	
6	
5	
665	
129	
8	
1282	
1255	
2946	
1	
3254	
26	
440	
799	
6	
8	
92	
57	
33	
7819	
366	
889	
8130	
2043	
11	
713	
9	
1125	
8	
2717	
10	
8	
125	
1822	
16	
351	
7	
27	
694	
4194	
127	
134	
9426	
57	
585	
36	
231	
3	
1930	
549	
3	
25	
2181	
27	
1	
3477	
33	
9	
8	
1	
4308	
1716	
626	
919	
57	
892	
544	
1595	
2139	
1844	
1328	
203	
5	
160	
5	
3	
1	
1845	
11	
16	
1	
1569	
377	
5782	
247	
2663	
5044	
1862	
735	
21	
610	
49	
7	
3293	
439	
609	
64	
1096	
21	
764	
1	
1062	
1	
5	
289	
42	
129	
41	
29	
12	
47	
33	
8	
37	
143	
12	
44	
12	
31	
44	
228	
806	
2665	
130	
5	
173	
100	
701	
1270	
83	
39	
7901	
6	
1	
39	
109	
1287	
13	
1	
571	
5251	
8	
3	
1	
37	
94	
462	
1	
226	
30	
3505	
2841	
949	
970	
9	
64	
3	
30	
5423	
240	
355	
496	
42	
729	
4071	
284	
44	
45	
5	
5	
172	
6454	
57	
1	
5136	
83	
6	
14	
63	
805	
90	
187	
278	
3	
69	
4676	
1156	
3	
14	
156	
933	
349	
2737	
24	
10	
934	
2324	
1699	
8	
800	
3678	
61	
198	
3412	
50	
1400	
25	
4153	
37	
22	
11	
127	
1565	
1738	
3083	
14	
5	
1552	
43	
105	
481	
5530	
6609	
12	
1	
6534	
505	
359	
16	
11	
336	
426	
2633	
853	
613	
6199	
635	
1115	
146	
374	
2563	
3	
207	
19	
3371	
8	
1208	
11	
9	
8	
9612	
5	
1643	
366	
1148	
10	
29	
49	
984	
270	
1098	
529	
58	
1993	
186	
10	
3134	
40	
16	
658	
5241	
1	
5	
1	
38	
14	
8	
24	
16	
26	
34	
8618	
297	
4088	
786	
1	
634	
712	
2685	
1	
141	
1	
9365	
23	
486	
836	
56	
40	
1289	
15	
7	
3967	
4111	
436	
9	
1447	
869	
1792	
7	
3516	
10	
68	
378	
2494	
1	
596	
435	
1	
991	
728	
156	
11	
143	
1089	
11	
73	
38	
720	
25	
38	
5462	
483	
388	
10	
63	
8	
1477	
12	
575	
3068	
18	
332	
134	
674	
109	
3	
7	
19	
5	
3	
1	
117	
31	
22	
1181	
503	
201	
1069	
174	
731	
499	
43	
678	
256	
216	
119	
7	
367	
1	
187	
2817	
34	
2126	
3435	
3382	
5365	
2243	
6	
231	
11	
415	
456	
25	
1798	
9284	
10	
1	
2305	
8	
5	
50	
3	
1788	
115	
2436	
3	
126	
1	
25	
1429	
8	
7	
659	
1259	
5	
5	
38	
50	
15	
1543	
2025	
689	
1	
9435	
37	
857	
1570	
752	
8052	
49	
1	
190	
5040	
428	
1480	
1321	
49	
336	
110	
4673	
5	
5801	
17	
479	
4727	
2737	
154	
1839	
7363	
1	
969	
3486	
11	
267	
2016	
5350	
187	
8	
229	
12	
118	
3391	
2049	
1	
6	
17	
515	
1956	
23	
468	
411	
9	
1	
394	
1403	
5	
422	
1023	
748	
4038	
10	
3394	
216	
4648	
5	
5	
18	
1	
1181	
183	
333	
7415	
61	
3	
2538	
3468	
241	
392	
188	
4815	
3576	
31	
101	
498	
13	
134	
818	
26	
1901	
9	
1	
9915	
2788	
34	
1142	
3	
673	
7	
3250	
8	
98	
10	
1	
8619	
57	
165	
23	
6	
21	
27	
485	
50	
24	
6094	
467	
2540	
264	
1120	
6406	
4301	
26	
1	
72	
26	
5	
23	
743	
3750	
9	
52	
169	
6	
3365	
3364	
11	
38	
1042	
3130	
6	
41	
2547	
83	
4718	
195	
5	
322	
985	
367	
35	
20	
6566	
7	
849	
55	
6	
995	
8	
42	
1378	
14	
1	
1427	
102	
18	
626	
6	
41	
414	
30	
5	
1310	
5	
47	
9456	
96	
1	
8	
64	
417	
10	
494	
7	
27	
3840	
1	
3691	
1	
1717	
200	
843	
14	
5	
50	
1058	
1249	
598	
356	
30	
1622	
45	
130	
6	
1	
62	
7	
475	
24	
3	
18	
37	
1247	
8484	
60	
13	
437	
18	
29	
6	
1	
1067	
66	
46	
24	
8	
3290	
125	
7	
7383	
36	
687	
184	
7	
1	
453	
1	
73	
692	
4025	
1281	
7	
899	
1174	
27	
3	
146	
1	
2683	
398	
54	
3	
657	
9018	
3	
9058	
34	
27	
126	
24	
3	
63	
342	
7	
5	
64	
32	
13	
1	
4657	
1	
309	
14	
5	
280	
3153	
12	
1169	
4965	
3	
33	
12	
987	
153	
23	
72	
3	
9	
1434	
1	
1650	
55	
10	
8	
867	
52	
7	
5	
6345	
1	
1482	
4154	
33	
471	
569	
4012	
117	
15	
373	
7196	
48	
3	
