1525	
332	
136	
14	
5	
6242	
81	
10	
10	
1347	
7	
5083	
6	
7	
4074	
4700	
1	
102	
2888	
662	
398	
35	
97	
1	
9209	
9	
1	
139	
1	
100	
382	
288	
183	
5446	
1089	
516	
70	
396	
912	
8019	
51	
332	
1449	
24	
7578	
31	
1	
37	
35	
1219	
18	
901	
412	
166	
2403	
440	
9	
1086	
6	
13	
98	
1214	
36	
560	
3	
1	
412	
2041	
983	
2054	
492	
10	
12	
281	
43	
1099	
130	
265	
2538	
485	
1057	
80	
36	
14	
20	
6045	
3373	
1087	
387	
56	
20	
1	
4739	
5	
23	
228	
1	
2587	
3	
284	
12	
1059	
606	
3	
168	
1921	
327	
1394	
3	
8381	
5	
5	
7	
727	
6	
103	
12	
1	
706	
697	
6	
1	
334	
845	
54	
9	
1	
3362	
1144	
6	
8	
8530	
3853	
1872	
252	
116	
8	
35	
80	
5	
112	
510	
1851	
1458	
4463	
443	
3667	
1933	
1118	
111	
1326	
5	
23	
10	
5757	
728	
25	
954	
147	
25	
357	
8	
7528	
97	
3	
1268	
2074	
6	
2876	
26	
4653	
38	
1424	
270	
204	
9	
313	
1988	
9	
8	
896	
3428	
104	
358	
98	
34	
1216	
86	
5	
6	
310	
1	
223	
498	
6647	
5	
3340	
7	
4854	
7	
87	
1417	
1045	
38	
30	
46	
371	
606	
7	
27	
439	
52	
244	
14	
5	
217	
80	
36	
456	
131	
1792	
125	
43	
1973	
3290	
103	
62	
931	
1	
521	
6	
5	
2648	
1242	
1145	
1107	
631	
748	
14	
325	
294	
72	
20	
478	
6	
1	
6968	
230	
4101	
2422	
7	
870	
5	
21	
6941	
11	
17	
1	
2941	
537	
8	
78	
5093	
167	
7669	
296	
1	
8	
477	
87	
3	
31	
2144	
1401	
1909	
4317	
30	
7	
9	
2514	
3	
66	
5010	
1346	
2717	
7	
380	
36	
9	
8	
3	
31	
24	
949	
71	
8250	
560	
309	
7150	
1384	
41	
964	
6511	
991	
9100	
58	
8	
64	
8	
1114	
613	
3	
249	
12	
83	
245	
102	
7555	
309	
9	
626	
447	
1498	
5	
20	
4931	
232	
4704	
715	
5	
7	
1	
467	
755	
1702	
38	
6	
7026	
3032	
908	
58	
1	
504	
111	
145	
41	
80	
30	
3486	
3542	
1685	
4663	
1472	
192	
28	
14	
5	
23	
122	
195	
612	
47	
1143	
1105	
2341	
6	
1	
945	
186	
11	
51	
3	
8	
223	
47	
1108	
26	
1179	
20	
29	
2309	
172	
76	
653	
193	
1432	
9386	
3	
9	
53	
34	
3	
5	
5	
7	
331	
45	
5	
3	
4144	
507	
7	
5	
5	
6	
5015	
873	
76	
10	
25	
8350	
696	
240	
945	
88	
3241	
1632	
54	
74	
74	
9481	
1029	
23	
592	
3	
213	
4449	
5694	
407	
716	
707	
136	
459	
1983	
1446	
475	
8	
404	
71	
227	
9210	
1489	
10	
140	
214	
10	
4636	
659	
7	
27	
3279	
9539	
1107	
2183	
2933	
1	
6953	
307	
56	
3	
1282	
4029	
1741	
23	
415	
1	
7	
8	
237	
9634	
6	
1004	
11	
4226	
3510	
4841	
3558	
6757	
913	
544	
822	
3033	
92	
548	
6	
3068	
52	
77	
8405	
7675	
404	
12	
2139	
425	
2421	
28	
1	
37	
4786	
105	
125	
9136	
51	
95	
1	
3702	
1	
238	
111	
153	
5	
5	
22	
3453	
110	
1333	
17	
1	
381	
17	
3	
575	
7839	
147	
2065	
43	
14	
5	
23	
134	
1910	
340	
168	
2227	
1	
761	
3	
8561	
985	
10	
16	
15	
132	
309	
3	
1	
1364	
5931	
748	
993	
1182	
9	
3417	
7	
2466	
21	
591	
478	
4127	
62	
10	
154	
571	
794	
3	
405	
161	
3489	
899	
55	
1140	
8	
1603	
68	
820	
4165	
94	
26	
1355	
204	
5100	
9	
15	
18	
9014	
7263	
53	
31	
41	
12	
3	
1	
741	
6654	
5122	
5	
37	
8	
1	
57	
6559	
7	
87	
3	
9	
1	
220	
29	
52	
1861	
8472	
6794	
10	
66	
22	
364	
1553	
102	
27	
1006	
145	
67	
13	
3	
90	
8372	
951	
288	
5200	
763	
31	
554	
5	
451	
944	
261	
176	
23	
1858	
668	
23	
9	
1	
1875	
1372	
13	
449	
8776	
3866	
8	
962	
9225	
2325	
6	
8	
762	
52	
19	
2762	
2403	
176	
206	
3	
134	
6954	
130	
646	
770	
6	
3	
180	
122	
1	
1246	
3	
5	
50	
3	
104	
1899	
3	
9	
9	
7	
377	
23	
1	
3203	
33	
1583	
38	
1	
296	
26	
628	
275	
220	
1081	
565	
40	
4161	
16	
8	
689	
20	
15	
7	
1114	
18	
1	
143	
9	
3725	
28	
638	
2469	
9681	
995	
41	
3027	
7508	
34	
27	
77	
9747	
5	
20	
1	
157	
61	
1616	
9633	
481	
11	
1	
1179	
53	
263	
33	
5767	
165	
45	
254	
3280	
3	
9	
8	
37	
94	
93	
15	
373	
184	
10	
535	
661	
7	
53	
434	
261	
85	
132	
3	
56	
3	
227	
36	
1140	
119	
457	
1	
71	
772	
5	
23	
6	
1	
8957	
5550	
1	
621	
3458	
1	
9	
17	
3	
694	
5	
6	
6046	
1240	
23	
12	
1	
258	
8	
17	
9271	
1408	
10	
1258	
3	
7	
380	
9214	
21	
7	
211	
4359	
950	
128	
2119	
76	
159	
3	
1948	
6	
6941	
172	
1256	
137	
8489	
241	
4241	
293	
1	
266	
160	
137	
235	
601	
35	
164	
3974	
1679	
351	
1906	
11	
2442	
10	
3693	
1941	
8138	
5	
7	
1	
331	
3550	
5533	
79	
1	
1179	
349	
1	
6586	
21	
801	
8217	
998	
61	
481	
2399	
2328	
5440	
1498	
161	
59	
373	
37	
129	
9	
9548	
241	
1441	
1185	
39	
7	
262	
69	
121	
75	
53	
665	
2404	
2864	
13	
134	
13	
16	
15	
694	
888	
1560	
5	
135	
1	
76	
3294	
1553	
2538	
1	
5	
5	
5	
531	
6	
1	
4101	
398	
982	
1316	
4530	
878	
1677	
757	
1319	
443	
6	
5884	
233	
421	
23	
10	
2830	
2572	
36	
6932	
11	
331	
3944	
20	
7816	
1008	
367	
127	
19	
1	
4245	
8190	
333	
72	
3976	
5	
4637	
1567	
488	
10	
422	
49	
9	
95	
3	
207	
66	
1	
336	
1	
8119	
24	
146	
1	
921	
63	
1023	
3003	
8	
265	
39	
1008	
100	
113	
2362	
10	
2380	
726	
6	
905	
1	
1193	
496	
1280	
3299	
701	
55	
469	
6	
4375	
7086	
34	
3	
21	
6	
1	
35	
9	
