3	
71	
167	
343	
27	
8	
42	
135	
194	
93	
11	
500	
10	
99	
195	
24	
361	
38	
552	
440	
198	
19	
5	
7	
388	
1	
424	
410	
3	
9	
12	
30	
56	
959	
24	
8	
345	
55	
6	
144	
5	
3	
31	
96	
1	
280	
3	
8	
263	
74	
298	
583	
390	
50	
31	
61	
34	
295	
8	
37	
94	
25	
111	
3	
31	
24	
54	
22	
1	
469	
33	
423	
6	
993	
61	
81	
27	
1	
415	
3	
1	
62	
49	
3	
9	
1	
71	
42	
14	
5	
50	
9	
1	
449	
460	
727	
10	
119	
1	
314	
229	
3	
56	
447	
60	
548	
81	
1	
105	
351	
9	
490	
7	
839	
292	
21	
946	
250	
48	
872	
375	
3	
75	
949	
27	
544	
27	
51	
457	
11	
235	
345	
1	
346	
5	
6	
83	
6	
14	
5	
50	
38	
206	
5	
32	
295	
5	
5	
3	
397	
416	
327	
3	
126	
9	
37	
94	
214	
248	
203	
6	
522	
382	
25	
716	
12	
8	
42	
197	
10	
51	
336	
6	
1	
284	
7	
62	
49	
781	
9	
417	
14	
5	
23	
911	
49	
555	
24	
63	
94	
9	
250	
11	
12	
26	
7	
870	
287	
683	
9	
8	
5	
5	
9	
313	
1	
300	
3	
166	
82	
222	
377	
39	
31	
68	
40	
625	
203	
7	
140	
26	
10	
73	
262	
3	
10	
591	
281	
1	
39	
5	
7	
14	
5	
23	
13	
334	
121	
280	
7	
389	
22	
1	
39	
17	
12	
381	
8	
64	
13	
152	
9	
269	
10	
346	
456	
16	
26	
14	
24	
8	
353	
383	
769	
15	
152	
257	
656	
87	
573	
48	
54	
69	
28	
326	
7	
631	
156	
33	
333	
18	
29	
664	
7	
21	
831	
39	
83	
115	
232	
259	
144	
158	
20	
1	
39	
17	
30	
408	
522	
49	
203	
6	
370	
5	
23	
3	
300	
3	
13	
630	
1	
77	
494	
3	
69	
25	
287	
11	
105	
317	
351	
5	
3	
9	
669	
12	
59	
14	
5	
23	
22	
14	
5	
23	
9	
1	
798	
41	
42	
11	
49	
131	
827	
194	
504	
890	
381	
353	
76	
653	
588	
10	
1	
168	
8	
513	
75	
1	
391	
492	
629	
268	
36	
916	
25	
24	
52	
1	
498	
10	
822	
119	
122	
395	
156	
7	
14	
5	
23	
9	
143	
55	
128	
633	
810	
1	
449	
1	
502	
16	
61	
1	
332	
374	
608	
3	
31	
41	
42	
1	
39	
3	
987	
658	
64	
212	
46	
103	
334	
171	
18	
384	
3	
369	
367	
57	
1	
220	
10	
63	
774	
176	
42	
10	
199	
159	
1	
858	
74	
197	
30	
32	
52	
1	
299	
348	
467	
227	
261	
3	
685	
775	
16	
3	
850	
116	
165	
3	
1	
193	
3	
18	
485	
297	
40	
279	
121	
5	
5	
9	
521	
108	
743	
15	
11	
323	
502	
19	
603	
185	
14	
5	
23	
38	
14	
5	
50	
6	
606	
1	
331	
915	
10	
262	
7	
201	
41	
170	
24	
14	
5	
50	
6	
269	
213	
29	
62	
3	
61	
938	
122	
1	
287	
5	
959	
1	
344	
13	
41	
341	
560	
265	
562	
170	
377	
3	
1	
243	
3	
1	
615	
5	
8	
219	
103	
3	
1	
39	
11	
148	
15	
104	
90	
49	
9	
417	
42	
3	
9	
1	
63	
758	
106	
11	
569	
606	
552	
335	
37	
78	
7	
3	
114	
18	
301	
8	
228	
3	
1	
589	
3	
25	
258	
52	
455	
154	
6	
51	
44	
639	
10	
5	
58	
48	
54	
8	
64	
815	
835	
140	
24	
25	
296	
32	
60	
1	
110	
484	
66	
8	
170	
10	
663	
126	
481	
617	
186	
796	
64	
3	
40	
44	
74	
13	
116	
66	
324	
102	
15	
8	
8	
637	
451	
6	
621	
725	
8	
42	
3	
8	
234	
367	
93	
3	
31	
45	
5	
5	
18	
43	
20	
638	
3	
31	
209	
571	
9	
1	
816	
436	
215	
15	
544	
7	
14	
5	
23	
3	
1	
305	
239	
7	
667	
65	
6	
816	
5	
110	
31	
96	
1	
226	
292	
41	
63	
224	
989	
12	
11	
75	
143	
57	
3	
720	
867	
5	
5	
5	
495	
577	
13	
269	
48	
107	
292	
5	
5	
883	
180	
1	
810	
125	
142	
110	
1	
137	
1	
39	
10	
558	
5	
50	
15	
215	
90	
8	
431	
8	
263	
30	
46	
12	
457	
35	
126	
203	
29	
223	
535	
6	
85	
3	
343	
33	
849	
3	
1	
761	
1	
117	
790	
10	
28	
80	
74	
63	
103	
1	
83	
6	
1	
92	
6	
130	
426	
10	
343	
10	
154	
156	
163	
9	
1	
111	
29	
667	
1	
55	
7	
27	
31	
369	
1	
37	
94	
62	
35	
838	
84	
97	
21	
975	
753	
1	
416	
8	
5	
5	
7	
14	
5	
23	
38	
14	
5	
259	
931	
6	
14	
945	
6	
1	
199	
224	
12	
48	
34	
27	
6	
5	
5	
5	
706	
11	
294	
37	
94	
62	
113	
432	
78	
5	
219	
18	
427	
30	
286	
171	
1	
177	
13	
695	
81	
42	
204	
6	
152	
107	
8	
688	
28	
149	
18	
384	
1	
155	
654	
884	
8	
266	
188	
83	
475	
679	
495	
77	
3	
706	
9	
170	
704	
109	
164	
5	
245	
1	
294	
6	
1	
753	
190	
354	
259	
263	
121	
744	
236	
3	
19	
1	
258	
9	
183	
1	
697	
48	
379	
324	
30	
7	
89	
8	
37	
94	
62	
443	
13	
100	
3	
59	
177	
13	
45	
70	
579	
422	
767	
277	
102	
42	
3	
31	
41	
17	
3	
663	
45	
885	
7	
388	
22	
568	
5	
50	
6	
548	
7	
5	
5	
257	
712	
25	
3	
56	
5	
7	
5	
5	
18	
26	
130	
55	
299	
58	
101	
10	
58	
3	
294	
91	
89	
107	
292	
41	
15	
7	
1	
882	
374	
19	
106	
12	
380	
8	
939	
6	
14	
5	
5	
56	
6	
731	
33	
323	
141	
201	
8	
105	
24	
8	
738	
285	
42	
11	
537	
1	
228	
9	
327	
488	
213	
640	
750	
5	
5	
30	
455	
8	
434	
1	
3	
1	
77	
347	
