38	
40	
5	
5	
134	
382	
138	
6	
1	
772	
279	
15	
249	
26	
225	
381	
485	
570	
8	
5	
630	
10	
225	
13	
45	
5	
7	
211	
165	
414	
1	
854	
336	
415	
3	
31	
122	
1	
462	
143	
192	
82	
5	
6	
1	
77	
27	
585	
15	
32	
377	
59	
6	
1	
195	
13	
9	
1	
657	
19	
14	
8	
42	
135	
3	
1	
102	
718	
61	
26	
1	
355	
6	
1	
62	
1	
309	
176	
404	
459	
202	
21	
1	
39	
11	
5	
70	
26	
8	
711	
70	
149	
29	
321	
9	
583	
245	
62	
49	
46	
82	
486	
8	
43	
52	
389	
95	
436	
236	
3	
46	
14	
5	
5	
109	
3	
501	
6	
5	
10	
957	
131	
25	
672	
557	
6	
41	
105	
11	
5	
50	
3	
146	
1	
3	
16	
11	
222	
3	
25	
6	
141	
7	
54	
5	
5	
252	
185	
392	
1	
130	
644	
1	
92	
246	
919	
11	
8	
23	
13	
1	
7	
140	
116	
20	
59	
21	
156	
55	
49	
122	
551	
1	
505	
1	
49	
169	
9	
1	
226	
34	
12	
1	
499	
3	
70	
44	
184	
990	
708	
7	
74	
3	
40	
387	
10	
737	
5	
600	
740	
149	
27	
18	
49	
15	
61	
66	
161	
3	
1	
62	
113	
746	
7	
5	
22	
1	
404	
5	
50	
3	
327	
24	
1	
768	
242	
30	
1	
777	
756	
189	
433	
102	
5	
7	
62	
192	
93	
25	
44	
211	
61	
126	
1	
910	
111	
48	
903	
130	
70	
538	
7	
497	
8	
382	
1	
39	
11	
274	
30	
17	
30	
26	
3	
25	
258	
818	
1	
223	
6	
5	
80	
41	
15	
300	
179	
14	
5	
342	
5	
396	
3	
237	
36	
182	
7	
232	
70	
52	
144	
43	
52	
59	
96	
3	
1	
39	
659	
1	
770	
64	
3	
16	
923	
476	
8	
909	
74	
603	
1	
238	
164	
198	
27	
398	
283	
15	
8	
447	
3	
487	
537	
135	
24	
1	
565	
40	
28	
240	
12	
90	
21	
40	
668	
7	
700	
59	
131	
527	
72	
38	
393	
215	
151	
13	
20	
45	
5	
23	
13	
1	
117	
52	
8	
117	
3	
71	
125	
197	
1	
100	
130	
17	
1	
459	
7	
318	
3	
10	
1	
5	
5	
6	
1	
110	
618	
415	
26	
8	
323	
10	
26	
5	
23	
38	
14	
5	
7	
389	
3	
1	
424	
717	
83	
36	
104	
827	
10	
5	
5	
3	
9	
75	
1	
55	
3	
1	
106	
8	
443	
5	
9	
8	
5	
22	
33	
79	
40	
52	
8	
705	
965	
67	
16	
52	
3	
40	
35	
61	
208	
3	
799	
236	
88	
187	
9	
399	
1	
294	
8	
170	
16	
11	
505	
9	
8	
263	
423	
797	
5	
23	
72	
205	
5	
9	
528	
257	
171	
1	
909	
1	
355	
374	
12	
25	
97	
35	
140	
145	
55	
753	
61	
67	
8	
64	
82	
13	
1	
39	
10	
141	
28	
96	
19	
1	
127	
144	
6	
77	
74	
1	
500	
11	
416	
98	
496	
85	
28	
242	
9	
5	
5	
5	
23	
6	
1	
102	
214	
30	
797	
588	
8	
37	
94	
7	
27	
18	
1	
192	
52	
60	
464	
15	
454	
61	
17	
16	
52	
25	
48	
744	
5	
5	
8	
302	
17	
16	
7	
5	
10	
18	
1	
431	
9	
38	
47	
14	
5	
173	
234	
3	
1	
37	
252	
5	
23	
3	
1	
306	
21	
1	
88	
1	
303	
65	
373	
76	
12	
3	
1	
141	
100	
791	
32	
3	
92	
1	
155	
148	
29	
64	
6	
183	
173	
333	
317	
6	
57	
278	
8	
794	
11	
703	
377	
1	
76	
273	
21	
11	
133	
581	
6	
14	
5	
370	
15	
207	
5	
6	
137	
422	
8	
394	
1	
814	
803	
6	
201	
323	
8	
139	
105	
9	
11	
593	
100	
402	
10	
558	
61	
417	
16	
95	
17	
16	
1	
55	
310	
3	
18	
427	
342	
3	
1	
42	
3	
351	
35	
27	
33	
198	
16	
79	
856	
7	
853	
653	
19	
506	
22	
8	
42	
157	
73	
3	
756	
55	
411	
134	
3	
9	
293	
9	
8	
170	
6	
130	
67	
346	
31	
17	
1	
732	
201	
7	
335	
3	
1	
105	
7	
472	
33	
7	
5	
23	
10	
63	
9	
1	
760	
6	
62	
113	
10	
577	
13	
301	
142	
33	
1	
520	
96	
85	
11	
72	
15	
65	
33	
135	
3	
202	
10	
338	
82	
23	
6	
8	
287	
13	
14	
5	
5	
5	
5	
130	
426	
7	
84	
131	
22	
11	
3	
189	
56	
47	
377	
3	
25	
488	
20	
1	
855	
33	
10	
1	
55	
224	
22	
29	
182	
5	
959	
93	
1	
309	
19	
212	
5	
5	
217	
63	
6	
191	
3	
45	
16	
44	
60	
379	
441	
158	
78	
3	
41	
15	
12	
147	
557	
46	
292	
47	
6	
1	
508	
24	
1	
39	
3	
68	
649	
3	
1	
476	
600	
5	
5	
50	
3	
217	
32	
104	
35	
429	
827	
58	
71	
15	
5	
705	
206	
30	
56	
141	
51	
618	
118	
48	
364	
6	
75	
76	
390	
35	
429	
5	
50	
9	
63	
569	
363	
7	
870	
241	
142	
62	
211	
26	
995	
35	
6	
440	
602	
24	
8	
42	
938	
241	
1	
77	
53	
191	
10	
323	
919	
3	
1	
163	
35	
389	
122	
53	
765	
62	
113	
64	
11	
73	
6	
1	
39	
80	
1	
297	
469	
9	
1	
238	
565	
117	
5	
23	
702	
93	
207	
412	
10	
17	
29	
6	
14	
377	
979	
8	
64	
3	
13	
1	
5	
7	
33	
22	
1	
37	
304	
12	
16	
327	
1	
333	
813	
3	
1	
258	
10	
403	
19	
1	
306	
412	
6	
102	
164	
6	
1	
39	
11	
503	
11	
640	
750	
1	
14	
5	
50	
9	
547	
258	
11	
415	
239	
5	
102	
747	
130	
305	
267	
43	
15	
34	
978	
214	
26	
1	
55	
494	
439	
11	
72	
545	
11	
158	
81	
429	
3	
31	
3	
249	
213	
63	
13	
75	
48	
5	
5	
7	
654	
291	
5	
3	
19	
100	
10	
51	
793	
252	
