666	
981	
116	
30	
175	
73	
596	
3	
1	
305	
133	
261	
7	
1	
336	
59	
155	
692	
7	
14	
5	
23	
9	
515	
14	
5	
8	
36	
172	
15	
33	
678	
256	
281	
3	
70	
18	
284	
7	
1	
276	
78	
284	
43	
790	
94	
3	
107	
6	
322	
137	
120	
10	
300	
1	
187	
32	
60	
3	
487	
172	
3	
55	
100	
17	
3	
49	
177	
44	
36	
60	
34	
359	
7	
383	
6	
1	
62	
113	
3	
122	
962	
29	
278	
1	
177	
63	
19	
1	
361	
604	
153	
5	
635	
555	
3	
563	
423	
610	
15	
1	
141	
3	
37	
936	
158	
3	
41	
15	
548	
7	
1	
537	
51	
186	
3	
369	
8	
122	
16	
15	
216	
21	
642	
33	
142	
20	
181	
7	
257	
53	
196	
514	
87	
5	
7	
728	
22	
8	
255	
368	
10	
244	
1	
949	
1	
177	
8	
656	
160	
1	
559	
749	
7	
594	
354	
405	
5	
3	
13	
12	
26	
610	
1	
424	
10	
5	
5	
7	
14	
5	
50	
3	
25	
258	
20	
1	
884	
5	
6	
250	
310	
1	
49	
6	
440	
7	
5	
5	
3	
1	
448	
844	
22	
556	
592	
19	
533	
3	
168	
92	
401	
46	
56	
1	
391	
112	
79	
6	
8	
773	
167	
11	
340	
439	
3	
85	
36	
1	
464	
5	
975	
43	
28	
264	
3	
10	
40	
28	
308	
7	
1	
55	
158	
21	
1	
606	
800	
783	
94	
43	
81	
429	
73	
258	
10	
66	
35	
61	
748	
5	
92	
110	
3	
122	
85	
15	
153	
8	
179	
273	
121	
5	
7	
14	
5	
23	
3	
188	
1	
395	
41	
15	
483	
9	
1	
5	
5	
7	
5	
23	
22	
14	
5	
50	
256	
8	
169	
11	
968	
6	
43	
834	
54	
3	
30	
17	
99	
724	
484	
274	
5	
22	
189	
9	
490	
40	
28	
843	
310	
76	
22	
53	
196	
704	
405	
70	
36	
60	
491	
7	
89	
34	
578	
8	
5	
173	
957	
14	
5	
18	
8	
64	
21	
8	
13	
365	
29	
655	
144	
21	
5	
3	
437	
12	
306	
325	
30	
17	
3	
1	
111	
610	
33	
470	
630	
8	
14	
5	
23	
38	
184	
100	
132	
490	
9	
313	
220	
757	
3	
24	
37	
102	
623	
3	
153	
10	
59	
7	
5	
5	
9	
131	
3	
371	
5	
5	
462	
747	
106	
1	
183	
30	
206	
119	
12	
85	
3	
56	
1	
100	
903	
64	
3	
31	
187	
43	
689	
80	
25	
1	
905	
1	
569	
15	
42	
19	
8	
427	
689	
29	
408	
21	
40	
91	
8	
37	
94	
43	
3	
59	
949	
5	
70	
26	
5	
5	
7	
473	
52	
133	
611	
10	
47	
3	
51	
366	
17	
30	
408	
221	
755	
1	
39	
778	
430	
6	
47	
93	
27	
86	
5	
6	
1	
37	
325	
29	
10	
20	
34	
1	
840	
8	
1	
278	
111	
870	
42	
3	
70	
1	
158	
8	
473	
50	
80	
71	
42	
3	
9	
1	
39	
8	
131	
51	
10	
63	
645	
256	
17	
16	
26	
14	
5	
23	
3	
330	
8	
64	
212	
37	
94	
3	
856	
99	
527	
194	
6	
506	
344	
15	
215	
1	
92	
1	
486	
5	
6	
1	
314	
5	
216	
21	
25	
5	
6	
51	
23	
9	
960	
209	
74	
11	
248	
9	
8	
263	
7	
207	
628	
8	
177	
41	
42	
3	
1	
312	
84	
723	
21	
202	
47	
57	
5	
110	
28	
1	
383	
117	
218	
243	
9	
1	
344	
28	
660	
6	
1	
865	
50	
22	
14	
5	
23	
9	
370	
1	
183	
74	
653	
30	
17	
59	
105	
3	
31	
1	
100	
7	
429	
73	
58	
119	
241	
43	
35	
27	
491	
74	
3	
1	
39	
347	
252	
304	
708	
1	
166	
10	
12	
1	
37	
94	
1	
314	
117	
3	
31	
59	
913	
8	
37	
751	
3	
983	
7	
36	
161	
535	
10	
9	
235	
103	
3	
13	
247	
18	
235	
25	
70	
828	
512	
15	
978	
581	
45	
7	
535	
5	
5	
7	
5	
5	
3	
41	
15	
107	
12	
801	
480	
7	
27	
1	
238	
6	
14	
5	
23	
38	
3	
16	
120	
7	
439	
676	
7	
976	
11	
650	
8	
239	
577	
805	
10	
154	
14	
5	
23	
860	
26	
1	
400	
3	
25	
24	
8	
11	
144	
107	
292	
247	
21	
99	
53	
12	
6	
411	
303	
7	
401	
29	
84	
97	
17	
29	
471	
30	
286	
462	
3	
1	
39	
596	
101	
147	
242	
33	
6	
3	
38	
116	
90	
1	
142	
449	
15	
373	
249	
7	
27	
524	
34	
317	
50	
22	
568	
143	
66	
279	
10	
225	
1	
1	
71	
42	
198	
72	
646	
8	
42	
7	
49	
3	
30	
26	
544	
1	
858	
57	
14	
5	
5	
6	
8	
193	
11	
118	
7	
25	
258	
317	
1	
39	
11	
657	
12	
68	
260	
544	
85	
69	
1	
795	
846	
11	
310	
7	
439	
5	
9	
1	
959	
7	
388	
741	
21	
1	
63	
17	
175	
603	
18	
8	
64	
22	
1	
657	
7	
211	
3	
25	
1	
633	
1	
242	
255	
7	
5	
5	
7	
5	
5	
7	
5	
248	
490	
8	
431	
1	
72	
32	
641	
24	
845	
435	
556	
21	
203	
9	
1	
467	
1	
943	
6	
765	
1	
570	
10	
1	
757	
38	
45	
14	
5	
23	
22	
612	
120	
5	
17	
13	
1	
353	
517	
5	
8	
64	
120	
107	
11	
532	
7	
100	
19	
25	
13	
8	
581	
40	
5	
69	
229	
470	
75	
6	
1	
63	
467	
43	
30	
1	
528	
25	
1	
456	
41	
39	
3	
9	
5	
7	
380	
104	
66	
36	
7	
184	
138	
48	
65	
3	
540	
132	
37	
8	
626	
236	
70	
317	
3	
9	
390	
6	
51	
640	
8	
296	
3	
230	
33	
768	
202	
149	
159	
23	
176	
84	
341	
462	
37	
466	
1	
364	
12	
30	
32	
17	
3	
28	
8	
64	
22	
14	
5	
50	
3	
934	
1	
969	
345	
229	
7	
5	
23	
318	
1	
582	
6	
378	
233	
1	
275	
244	
8	
139	
