64	
49	
3	
297	
13	
53	
635	
603	
374	
56	
456	
1	
784	
775	
954	
237	
1	
334	
359	
16	
35	
140	
59	
14	
44	
45	
390	
3	
8	
581	
111	
324	
452	
77	
936	
6	
5	
72	
20	
33	
758	
10	
611	
9	
968	
20	
1	
5	
109	
51	
304	
7	
814	
10	
420	
9	
1	
797	
1	
55	
3	
735	
962	
25	
332	
147	
46	
1	
55	
221	
288	
81	
65	
520	
643	
807	
5	
50	
3	
10	
16	
35	
107	
85	
15	
493	
6	
1	
252	
590	
8	
64	
18	
16	
11	
592	
3	
157	
35	
895	
5	
5	
3	
1	
100	
216	
3	
12	
206	
911	
9	
43	
5	
5	
9	
313	
1	
797	
44	
895	
22	
1	
517	
6	
1	
551	
133	
13	
29	
222	
40	
5	
5	
120	
5	
23	
475	
195	
240	
8	
102	
209	
10	
277	
6	
1	
166	
32	
60	
223	
13	
215	
63	
3	
7	
27	
628	
13	
134	
167	
676	
105	
229	
1	
278	
7	
379	
29	
321	
10	
77	
945	
261	
245	
787	
25	
24	
159	
593	
39	
624	
85	
10	
1	
397	
851	
21	
250	
974	
297	
41	
236	
14	
113	
432	
5	
30	
35	
707	
35	
436	
174	
7	
8	
64	
120	
30	
822	
8	
64	
1	
609	
594	
1	
331	
93	
285	
103	
28	
616	
38	
1	
467	
9	
975	
1	
310	
6	
14	
5	
23	
13	
112	
359	
18	
1	
77	
7	
27	
973	
9	
5	
23	
10	
7	
108	
837	
608	
194	
9	
8	
14	
5	
3	
10	
1	
431	
8	
603	
49	
8	
445	
45	
97	
602	
12	
9	
21	
40	
28	
843	
535	
34	
27	
8	
42	
135	
10	
154	
127	
584	
276	
1	
5	
23	
72	
549	
72	
1	
512	
16	
15	
12	
809	
28	
292	
15	
27	
585	
60	
3	
9	
156	
10	
225	
471	
33	
507	
136	
10	
8	
620	
689	
160	
5	
23	
3	
21	
8	
37	
1	
175	
24	
29	
5	
128	
137	
186	
1	
322	
11	
146	
111	
652	
182	
41	
379	
44	
27	
411	
1	
589	
546	
674	
275	
747	
8	
170	
3	
575	
26	
5	
173	
5	
5	
31	
56	
406	
13	
8	
42	
22	
45	
116	
22	
1	
39	
32	
104	
23	
169	
3	
96	
427	
745	
9	
8	
385	
1	
734	
1	
102	
141	
3	
13	
75	
10	
278	
12	
92	
1	
1	
441	
70	
89	
65	
36	
7	
439	
7	
8	
23	
6	
8	
689	
6	
1	
722	
13	
424	
28	
204	
9	
29	
789	
29	
633	
200	
1	
83	
394	
199	
3	
29	
7	
27	
56	
6	
1	
220	
11	
819	
8	
3	
513	
208	
8	
87	
1	
55	
617	
14	
5	
23	
77	
7	
14	
5	
33	
887	
1	
411	
286	
5	
23	
38	
14	
5	
6	
666	
844	
8	
301	
435	
258	
346	
121	
157	
15	
8	
64	
725	
5	
26	
326	
7	
189	
86	
1	
5	
420	
264	
265	
904	
503	
36	
17	
1	
55	
49	
15	
33	
245	
5	
7	
14	
5	
259	
304	
234	
62	
113	
432	
176	
21	
63	
192	
53	
516	
9	
1	
62	
8	
39	
17	
137	
186	
17	
3	
9	
29	
437	
25	
619	
173	
468	
8	
581	
6	
167	
625	
110	
58	
399	
1	
147	
982	
9	
620	
136	
472	
26	
8	
292	
663	
302	
322	
347	
241	
15	
8	
259	
13	
580	
23	
6	
129	
841	
515	
1	
869	
482	
253	
16	
32	
34	
82	
40	
3	
1	
333	
7	
8	
759	
958	
9	
1	
509	
52	
116	
66	
67	
5	
3	
58	
9	
731	
25	
460	
1	
306	
421	
13	
14	
5	
23	
21	
202	
12	
165	
286	
12	
95	
27	
168	
8	
37	
300	
372	
49	
442	
65	
852	
1	
39	
212	
758	
861	
22	
1	
385	
800	
817	
119	
747	
10	
1	
393	
5	
23	
6	
903	
14	
5	
23	
22	
273	
114	
48	
377	
1	
269	
1	
633	
20	
8	
14	
5	
74	
8	
626	
58	
65	
7	
1	
248	
280	
18	
540	
42	
192	
7	
29	
30	
46	
51	
6	
1	
14	
5	
50	
9	
542	
9	
1	
467	
12	
3	
70	
317	
45	
14	
5	
50	
67	
17	
29	
820	
3	
88	
134	
423	
111	
48	
1	
131	
148	
11	
1	
331	
7	
1	
606	
135	
336	
526	
6	
221	
71	
42	
3	
30	
81	
141	
148	
10	
99	
8	
412	
6	
766	
5	
50	
749	
623	
22	
5	
7	
14	
5	
50	
1	
39	
99	
6	
5	
5	
26	
8	
9	
399	
275	
282	
6	
1	
102	
807	
895	
3	
272	
771	
807	
98	
18	
63	
37	
318	
108	
98	
444	
3	
6	
513	
27	
8	
248	
72	
786	
3	
9	
562	
1	
496	
7	
1	
55	
285	
382	
869	
30	
17	
8	
139	
252	
13	
266	
186	
89	
34	
36	
60	
529	
614	
44	
525	
5	
26	
34	
271	
15	
433	
14	
5	
50	
9	
25	
121	
5	
5	
17	
16	
26	
65	
88	
110	
317	
66	
28	
915	
210	
13	
1	
5	
5	
24	
33	
366	
6	
14	
5	
8	
64	
6	
1	
175	
249	
89	
40	
89	
31	
48	
86	
305	
133	
8	
613	
660	
647	
939	
99	
130	
231	
196	
776	
1	
141	
3	
10	
496	
10	
1	
199	
38	
5	
24	
43	
63	
504	
9	
5	
8	
64	
120	
23	
8	
1	
166	
413	
125	
11	
498	
244	
123	
174	
406	
105	
784	
15	
8	
405	
18	
1	
441	
207	
45	
5	
23	
72	
10	
36	
7	
665	
311	
20	
8	
263	
720	
425	
11	
33	
366	
20	
75	
3	
213	
1	
520	
202	
3	
122	
218	
3	
30	
286	
921	
3	
14	
31	
153	
577	
5	
5	
3	
21	
519	
13	
335	
151	
165	
32	
68	
181	
596	
917	
153	
343	
14	
5	
23	
1	
573	
7	
1	
88	
30	
286	
1	
565	
35	
36	
61	
52	
726	
7	
211	
1	
55	
143	
3	
1	
144	
6	
14	
5	
50	
6	
14	
5	
8	
64	
3	
37	
100	
419	
34	
36	
217	
20	
45	
5	
23	
38	
632	
10	
7	
