3	
1	
276	
7	
1	
37	
94	
287	
6	
76	
139	
124	
3	
66	
153	
71	
14	
21	
11	
9	
1	
42	
418	
121	
7	
257	
21	
293	
9	
1	
55	
36	
61	
60	
72	
35	
36	
7	
189	
232	
20	
299	
32	
108	
887	
90	
34	
210	
13	
601	
5	
19	
25	
9	
5	
7	
27	
240	
61	
890	
513	
3	
30	
15	
837	
9	
1	
76	
55	
9	
713	
5	
109	
8	
64	
372	
24	
27	
3	
381	
17	
3	
1	
239	
26	
33	
454	
5	
20	
8	
105	
9	
269	
6	
14	
5	
23	
19	
409	
5	
5	
9	
1	
226	
74	
197	
3	
207	
5	
3	
40	
419	
13	
41	
20	
5	
418	
621	
779	
7	
257	
194	
3	
9	
351	
14	
5	
939	
19	
552	
5	
5	
7	
5	
5	
10	
26	
62	
113	
432	
19	
1	
76	
390	
335	
85	
226	
23	
9	
3	
9	
8	
229	
7	
3	
562	
5	
5	
959	
745	
27	
973	
216	
7	
237	
5	
7	
5	
3	
70	
10	
28	
34	
815	
65	
153	
43	
26	
326	
7	
5	
5	
3	
369	
1	
39	
573	
3	
1	
77	
274	
111	
472	
8	
105	
267	
10	
323	
35	
239	
3	
38	
5	
5	
7	
5	
29	
500	
17	
16	
145	
1	
464	
7	
208	
146	
522	
83	
28	
22	
535	
3	
40	
672	
120	
1	
314	
163	
202	
9	
1	
183	
41	
17	
3	
407	
1	
401	
1	
314	
39	
3	
143	
659	
340	
8	
125	
31	
39	
161	
3	
670	
3	
1	
532	
425	
523	
630	
66	
26	
699	
53	
115	
156	
3	
9	
1	
37	
39	
17	
1	
512	
52	
78	
367	
47	
10	
5	
173	
3	
21	
152	
690	
22	
14	
5	
50	
7	
378	
8	
469	
37	
14	
5	
23	
38	
14	
5	
23	
38	
14	
245	
7	
5	
23	
6	
5	
216	
7	
810	
51	
78	
3	
12	
15	
65	
49	
3	
9	
1	
803	
26	
34	
439	
1	
258	
36	
7	
380	
108	
386	
43	
110	
8	
169	
5	
5	
3	
16	
195	
211	
20	
1	
199	
6	
1	
142	
323	
994	
179	
13	
33	
210	
3	
41	
8	
39	
11	
983	
933	
544	
36	
7	
36	
1	
336	
11	
76	
111	
652	
834	
1	
634	
60	
9	
1	
62	
329	
18	
81	
827	
1	
315	
286	
17	
215	
491	
26	
64	
22	
688	
215	
495	
272	
6	
51	
474	
8	
757	
78	
124	
61	
251	
453	
637	
762	
80	
5	
5	
365	
151	
6	
1	
170	
6	
1	
5	
6	
1	
320	
261	
138	
861	
6	
5	
5	
7	
520	
556	
917	
104	
594	
384	
3	
69	
1	
875	
916	
162	
262	
446	
415	
367	
54	
1	
3	
1	
374	
10	
79	
6	
5	
718	
36	
8	
64	
54	
83	
3	
25	
14	
5	
23	
80	
52	
190	
789	
45	
504	
362	
67	
416	
1	
412	
6	
1	
363	
92	
769	
6	
1	
474	
773	
3	
200	
360	
212	
52	
662	
428	
571	
797	
34	
45	
5	
128	
5	
5	
7	
14	
5	
50	
120	
10	
611	
1	
55	
212	
962	
9	
352	
124	
434	
3	
188	
6	
1	
39	
148	
317	
176	
104	
528	
373	
153	
315	
1	
39	
17	
224	
3	
25	
638	
578	
179	
23	
6	
163	
55	
438	
13	
352	
594	
24	
9	
5	
10	
81	
9	
1	
98	
6	
16	
515	
73	
10	
95	
499	
3	
124	
11	
3	
3	
25	
460	
1	
155	
705	
5	
7	
5	
540	
15	
1	
500	
71	
14	
5	
23	
9	
61	
8	
42	
101	
734	
10	
836	
310	
20	
29	
808	
175	
3	
1	
76	
390	
40	
36	
414	
117	
7	
5	
5	
6	
742	
879	
364	
6	
29	
49	
1	
5	
50	
246	
5	
23	
110	
581	
409	
18	
1	
37	
82	
57	
6	
773	
36	
52	
137	
172	
3	
33	
5	
5	
9	
5	
79	
19	
45	
33	
238	
438	
3	
12	
616	
3	
9	
1	
77	
53	
201	
199	
7	
497	
244	
160	
245	
22	
1	
132	
383	
5	
428	
517	
5	
5	
3	
12	
165	
17	
19	
33	
622	
320	
7	
27	
6	
209	
22	
5	
5	
11	
3	
31	
1	
5	
219	
790	
1	
49	
11	
18	
77	
608	
13	
527	
250	
882	
6	
110	
9	
311	
84	
97	
169	
32	
749	
207	
34	
6	
123	
10	
133	
22	
5	
5	
423	
9	
1	
87	
244	
99	
5	
5	
7	
5	
5	
9	
1	
278	
111	
3	
831	
1	
274	
273	
151	
29	
655	
10	
287	
3	
127	
333	
523	
7	
63	
246	
42	
11	
328	
9	
96	
371	
7	
533	
7	
608	
60	
7	
259	
174	
731	
11	
144	
9	
37	
94	
10	
40	
91	
27	
264	
7	
211	
7	
27	
8	
87	
43	
652	
521	
72	
121	
43	
15	
8	
424	
99	
38	
14	
5	
22	
1	
567	
7	
5	
5	
3	
77	
103	
3	
71	
42	
56	
16	
19	
411	
675	
36	
161	
19	
10	
1	
297	
11	
49	
5	
7	
14	
5	
23	
867	
853	
171	
35	
682	
31	
8	
8	
29	
223	
650	
658	
789	
462	
11	
153	
8	
387	
3	
446	
104	
90	
372	
481	
36	
405	
11	
80	
60	
58	
91	
27	
749	
10	
8	
5	
5	
6	
1	
131	
148	
3	
1	
210	
43	
61	
482	
18	
315	
5	
17	
1	
665	
13	
473	
98	
722	
24	
6	
1	
72	
8	
977	
3	
1	
430	
9	
1	
243	
290	
993	
8	
14	
5	
23	
6	
29	
5	
23	
6	
1	
133	
239	
19	
1	
722	
3	
987	
53	
777	
374	
18	
53	
16	
545	
148	
311	
33	
884	
3	
1	
701	
222	
720	
131	
10	
510	
14	
5	
23	
38	
14	
5	
8	
64	
8	
7	
631	
665	
72	
6	
286	
33	
5	
8	
891	
166	
28	
34	
60	
733	
135	
6	
53	
741	
653	
22	
14	
5	
217	
9	
8	
35	
7	
904	
6	
1	
280	
288	
10	
17	
16	
178	
54	
7	
5	
5	
6	
5	
5	
38	
1	
42	
69	
6	
201	
286	
5	
5	
6	
1	
39	
91	
