49500
49501
49502
49503
49504
49505
49506
49507
49508
49509
49510
49511
49512
49513
49516
49517
49518
49520
49521
49522
49523
49525
49526
49527
49530
49531
49532
49533
49534
49535
49536
49537
49538
49539
49540
49541
49542
49543
49544
49545
49546
49547
49549
49550
49551
49552
49553
49554
49556
49557
49558
49559
49560
49561
49563
49564
49565
49566
49569
49570
49571
49572
49575
49576
49577
49578
49579
49581
49582
49583
49585
49588
49589
49590
49591
49593
49595
49596
49597
49599
49600
49601
49602
49603
49604
49605
49608
49609
49610
49611
49612
49615
49618
49620
49621
49622
49623
49624
49625
49626
49627
49628
49629
49630
49631
49632
49634
49635
49636
49637
49638
49639
49640
49641
49642
49643
49644
49645
49646
49648
49649
49653
49654
49655
49656
49657
49659
49661
49662
49664
49665
49666
49667
49668
49669
49670
49671
49672
49673
49674
49675
49676
49678
49680
49682
49684
49685
49686
49687
49688
49689
49690
49692
49694
49695
49696
49697
49698
49699
49700
49701
49702
49703
49704
49708
49709
49710
49712
49714
49715
49716
49718
49719
49720
49721
49722
49723
49728
49729
49730
49731
49732
49733
49734
49735
49736
49737
49738
49739
49740
49741
49742
49743
49747
49748
49749
