48500
48501
48502
48503
48504
48505
48506
48507
48508
48509
48511
48512
48513
48514
48515
48516
48517
48519
48520
48521
48522
48523
48524
48525
48526
48528
48529
48530
48531
48532
48533
48534
48535
48536
48537
48538
48540
48541
48542
48543
48544
48545
48547
48549
48550
48551
48552
48553
48554
48556
48557
48558
48559
48560
48561
48562
48563
48564
48566
48568
48569
48571
48573
48574
48575
48576
48577
48578
48579
48581
48582
48583
48584
48585
48586
48587
48588
48589
48591
48592
48593
48594
48596
48597
48598
48599
48600
48601
48602
48603
48604
48605
48606
48607
48608
48609
48610
48611
48612
48613
48614
48615
48616
48618
48619
48620
48621
48622
48623
48626
48627
48628
48629
48630
48632
48633
48634
48635
48637
48638
48641
48642
48643
48644
48645
48646
48647
48648
48652
48654
48655
48656
48657
48658
48660
48661
48663
48664
48665
48666
48668
48669
48670
48671
48673
48674
48675
48677
48678
48680
48681
48682
48683
48684
48685
48686
48687
48688
48689
48691
48692
48693
48694
48695
48696
48699
48700
48701
48703
48704
48705
48706
48708
48709
48710
48711
48713
48714
48716
48717
48719
48720
48721
48722
48723
48724
48726
48727
48728
48729
48731
48732
48734
48735
48736
48737
48739
48740
48741
48742
48744
48748
