57000
57001
57003
57004
57005
57006
57007
57008
57009
57011
57012
57013
57014
57015
57016
57017
57018
57020
57022
57024
57025
57026
57027
57029
57030
57031
57032
57033
57034
57036
57037
57038
57039
57040
57041
57042
57044
57045
57046
57047
57048
57049
57050
57051
57052
57054
57055
57056
57057
57058
57059
57060
57061
57062
57064
57065
57066
57067
57068
57069
57070
57071
57072
57073
57074
57076
57077
57078
57081
57082
57083
57084
57085
57086
57087
57088
57089
57090
57091
57092
57093
57094
57095
57096
57097
57098
57099
57100
57101
57102
57104
57105
57106
57107
57108
57109
57110
57111
57113
57114
57115
57116
57117
57118
57119
57120
57121
57122
57123
57124
57125
57126
57127
57128
57130
57131
57132
57133
57135
57136
57137
57138
57139
57140
57141
57142
57144
57146
57147
57148
57150
57151
57152
57153
57154
57155
57156
57157
57158
57159
57160
57162
57163
57165
57166
57169
57170
57171
57172
57173
57174
57175
57176
57177
57179
57180
57182
57183
57184
57185
57186
57187
57188
57190
57191
57192
57193
57194
57195
57196
57197
57198
57199
57200
57201
57202
57203
57204
57206
57207
57208
57209
57211
57212
57213
57214
57215
57216
57217
57218
57219
57220
57221
57222
57223
57224
57225
57226
57227
57228
57233
57234
57235
57236
57239
57240
57241
57242
57243
57244
57245
57246
57247
57248
57249
