176500
176501
176502
176503
176504
176505
176506
176507
176508
176509
176510
176511
176512
176513
176514
176515
176516
176518
176519
176521
176522
176523
176525
176526
176527
176528
176530
176531
176532
176533
176534
176535
176536
176537
176539
176540
176541
176542
176543
176544
176546
176547
176548
176549
176550
176551
176553
176554
176555
176556
176558
176559
176560
176561
176562
176563
176565
176566
176567
176568
176570
176571
176572
176573
176574
176575
176577
176578
176579
176580
176582
176583
176584
176585
176586
176587
176589
176590
176591
176592
176593
176594
176595
176597
176598
176599
176600
176601
176602
176603
176605
176606
176607
176609
176610
176611
176612
176613
176614
176615
176616
176617
176618
176619
176620
176621
176622
176623
176624
176625
176626
176627
176628
176629
176631
176632
176633
176634
176637
176638
176639
176640
176641
176642
176643
176644
176645
176646
176647
176648
176649
176652
176653
176654
176655
176656
176657
176658
176659
176660
176661
176662
176663
176664
176665
176666
176668
176669
176670
176671
176672
176673
176674
176675
176676
176677
176679
176681
176683
176684
176685
176687
176688
176689
176690
176691
176692
176693
176694
176697
176698
176699
176700
176701
176702
176703
176704
176705
176706
176707
176708
176709
176710
176711
176712
176713
176714
176716
176717
176718
176719
176720
176722
176723
176725
176727
176728
176729
176730
176731
176732
176733
176734
176735
176736
176737
176739
176740
176741
176742
176743
176744
176745
176746
176747
176748
176749
