50250
50251
50252
50253
50254
50256
50257
50258
50259
50263
50264
50265
50266
50267
50268
50269
50270
50271
50272
50277
50278
50279
50280
50281
50282
50284
50286
50287
50288
50291
50294
50297
50298
50299
50300
50301
50302
50303
50304
50306
50307
50309
50310
50311
50312
50313
50314
50315
50316
50317
50318
50319
50320
50321
50323
50324
50326
50328
50329
50331
50333
50334
50336
50338
50339
50341
50342
50344
50345
50346
50347
50349
50350
50352
50353
50354
50355
50357
50359
50360
50362
50363
50364
50365
50367
50369
50371
50372
50375
50376
50377
50378
50379
50380
50381
50383
50385
50386
50387
50388
50389
50390
50391
50392
50394
50396
50397
50398
50399
50400
50401
50405
50409
50410
50411
50412
50413
50414
50415
50416
50417
50418
50419
50420
50422
50423
50424
50425
50426
50427
50428
50429
50430
50431
50432
50433
50434
50436
50437
50439
50441
50442
50447
50448
50450
50451
50452
50453
50455
50456
50457
50459
50460
50462
50463
50465
50466
50467
50468
50469
50470
50472
50473
50474
50475
50477
50478
50479
50480
50482
50483
50484
50485
50487
50489
50490
50492
50493
50497
50498
50499
