212250
212251
212252
212253
212254
212255
212256
212257
212258
212259
212260
212261
212262
212263
212264
212265
212266
212268
212269
212270
212271
212273
212274
212276
212278
212280
212282
212283
212284
212285
212286
212287
212288
212289
212290
212291
212292
212293
212295
212296
212297
212299
212300
212301
212303
212304
212305
212306
212308
212310
212311
212312
212313
212314
212315
212316
212319
212320
212321
212323
212326
212327
212330
212332
212334
212336
212339
212340
212341
212343
212344
212345
212346
212347
212348
212349
212350
212351
212352
212354
212355
212356
212358
212359
212360
212362
212363
212364
212365
212366
212367
212368
212369
212370
212371
212372
212373
212374
212375
212376
212377
212378
212379
212380
212381
212382
212383
212384
212385
212386
212387
212388
212389
212390
212391
212392
212393
212394
212395
212396
212397
212398
212399
212400
212401
212402
212403
212404
212405
212406
212407
212408
212409
212410
212411
212413
212414
212415
212416
212418
212419
212420
212421
212422
212423
212424
212425
212426
212427
212428
212429
212430
212431
212433
212434
212435
212436
212437
212438
212439
212440
212441
212442
212443
212445
212446
212447
212450
212451
212452
212454
212455
212456
212457
212458
212459
212460
212461
212462
212463
212464
212466
212467
212468
212470
212471
212472
212473
212474
212475
212477
212478
212479
212480
212481
212482
212483
212484
212485
212486
212487
212488
212489
212490
212491
212492
212493
212494
212495
212496
212497
212498
212499
