246001
246003
246004
246005
246006
246007
246008
246009
246010
246011
246012
246013
246014
246015
246016
246017
246018
246019
246020
246021
246022
246023
246024
246025
246026
246027
246029
246030
246031
246032
246034
246035
246036
246037
246038
246039
246040
246041
246042
246043
246044
246045
246046
246047
246048
246049
246050
246052
246053
246054
246055
246056
246058
246059
246060
246061
246063
246064
246065
246066
246067
246068
246069
246070
246071
246072
246073
246074
246075
246076
246078
246079
246080
246081
246082
246083
246084
246085
246086
246087
246088
246089
246090
246091
246092
246094
246095
246096
246098
246100
246101
246102
246103
246105
246106
246107
246108
246110
246111
246112
246113
246114
246115
246116
246117
246118
246119
246120
246121
246122
246123
246124
246126
246127
246129
246130
246132
246133
246134
246135
246138
246139
246140
246141
246142
246143
246144
246145
246146
246147
246148
246149
246150
246152
246154
246155
246156
246157
246158
246159
246160
246161
246162
246164
246166
246168
246169
246170
246171
246172
246174
246175
246178
246179
246180
246181
246182
246183
246185
246186
246187
246188
246189
246190
246191
246195
246196
246200
246201
246205
246206
246210
246211
246212
246213
246214
246215
246217
246218
246219
246220
246221
246225
246226
246227
246228
246231
246232
246233
246236
246237
246238
246243
246244
246245
246246
246247
246249
