447000
447001
447002
447003
447004
447005
447006
447007
447008
447009
447010
447013
447014
447015
447016
447018
447019
447020
447021
447022
447023
447024
447025
447026
447027
447028
447029
447030
447031
447032
447033
447034
447035
447036
447037
447038
447039
447040
447041
447042
447043
447044
447045
447046
447047
447048
447049
447050
447051
447052
447053
447054
447055
447056
447057
447058
447059
447060
447062
447063
447065
447066
447067
447068
447069
447070
447071
447072
447073
447074
447075
447076
447077
447078
447079
447080
447081
447082
447083
447084
447086
447087
447088
447090
447091
447093
447094
447095
447096
447097
447099
447100
447101
447102
447103
447104
447105
447106
447107
447108
447109
447110
447111
447113
447114
447115
447117
447118
447119
447121
447122
447123
447124
447126
447128
447129
447130
447131
447132
447133
447134
447136
447137
447139
447140
447141
447142
447143
447144
447145
447146
447147
447148
447149
447150
447151
447152
447153
447154
447155
447156
447157
447158
447159
447161
447163
447164
447165
447166
447167
447169
447171
447172
447173
447174
447176
447177
447178
447179
447180
447181
447182
447183
447184
447187
447188
447189
447190
447191
447192
447194
447196
447197
447198
447199
447200
447201
447202
447206
447207
447209
447210
447211
447214
447215
447216
447221
447223
447224
447225
447226
447227
447229
447230
447231
447232
447233
447234
447235
447236
447237
447238
447239
447240
447241
447242
447243
447244
447245
447246
447247
447248
447249
