250000
250001
250002
250003
250004
250005
250006
250007
250008
250009
250010
250011
250012
250013
250015
250016
250017
250019
250021
250022
250023
250024
250025
250026
250027
250028
250029
250030
250031
250032
250033
250034
250035
250036
250037
250038
250039
250040
250042
250043
250044
250045
250046
250047
250048
250049
250050
250051
250052
250053
250055
250056
250057
250058
250059
250060
250061
250062
250064
250065
250066
250067
250068
250069
250071
250072
250073
250075
250076
250077
250078
250080
250081
250082
250084
250086
250087
250088
250089
250090
250091
250092
250093
250095
250096
250098
250099
250100
250101
250102
250103
250104
250105
250106
250108
250109
250111
250112
250114
250115
250116
250117
250118
250120
250121
250122
250123
250124
250125
250126
250127
250128
250129
250130
250131
250132
250133
250134
250135
250136
250137
250138
250139
250140
250142
250143
250144
250146
250147
250149
250150
250151
250153
250154
250155
250156
250157
250158
250159
250160
250161
250162
250163
250167
250168
250170
250171
250173
250174
250175
250176
250179
250180
250181
250182
250183
250185
250186
250187
250191
250192
250193
250194
250196
250197
250198
250199
250200
250201
250202
250203
250204
250205
250206
250207
250208
250209
250210
250211
250213
250214
250215
250216
250217
250218
250219
250220
250221
250222
250223
250224
250225
250226
250227
250228
250229
250230
250231
250232
250233
250235
250236
250237
250238
250239
250241
250242
250243
250244
250245
250246
250247
250248
