46000
46003
46006
46009
46012
46015
46021
46028
46029
46031
46032
46034
46035
46036
46037
46038
46039
46040
46041
46042
46043
46044
46045
46046
46047
46048
46049
46050
46051
46053
46054
46056
46057
46059
46060
46061
46062
46063
46064
46065
46066
46067
46069
46070
46071
46072
46073
46080
46081
46082
46084
46085
46086
46087
46088
46089
46090
46092
46096
46097
46098
46099
46100
46102
46103
46104
46106
46107
46108
46122
46125
46126
46127
46130
46131
46132
46135
46136
46137
46138
46139
46140
46145
46146
46147
46149
46154
46155
46157
46158
46159
46160
46162
46163
46164
46165
46166
46167
46174
46175
46176
46177
46178
46179
46180
46181
46182
46183
46184
46185
46187
46189
46204
46205
46207
46210
46211
46212
46213
46214
46215
46216
46217
46218
46219
46220
46221
46223
46224
46225
46226
46227
46228
46229
46231
46232
46234
46235
46236
46239
46240
46241
46242
46243
46244
46245
46246
46247
