447750
447751
447752
447753
447755
447757
447758
447759
447760
447761
447762
447763
447764
447769
447770
447771
447772
447773
447774
447775
447776
447777
447778
447779
447780
447781
447782
447783
447785
447786
447787
447788
447792
447793
447794
447795
447796
447797
447798
447799
447800
447801
447802
447803
447804
447805
447806
447808
447809
447810
447811
447812
447813
447815
447816
447817
447818
447819
447820
447821
447822
447823
447824
447826
447827
447829
447830
447831
447832
447833
447834
447835
447837
447838
447839
447840
447841
447843
447844
447845
447847
447848
447849
447850
447851
447853
447854
447855
447856
447857
447858
447859
447860
447861
447862
447863
447864
447865
447866
447867
447868
447869
447870
447871
447872
447873
447874
447875
447876
447877
447878
447881
447882
447883
447885
447886
447887
447888
447891
447892
447893
447895
447896
447897
447898
447899
447900
447902
447903
447904
447906
447907
447908
447909
447910
447911
447913
447914
447915
447916
447917
447918
447919
447920
447921
447924
447925
447926
447928
447929
447930
447931
447934
447935
447936
447937
447938
447939
447940
447941
447942
447943
447944
447945
447946
447947
447948
447949
447950
447951
447952
447956
447958
447959
447960
447963
447964
447965
447966
447971
447972
447973
447974
447976
447978
447979
447980
447981
447983
447987
447988
447989
447992
447993
447994
447997
447998
447999
