279500
279501
279502
279503
279504
279505
279506
279507
279508
279509
279510
279511
279512
279513
279514
279515
279516
279517
279518
279519
279520
279521
279522
279523
279524
279525
279526
279527
279528
279529
279530
279531
279532
279533
279534
279535
279536
279537
279538
279539
279540
279541
279542
279543
279544
279545
279546
279547
279548
279549
279550
279551
279552
279553
279554
279555
279556
279557
279558
279559
279560
279561
279562
279563
279564
279565
279566
279567
279568
279569
279570
279571
279572
279573
279574
279575
279576
279577
279578
279579
279580
279581
279582
279584
279586
279587
279589
279590
279592
279593
279594
279595
279596
279597
279598
279599
279601
279602
279603
279604
279606
279607
279608
279609
279611
279612
279613
279614
279615
279616
279617
279618
279619
279620
279621
279623
279625
279626
279627
279628
279629
279630
279631
279632
279634
279635
279637
279638
279639
279640
279642
279643
279645
279646
279648
279649
279650
279651
279652
279653
279654
279655
279656
279657
279658
279660
279661
279662
279663
279664
279665
279666
279669
279671
279672
279673
279675
279676
279677
279678
279679
279680
279683
279684
279685
279686
279687
279689
279691
279692
279693
279694
279695
279697
279698
279700
279701
279703
279704
279705
279707
279708
279709
279710
279711
279712
279713
279714
279715
279716
279717
279718
279719
279720
279721
279722
279723
279724
279725
279726
279727
279728
279729
279730
279731
279732
279733
279734
279737
279738
279739
279740
279741
279742
279743
279744
279747
279748
279749
