404000
404001
404002
404003
404004
404005
404006
404007
404008
404016
404017
404018
404019
404020
404021
404022
404023
404025
404026
404027
404029
404030
404031
404032
404033
404034
404036
404038
404039
404040
404042
404043
404044
404045
404047
404048
404049
404050
404052
404053
404055
404057
404058
404059
404060
404061
404063
404064
404065
404066
404067
404068
404069
404070
404071
404072
404073
404075
404076
404077
404078
404079
404080
404081
404082
404083
404084
404085
404086
404088
404089
404090
404091
404092
404093
404094
404095
404096
404097
404098
404099
404100
404101
404102
404103
404104
404105
404106
404107
404108
404109
404110
404111
404112
404113
404114
404115
404116
404117
404118
404119
404120
404121
404122
404123
404124
404125
404128
404129
404130
404131
404132
404133
404134
404135
404136
404137
404138
404139
404140
404141
404142
404143
404144
404145
404146
404147
404148
404150
404151
404153
404154
404156
404157
404158
404160
404161
404163
404164
404165
404166
404167
404168
404169
404170
404171
404172
404174
404175
404178
404179
404182
404183
404184
404185
404186
404187
404188
404189
404191
404192
404193
404194
404195
404196
404198
404199
404200
404201
404203
404204
404205
404206
404208
404209
404210
404211
404213
404214
404215
404217
404218
404219
404221
404222
404223
404226
404227
404228
404231
404232
404233
404235
404236
404237
404238
404239
404240
404241
404242
404243
404246
404247
404249
