52750
52751
52752
52754
52755
52757
52758
52759
52760
52762
52763
52764
52766
52767
52769
52770
52772
52773
52774
52775
52776
52777
52779
52781
52783
52784
52785
52786
52787
52788
52789
52790
52791
52792
52793
52794
52795
52796
52797
52798
52802
52805
52807
52808
52809
52810
52811
52812
52815
52819
52820
52821
52822
52823
52824
52825
52827
52828
52829
52832
52836
52839
52843
52844
52845
52846
52847
52848
52849
52851
52853
52854
52855
52856
52857
52858
52859
52860
52862
52863
52864
52865
52866
52868
52869
52870
52871
52872
52873
52874
52875
52876
52877
52880
52881
52882
52883
52884
52885
52886
52887
52888
52889
52890
52891
52892
52893
52894
52895
52896
52897
52898
52899
52900
52901
52902
52903
52904
52905
52906
52907
52908
52909
52910
52911
52912
52913
52914
52915
52916
52917
52918
52919
52920
52921
52922
52923
52924
52925
52926
52927
52928
52929
52930
52931
52932
52934
52935
52936
52937
52938
52939
52940
52941
52942
52943
52944
52945
52946
52947
52948
52949
52950
52951
52952
52954
52956
52957
52959
52963
52964
52965
52966
52967
52968
52969
52970
52971
52972
52973
52976
52977
52978
52979
52980
52981
52982
52983
52984
52985
52986
52988
52990
52991
52992
52993
52994
52995
52996
52997
52998
52999
