342500
342501
342502
342503
342504
342505
342506
342507
342509
342510
342512
342513
342514
342515
342516
342517
342519
342520
342522
342523
342524
342525
342527
342528
342529
342530
342531
342532
342533
342534
342535
342536
342537
342538
342539
342540
342542
342543
342544
342545
342546
342547
342549
342550
342551
342552
342553
342554
342555
342556
342557
342558
342559
342560
342562
342563
342564
342565
342566
342567
342568
342569
342570
342571
342572
342573
342574
342575
342577
342578
342579
342580
342581
342582
342583
342584
342585
342586
342587
342588
342589
342590
342592
342593
342594
342595
342596
342597
342598
342599
342600
342601
342602
342603
342604
342605
342607
342608
342609
342610
342611
342612
342613
342614
342615
342616
342617
342618
342619
342620
342622
342623
342624
342625
342626
342628
342629
342630
342631
342633
342634
342635
342637
342638
342639
342641
342642
342643
342645
342646
342647
342649
342650
342651
342652
342653
342656
342657
342659
342661
342662
342663
342664
342665
342667
342670
342671
342672
342674
342675
342676
342677
342679
342680
342681
342683
342684
342685
342686
342687
342688
342690
342692
342693
342694
342696
342697
342698
342699
342700
342701
342702
342703
342704
342705
342706
342707
342708
342709
342710
342711
342712
342713
342714
342715
342716
342717
342718
342720
342721
342722
342723
342724
342725
342726
342727
342728
342732
342733
342734
342735
342744
342745
342746
342748
342749
