25001
25004
25007
25008
25010
25011
25013
25016
25017
25019
25020
25021
25036
25037
25038
25039
25040
25041
25042
25043
25044
25045
25049
25050
25051
25052
25053
25054
25055
25056
25057
25059
25060
25062
25063
25064
25067
25069
25070
25071
25074
25075
25076
25077
25078
25081
25082
25084
25085
25086
25087
25088
25090
25091
25092
25093
25094
25095
25096
25097
25099
25100
25101
25102
25103
25105
25107
25108
25109
25110
25112
25113
25114
25116
25117
25118
25119
25120
25122
25123
25124
25125
25126
25128
25129
25130
25131
25132
25134
25135
25138
25139
25140
25141
25143
25144
25145
25146
25148
25149
25150
25151
25158
25160
25162
25166
25173
25174
25183
25184
25185
25193
25196
25197
25198
25200
25201
25202
25203
25206
25207
25208
25211
25212
25213
25216
25217
25218
25221
25223
25224
25232
25233
25234
25235
25236
25237
25239
25240
25241
25243
25245
25246
25247
25248
25249
