91250
91251
91252
91254
91256
91257
91258
91260
91261
91262
91264
91265
91266
91268
91270
91271
91272
91273
91275
91276
91277
91278
91279
91280
91281
91284
91286
91287
91288
91289
91291
91292
91293
91294
91295
91296
91297
91298
91299
91300
91301
91302
91303
91304
91305
91306
91307
91308
91309
91310
91311
91313
91314
91317
91318
91319
91320
91321
91322
91323
91324
91325
91326
91329
91330
91331
91332
91333
91334
91335
91336
91337
91338
91339
91340
91341
91342
91343
91344
91345
91346
91348
91349
91350
91351
91353
91354
91355
91356
91357
91359
91360
91361
91363
91364
91366
91367
91369
91370
91371
91372
91373
91375
91376
91377
91378
91379
91380
91381
91382
91384
91385
91387
91388
91389
91390
91391
91393
91394
91395
91397
91398
91399
91401
91402
91403
91404
91405
91406
91407
91408
91409
91410
91412
91413
91414
91415
91416
91417
91418
91419
91420
91421
91422
91423
91425
91426
91427
91428
91429
91430
91431
91432
91433
91434
91435
91436
91437
91438
91439
91440
91441
91443
91444
91445
91447
91449
91450
91451
91452
91454
91455
91457
91458
91459
91461
91462
91463
91464
91465
91466
91469
91473
91475
91476
91477
91478
91479
91480
91481
91482
91483
91484
91485
91486
91487
91488
91491
91492
91494
91495
91496
91499
