405250
405252
405253
405254
405255
405256
405257
405258
405259
405260
405261
405262
405263
405264
405265
405266
405267
405268
405269
405270
405271
405272
405273
405274
405275
405276
405277
405278
405279
405280
405281
405282
405283
405284
405285
405286
405287
405288
405289
405290
405291
405292
405293
405294
405295
405296
405297
405298
405299
405300
405301
405302
405303
405304
405305
405306
405307
405308
405309
405310
405311
405312
405313
405314
405315
405316
405317
405318
405319
405320
405321
405322
405324
405325
405326
405327
405329
405330
405331
405332
405334
405335
405336
405337
405339
405340
405341
405342
405343
405344
405345
405346
405347
405348
405349
405350
405351
405352
405353
405354
405355
405356
405357
405361
405365
405366
405367
405368
405369
405370
405371
405372
405374
405376
405378
405379
405383
405384
405385
405386
405387
405389
405390
405391
405392
405393
405394
405395
405397
405398
405399
405400
405401
405402
405403
405404
405405
405406
405407
405408
405409
405410
405411
405412
405413
405414
405415
405416
405417
405418
405419
405420
405421
405422
405423
405424
405425
405426
405427
405428
405429
405430
405431
405433
405434
405435
405437
405438
405439
405442
405443
405444
405445
405446
405447
405449
405450
405451
405453
405454
405455
405457
405458
405459
405460
405462
405463
405464
405465
405467
405468
405469
405470
405474
405475
405476
405477
405478
405479
405480
405481
405482
405483
405484
405485
405486
405487
405488
405490
405491
405492
405493
405494
405496
405497
405498
405499
