302000
302002
302003
302004
302005
302006
302007
302008
302009
302010
302011
302012
302017
302018
302020
302021
302022
302023
302024
302025
302026
302027
302028
302029
302030
302031
302034
302035
302036
302037
302038
302039
302040
302041
302042
302043
302044
302045
302047
302048
302049
302050
302051
302052
302053
302056
302057
302059
302060
302061
302062
302063
302064
302065
302067
302068
302069
302070
302071
302072
302073
302074
302075
302076
302077
302078
302079
302080
302081
302082
302083
302085
302086
302087
302088
302089
302091
302093
302094
302096
302097
302098
302099
302100
302101
302102
302103
302104
302105
302108
302109
302110
302111
302112
302113
302115
302116
302117
302118
302119
302120
302123
302124
302125
302126
302128
302129
302130
302131
302132
302134
302135
302137
302138
302139
302140
302142
302143
302144
302145
302146
302147
302148
302149
302150
302151
302152
302153
302155
302156
302157
302158
302159
302160
302161
302162
302163
302164
302165
302167
302168
302169
302171
302172
302173
302174
302175
302176
302177
302179
302180
302181
302183
302184
302185
302187
302188
302189
302190
302191
302192
302193
302195
302196
302197
302198
302199
302200
302201
302202
302203
302204
302208
302209
302210
302214
302215
302216
302220
302222
302224
302225
302226
302228
302229
302230
302231
302232
302233
302234
302236
302238
302240
302242
302244
302245
302247
302249
