35751
35752
35753
35754
35755
35756
35758
35759
35760
35762
35763
35765
35766
35767
35768
35769
35770
35771
35772
35773
35774
35775
35776
35777
35778
35779
35780
35781
35782
35784
35785
35786
35787
35790
35795
35796
35797
35798
35800
35801
35802
35803
35805
35807
35808
35810
35812
35813
35815
35817
35818
35820
35821
35823
35824
35825
35826
35828
35829
35830
35831
35832
35833
35834
35836
35837
35838
35839
35840
35841
35842
35843
35844
35845
35846
35847
35848
35849
35850
35851
35852
35853
35854
35855
35856
35857
35858
35860
35861
35863
35864
35865
35866
35867
35868
35869
35871
35872
35874
35875
35876
35882
35883
35884
35885
35886
35887
35888
35889
35890
35892
35893
35894
35895
35897
35898
35899
35900
35901
35902
35904
35905
35906
35907
35908
35909
35911
35912
35913
35914
35915
35916
35918
35919
35920
35921
35922
35923
35925
35926
35927
35928
35929
35930
35931
35932
35933
35934
35935
35936
35937
35938
35939
35941
35942
35943
35944
35946
35947
35949
35952
35953
35954
35958
35959
35960
35963
35964
35966
35967
35968
35970
35971
35972
35973
35974
35975
35976
35977
35978
35979
35980
35981
35983
35984
35985
35986
35988
35990
35991
35992
35994
35995
35996
35997
35998
35999
