76250
76251
76252
76253
76254
76255
76257
76258
76259
76261
76262
76263
76264
76265
76266
76268
76269
76270
76272
76274
76275
76276
76277
76282
76283
76284
76285
76286
76287
76289
76290
76292
76293
76294
76295
76297
76298
76299
76300
76301
76302
76303
76304
76305
76306
76307
76308
76309
76310
76311
76312
76314
76315
76316
76317
76318
76319
76320
76321
76322
76324
76327
76328
76329
76330
76331
76333
76334
76335
76336
76337
76338
76339
76340
76341
76342
76343
76344
76345
76346
76347
76348
76349
76351
76352
76353
76354
76355
76359
76360
76362
76363
76364
76368
76369
76370
76373
76375
76376
76377
76378
76379
76380
76381
76382
76383
76384
76385
76386
76387
76388
76390
76391
76392
76394
76395
76396
76397
76398
76399
76400
76401
76402
76404
76405
76406
76407
76409
76410
76411
76412
76413
76414
76415
76416
76417
76418
76419
76420
76421
76422
76423
76424
76425
76426
76427
76428
76429
76430
76431
76432
76433
76435
76436
76437
76438
76439
76440
76441
76442
76443
76445
76446
76447
76448
76449
76450
76451
76452
76453
76454
76455
76456
76457
76458
76459
76460
76461
76462
76463
76464
76465
76466
76467
76469
76470
76472
76473
76474
76475
76476
76477
76479
76480
76481
76482
76483
76484
76485
76486
76487
76488
76489
76490
76492
76493
76494
76495
76497
76498
76499
