210500
210501
210502
210504
210505
210506
210507
210510
210511
210513
210514
210515
210517
210518
210519
210520
210521
210522
210523
210524
210525
210526
210527
210528
210529
210530
210531
210533
210534
210535
210536
210537
210538
210539
210540
210541
210542
210543
210544
210545
210546
210547
210548
210549
210550
210552
210553
210554
210556
210557
210558
210559
210560
210561
210562
210563
210564
210565
210566
210567
210568
210569
210570
210571
210572
210573
210574
210575
210576
210577
210578
210579
210580
210582
210583
210584
210585
210586
210588
210589
210590
210591
210592
210593
210594
210595
210596
210597
210598
210600
210601
210602
210603
210604
210605
210606
210607
210608
210609
210610
210611
210613
210614
210615
210616
210617
210618
210620
210621
210622
210623
210624
210625
210627
210628
210629
210631
210632
210633
210634
210635
210636
210637
210643
210644
210645
210646
210647
210648
210649
210650
210651
210652
210653
210654
210655
210656
210657
210658
210659
210660
210661
210662
210663
210664
210665
210666
210667
210668
210669
210670
210671
210672
210673
210675
210676
210677
210678
210679
210680
210681
210682
210683
210684
210685
210687
210688
210689
210690
210691
210692
210693
210694
210695
210696
210697
210698
210699
210700
210701
210702
210703
210704
210705
210706
210707
210708
210709
210710
210711
210715
210716
210717
210718
210720
210721
210723
210725
210726
210727
210729
210731
210732
210733
210735
210737
210738
210740
210741
210743
210744
210746
210747
210749
