405000
405002
405003
405004
405006
405009
405010
405011
405012
405014
405015
405016
405018
405019
405020
405021
405023
405024
405025
405026
405028
405029
405032
405033
405034
405035
405036
405037
405039
405040
405043
405044
405045
405046
405047
405048
405050
405051
405054
405055
405056
405057
405058
405059
405061
405062
405065
405066
405067
405068
405069
405070
405072
405073
405076
405077
405078
405079
405080
405081
405082
405083
405084
405085
405086
405088
405089
405091
405092
405093
405094
405095
405096
405097
405099
405100
405101
405102
405103
405104
405107
405108
405109
405117
405118
405119
405120
405122
405123
405124
405125
405129
405130
405131
405132
405133
405134
405141
405143
405145
405146
405148
405150
405152
405153
405155
405157
405158
405159
405160
405163
405165
405167
405168
405170
405172
405173
405176
405177
405178
405180
405181
405182
405183
405184
405185
405186
405187
405188
405189
405190
405191
405192
405194
405195
405196
405198
405199
405201
405202
405203
405204
405205
405206
405207
405209
405210
405211
405212
405213
405214
405215
405216
405217
405218
405219
405220
405221
405222
405223
405224
405225
405226
405227
405230
405231
405232
405233
405234
405235
405236
405237
405238
405239
405240
405241
405242
405243
405244
405246
405247
405248
405249
