49000
49001
49002
49003
49004
49006
49007
49008
49009
49010
49012
49013
49014
49015
49016
49017
49018
49019
49020
49021
49022
49023
49024
49025
49026
49027
49028
49029
49030
49031
49032
49034
49035
49036
49037
49038
49039
49040
49041
49042
49043
49044
49046
49047
49049
49052
49054
49056
49058
49059
49060
49061
49062
49063
49065
49066
49068
49069
49070
49071
49072
49073
49074
49075
49076
49077
49078
49080
49081
49082
49083
49084
49086
49089
49090
49091
49092
49093
49094
49095
49096
49097
49100
49101
49102
49103
49105
49106
49108
49110
49111
49112
49113
49114
49115
49116
49117
49118
49119
49120
49121
49123
49127
49128
49129
49130
49132
49134
49136
49137
49139
49141
49143
49144
49145
49146
49147
49148
49149
49150
49151
49152
49153
49154
49155
49157
49159
49161
49162
49163
49164
49165
49166
49167
49169
49170
49171
49172
49173
49174
49175
49178
49179
49180
49181
49184
49185
49186
49187
49188
49189
49190
49191
49192
49193
49194
49195
49196
49197
49198
49199
49200
49201
49202
49203
49204
49205
49206
49207
49208
49209
49210
49211
49212
49213
49214
49215
49216
49217
49218
49219
49220
49223
49224
49225
49226
49227
49228
49229
49230
49231
49232
49233
49234
49235
49236
49239
49240
49241
49242
49243
49244
49245
49246
49247
49248
