55750
55751
55752
55754
55755
55756
55757
55759
55760
55761
55762
55764
55765
55766
55767
55769
55770
55771
55772
55774
55775
55776
55777
55779
55780
55781
55782
55784
55786
55787
55788
55790
55791
55792
55793
55795
55796
55797
55798
55799
55801
55802
55803
55804
55805
55807
55808
55809
55810
55811
55813
55814
55815
55816
55817
55819
55820
55821
55823
55824
55828
55829
55830
55831
55832
55833
55834
55835
55836
55837
55838
55841
55845
55846
55847
55848
55849
55850
55851
55852
55853
55854
55855
55856
55858
55859
55860
55861
55862
55863
55865
55866
55869
55870
55871
55872
55873
55874
55875
55876
55877
55878
55879
55880
55881
55883
55884
55885
55886
55888
55889
55890
55891
55893
55894
55895
55896
55898
55899
55900
55901
55902
55903
55904
55906
55907
55909
55910
55913
55914
55915
55916
55917
55918
55919
55920
55922
55923
55926
55927
55928
55929
55930
55931
55932
55933
55934
55941
55942
55943
55944
55947
55948
55949
55952
55953
55954
55957
55958
55959
55962
55964
55965
55968
55969
55970
55971
55972
55973
55974
55975
55976
55977
55978
55979
55981
55982
55983
55984
55985
55987
55988
55990
55992
55993
55994
55995
55996
55997
55998
55999
