28000
28002
28003
28004
28005
28007
28008
28010
28011
28012
28013
28016
28017
28018
28019
28021
28022
28023
28024
28026
28027
28028
28029
28031
28032
28033
28034
28036
28037
28038
28039
28040
28041
28042
28043
28044
28045
28046
28048
28050
28052
28053
28054
28055
28056
28057
28058
28059
28060
28061
28062
28063
28064
28065
28066
28067
28068
28069
28070
28072
28073
28074
28075
28076
28077
28078
28079
28080
28081
28083
28084
28085
28086
28088
28089
28090
28091
28093
28094
28095
28096
28098
28100
28101
28102
28103
28104
28105
28106
28107
28108
28109
28110
28111
28112
28113
28114
28115
28116
28117
28118
28119
28121
28122
28123
28124
28125
28126
28127
28128
28129
28131
28132
28133
28134
28135
28136
28137
28138
28139
28141
28142
28143
28144
28145
28146
28147
28148
28149
28151
28152
28153
28154
28155
28156
28157
28159
28160
28161
28162
28163
28164
28165
28166
28167
28168
28169
28170
28171
28173
28174
28175
28176
28177
28178
28179
28181
28182
28183
28184
28185
28186
28187
28188
28190
28191
28192
28193
28194
28195
28196
28197
28199
28200
28201
28202
28203
28204
28205
28206
28207
28208
28209
28210
28211
28212
28213
28214
28215
28216
28217
28218
28220
28221
28222
28223
28224
28225
28226
28227
28229
28230
28231
28232
28233
28234
28235
28236
28238
28239
28240
28241
28242
28243
28244
28245
28247
28248
28249
