337750
337751
337752
337753
337754
337755
337756
337757
337758
337759
337760
337761
337762
337763
337764
337765
337766
337767
337768
337769
337770
337771
337772
337773
337774
337775
337776
337777
337778
337779
337780
337781
337782
337783
337784
337785
337786
337787
337788
337789
337790
337791
337792
337793
337794
337795
337797
337798
337799
337800
337801
337802
337803
337804
337805
337806
337807
337808
337809
337810
337811
337812
337813
337814
337816
337817
337818
337819
337820
337821
337822
337823
337824
337825
337826
337827
337828
337830
337831
337832
337833
337835
337836
337837
337838
337839
337840
337841
337842
337844
337845
337846
337847
337848
337849
337850
337851
337852
337853
337854
337855
337856
337857
337858
337859
337860
337863
337864
337869
337872
337873
337878
337881
337882
337885
337886
337887
337888
337889
337890
337891
337892
337893
337894
337897
337898
337899
337900
337902
337903
337905
337906
337907
337908
337912
337913
337914
337919
337920
337923
337924
337925
337930
337931
337932
337933
337935
337936
337937
337939
337940
337942
337943
337944
337945
337946
337947
337949
337950
337951
337952
337953
337954
337955
337956
337957
337958
337959
337960
337961
337962
337963
337964
337965
337966
337968
337969
337970
337971
337972
337973
337974
337975
337976
337977
337978
337979
337980
337981
337982
337983
337984
337985
337986
337987
337988
337989
337990
337991
337992
337993
337994
337995
337996
337998
337999
