112750
112751
112752
112753
112755
112756
112757
112758
112759
112760
112761
112762
112763
112764
112765
112766
112767
112768
112769
112770
112771
112772
112775
112778
112781
112784
112787
112791
112792
112794
112796
112797
112798
112799
112800
112801
112802
112803
112804
112806
112807
112808
112809
112810
112811
112813
112814
112815
112816
112817
112818
112819
112820
112822
112823
112824
112825
112826
112827
112828
112829
112830
112831
112832
112833
112834
112835
112836
112837
112838
112839
112840
112841
112842
112845
112848
112849
112850
112851
112852
112853
112854
112855
112856
112857
112858
112860
112861
112862
112863
112865
112866
112867
112868
112873
112874
112875
112876
112877
112878
112879
112880
112881
112882
112883
112885
112886
112887
112888
112891
112892
112893
112894
112895
112896
112898
112899
112900
112901
112903
112904
112905
112906
112907
112908
112909
112911
112912
112913
112915
112916
112917
112919
112920
112921
112922
112923
112924
112925
112926
112927
112928
112929
112930
112931
112932
112933
112934
112935
112936
112937
112938
112939
112940
112941
112942
112943
112944
112946
112947
112948
112949
112950
112951
112952
112953
112954
112955
112959
112961
112963
112964
112965
112966
112968
112969
112971
112972
112973
112974
112975
112976
112977
112978
112979
112980
112981
112982
112983
112984
112985
112986
112988
112989
112990
112991
112992
112993
112995
112996
112997
112998
112999
