377500
377501
377504
377505
377506
377508
377509
377510
377511
377512
377513
377514
377515
377516
377517
377518
377519
377520
377521
377524
377525
377526
377528
377529
377530
377531
377533
377534
377535
377537
377539
377540
377541
377542
377544
377545
377546
377548
377549
377550
377551
377552
377553
377554
377555
377556
377557
377558
377559
377560
377561
377562
377563
377565
377566
377568
377569
377570
377571
377572
377573
377574
377575
377576
377577
377580
377581
377582
377583
377584
377585
377586
377587
377588
377589
377590
377591
377592
377593
377594
377595
377596
377598
377599
377600
377601
377602
377603
377604
377605
377607
377608
377609
377610
377611
377612
377613
377615
377616
377617
377618
377619
377620
377621
377622
377623
377624
377625
377626
377627
377628
377629
377630
377631
377632
377633
377636
377637
377638
377639
377640
377641
377643
377645
377646
377647
377648
377649
377652
377653
377654
377655
377656
377657
377659
377660
377661
377662
377664
377665
377666
377667
377669
377671
377672
377673
377674
377675
377678
377679
377680
377681
377682
377683
377684
377685
377686
377687
377688
377689
377690
377692
377693
377694
377695
377696
377697
377698
377699
377700
377701
377702
377703
377704
377705
377709
377710
377711
377712
377713
377714
377715
377716
377718
377719
377720
377723
377724
377725
377726
377727
377728
377729
377730
377731
377732
377735
377736
377738
377739
377740
377741
377742
377743
377744
377745
377748
377749
