242000
242001
242002
242003
242004
242006
242007
242008
242009
242010
242011
242012
242013
242014
242015
242016
242017
242018
242019
242020
242021
242022
242023
242024
242025
242026
242027
242028
242029
242030
242031
242032
242033
242034
242035
242036
242037
242038
242042
242043
242044
242045
242046
242047
242048
242049
242051
242052
242054
242055
242056
242057
242058
242059
242060
242061
242063
242064
242065
242066
242068
242069
242070
242071
242072
242074
242075
242077
242078
242079
242080
242081
242082
242083
242085
242087
242088
242089
242090
242091
242092
242095
242096
242097
242098
242099
242100
242101
242102
242103
242104
242105
242106
242107
242108
242109
242110
242111
242112
242113
242114
242115
242116
242117
242118
242119
242120
242121
242122
242123
242124
242125
242126
242127
242128
242129
242130
242131
242132
242133
242134
242135
242136
242137
242138
242140
242141
242142
242143
242145
242146
242147
242148
242149
242150
242151
242152
242153
242155
242156
242157
242158
242159
242160
242161
242162
242163
242164
242165
242166
242167
242168
242169
242170
242171
242172
242173
242174
242175
242176
242177
242178
242179
242180
242181
242183
242184
242185
242186
242187
242188
242189
242190
242191
242192
242193
242194
242195
242196
242198
242199
242200
242201
242203
242204
242207
242208
242209
242210
242211
242214
242216
242217
242218
242220
242221
242222
242224
242225
242226
242227
242228
242229
242231
242232
242234
242240
242241
242242
242243
242244
242245
242246
242247
242248
242249
