203251
203253
203254
203255
203256
203258
203260
203261
203262
203263
203265
203266
203267
203268
203271
203272
203273
203274
203277
203278
203279
203280
203283
203284
203285
203286
203289
203290
203291
203292
203294
203296
203297
203298
203299
203300
203302
203303
203305
203306
203308
203309
203311
203312
203314
203315
203317
203318
203320
203321
203323
203324
203325
203326
203327
203328
203330
203331
203333
203335
203336
203338
203339
203341
203342
203343
203344
203346
203347
203348
203349
203351
203352
203353
203354
203356
203357
203358
203359
203361
203362
203363
203364
203366
203367
203368
203369
203370
203371
203372
203373
203374
203375
203376
203377
203378
203379
203380
203381
203382
203383
203384
203385
203387
203388
203389
203390
203391
203392
203393
203394
203395
203397
203398
203399
203401
203402
203403
203406
203407
203408
203409
203412
203413
203414
203415
203416
203417
203418
203419
203420
203421
203422
203423
203424
203426
203427
203428
203429
203430
203431
203432
203433
203434
203435
203436
203437
203438
203439
203440
203441
203442
203443
203444
203446
203447
203448
203449
203450
203451
203452
203454
203455
203457
203458
203459
203461
203463
203465
203467
203468
203469
203470
203471
203472
203473
203474
203475
203476
203477
203478
203479
203480
203482
203483
203484
203485
203486
203487
203488
203489
203490
203492
203493
203494
203495
203496
203497
203498
203499
