257750
257751
257752
257754
257755
257758
257759
257761
257762
257763
257766
257767
257769
257770
257771
257772
257773
257774
257775
257776
257779
257780
257783
257784
257787
257788
257791
257792
257793
257795
257796
257797
257798
257799
257800
257801
257802
257803
257804
257805
257806
257807
257808
257809
257810
257812
257813
257814
257815
257816
257817
257818
257819
257820
257821
257822
257823
257824
257825
257826
257827
257829
257831
257834
257835
257838
257839
257840
257841
257842
257843
257844
257845
257846
257847
257849
257850
257851
257852
257853
257854
257855
257856
257858
257859
257860
257861
257863
257864
257865
257866
257869
257870
257871
257872
257873
257874
257875
257879
257882
257883
257884
257885
257886
257887
257891
257892
257893
257896
257897
257900
257903
257904
257905
257906
257908
257909
257910
257911
257912
257913
257914
257915
257916
257917
257918
257919
257920
257921
257922
257923
257924
257925
257926
257927
257928
257929
257930
257931
257932
257933
257934
257935
257936
257937
257938
257939
257940
257941
257942
257943
257944
257945
257946
257947
257948
257949
257950
257951
257952
257953
257954
257955
257956
257957
257958
257959
257960
257961
257962
257963
257964
257965
257966
257967
257968
257969
257971
257972
257973
257974
257975
257976
257977
257979
257980
257981
257982
257984
257989
257990
257991
257992
257993
257994
257995
257996
257998
