352500
352501
352504
352505
352506
352508
352509
352510
352511
352512
352513
352515
352516
352517
352518
352519
352520
352521
352522
352524
352526
352527
352528
352529
352530
352532
352533
352534
352535
352536
352537
352538
352539
352541
352542
352543
352545
352546
352547
352550
352551
352552
352553
352555
352556
352557
352558
352559
352561
352562
352563
352565
352566
352567
352569
352570
352571
352573
352574
352575
352576
352578
352579
352580
352581
352582
352583
352584
352585
352586
352587
352588
352589
352590
352591
352592
352593
352594
352595
352596
352598
352599
352600
352602
352603
352604
352605
352606
352607
352608
352609
352610
352611
352612
352613
352614
352615
352616
352618
352619
352620
352621
352623
352624
352625
352626
352627
352628
352629
352630
352631
352632
352633
352634
352635
352636
352637
352638
352639
352640
352641
352643
352644
352645
352646
352648
352649
352650
352652
352653
352654
352655
352656
352657
352659
352660
352661
352662
352663
352665
352666
352667
352668
352669
352670
352671
352672
352673
352674
352675
352676
352677
352678
352679
352680
352681
352682
352683
352684
352685
352687
352688
352689
352690
352692
352693
352694
352696
352697
352698
352699
352700
352701
352702
352703
352705
352706
352707
352708
352709
352710
352711
352712
352713
352714
352715
352716
352717
352718
352719
352720
352721
352722
352723
352725
352726
352727
352730
352731
352732
352733
352734
352736
352738
352739
352740
352742
352743
352744
352746
352747
352748
352749
