322750
322752
322753
322755
322757
322758
322759
322760
322761
322763
322764
322766
322767
322769
322770
322772
322773
322775
322776
322778
322779
322781
322782
322784
322785
322787
322788
322789
322790
322791
322792
322793
322794
322795
322796
322797
322798
322799
322800
322801
322802
322803
322804
322805
322806
322807
322808
322809
322810
322811
322812
322813
322814
322815
322816
322817
322818
322819
322820
322821
322822
322823
322824
322825
322826
322827
322829
322831
322833
322834
322835
322836
322837
322839
322840
322841
322844
322846
322849
322851
322852
322853
322854
322855
322856
322857
322858
322859
322861
322862
322863
322864
322865
322866
322867
322868
322869
322870
322872
322873
322874
322875
322876
322877
322878
322879
322880
322883
322886
322887
322888
322889
322890
322891
322892
322893
322895
322896
322897
322898
322899
322900
322901
322902
322903
322904
322905
322906
322907
322908
322909
322910
322912
322913
322915
322916
322917
322918
322919
322920
322921
322923
322924
322925
322926
322927
322928
322929
322930
322931
322932
322933
322934
322935
322936
322937
322938
322939
322940
322941
322943
322944
322945
322946
322947
322948
322949
322950
322951
322952
322953
322954
322955
322956
322957
322959
322960
322961
322962
322963
322964
322965
322966
322967
322968
322969
322970
322971
322972
322973
322975
322976
322977
322978
322979
322980
322981
322982
322983
322984
322985
322986
322987
322988
322989
322991
322992
322993
322994
322995
322996
322997
322998
322999
