259250
259251
259252
259255
259256
259257
259258
259259
259262
259263
259264
259265
259266
259267
259268
259269
259270
259272
259273
259274
259275
259276
259277
259278
259279
259281
259282
259283
259284
259285
259286
259287
259289
259290
259291
259293
259294
259295
259296
259297
259298
259299
259300
259301
259303
259304
259306
259307
259308
259309
259310
259311
259312
259313
259314
259316
259317
259320
259321
259322
259323
259324
259326
259327
259328
259329
259330
259331
259332
259333
259334
259336
259337
259338
259339
259340
259341
259342
259343
259344
259345
259346
259347
259348
259350
259351
259352
259353
259355
259356
259358
259359
259362
259363
259365
259366
259367
259368
259369
259370
259371
259372
259373
259374
259375
259376
259377
259378
259379
259380
259381
259382
259383
259384
259385
259386
259387
259388
259389
259390
259391
259392
259393
259394
259395
259396
259397
259399
259400
259401
259402
259403
259404
259405
259406
259407
259408
259409
259410
259411
259412
259413
259414
259415
259416
259418
259419
259420
259422
259423
259424
259425
259427
259428
259429
259431
259432
259434
259435
259436
259437
259439
259442
259443
259446
259447
259448
259449
259452
259453
259454
259455
259458
259459
259460
259461
259462
259463
259464
259466
259467
259470
259471
259474
259477
259479
259480
259481
259482
259485
259486
259487
259488
259489
259490
259491
259492
259493
259494
259495
259496
259497
