444000
444001
444002
444005
444006
444010
444011
444015
444016
444018
444019
444020
444022
444023
444025
444026
444027
444029
444030
444032
444033
444034
444037
444039
444040
444041
444042
444043
444044
444045
444046
444047
444048
444049
444050
444051
444052
444054
444056
444057
444058
444059
444060
444061
444062
444064
444065
444066
444067
444068
444069
444070
444071
444072
444073
444074
444075
444076
444077
444078
444079
444080
444082
444083
444084
444085
444086
444087
444088
444089
444090
444091
444092
444094
444095
444096
444097
444098
444099
444100
444101
444102
444103
444104
444105
444106
444107
444108
444109
444110
444111
444112
444113
444114
444115
444116
444117
444118
444119
444120
444121
444122
444123
444124
444125
444126
444127
444128
444129
444130
444131
444132
444133
444134
444135
444136
444137
444138
444139
444140
444141
444142
444143
444144
444145
444146
444147
444150
444151
444152
444153
444154
444155
444157
444158
444160
444161
444162
444163
444164
444165
444166
444167
444168
444169
444170
444171
444173
444174
444176
444177
444179
444180
444182
444183
444184
444185
444186
444187
444188
444189
444190
444191
444192
444193
444194
444195
444196
444197
444198
444199
444200
444201
444202
444203
444204
444205
444206
444207
444208
444209
444210
444212
444213
444214
444215
444216
444217
444219
444220
444221
444222
444223
444225
444226
444227
444228
444229
444232
444233
444234
444236
444237
444238
444239
444240
444243
444244
444246
444247
444248
