81010
81011
81012
81013
81014
81015
81020
81024
81034
81035
81036
81037
81038
81039
81040
81041
81043
81044
81045
81046
81047
81048
81049
81050
81051
81052
81053
81054
81055
81056
81057
81059
81060
81062
81063
81065
81066
81067
81068
81069
81070
81071
81072
81073
81074
81075
81077
81078
81079
81080
81081
81082
81083
81084
81085
81087
81088
81090
81091
81092
81093
81094
81095
81096
81097
81098
81099
81100
81101
81102
81103
81104
81105
81106
81107
81108
81109
81110
81111
81112
81114
81121
81123
81126
81127
81128
81129
81132
81134
81137
81140
81141
81142
81143
81144
81146
81148
81149
81150
81152
81153
81154
81155
81156
81157
81158
81159
81161
81164
81165
81166
81167
81168
81170
81171
81172
81173
81174
81175
81177
81178
81179
81180
81181
81182
81184
81185
81186
81187
81188
81189
81190
81191
81192
81193
81194
81196
81198
81199
81201
81202
81203
81204
81206
81207
81208
81209
81211
81212
81213
81214
81216
81217
81218
81219
81220
81221
81222
81224
81225
81228
81229
81230
81231
81233
81234
81235
81236
81237
81238
81239
81240
81241
81242
81243
81244
81245
81247
81249
