400000
400001
400002
400003
400004
400005
400006
400007
400008
400009
400010
400011
400012
400013
400014
400015
400016
400017
400018
400019
400020
400021
400022
400023
400024
400025
400026
400027
400028
400029
400031
400032
400035
400036
400037
400038
400039
400040
400041
400042
400043
400045
400046
400048
400049
400050
400051
400054
400055
400056
400057
400058
400059
400061
400063
400064
400065
400066
400067
400068
400069
400071
400072
400074
400075
400076
400078
400079
400081
400082
400084
400085
400086
400087
400088
400090
400091
400092
400093
400094
400096
400097
400098
400099
400100
400102
400103
400104
400105
400106
400107
400108
400110
400111
400112
400114
400115
400116
400117
400119
400120
400121
400122
400123
400125
400127
400128
400129
400130
400131
400132
400133
400134
400135
400136
400137
400138
400139
400140
400142
400144
400145
400146
400147
400148
400149
400150
400151
400152
400153
400154
400155
400156
400157
400158
400159
400160
400162
400163
400164
400166
400167
400168
400169
400170
400171
400172
400174
400175
400176
400177
400178
400179
400181
400182
400183
400184
400185
400186
400187
400190
400192
400193
400195
400196
400197
400198
400199
400200
400201
400202
400203
400204
400205
400206
400207
400208
400210
400211
400212
400213
400214
400215
400216
400217
400219
400221
400222
400223
400224
400225
400226
400227
400228
400231
400233
400236
400237
400238
400239
400240
400241
400243
400244
400246
400247
400248
400249
