435500
435501
435502
435503
435504
435505
435506
435507
435508
435509
435510
435511
435512
435513
435514
435515
435516
435517
435518
435519
435521
435522
435523
435525
435526
435529
435530
435531
435532
435533
435534
435535
435536
435537
435539
435540
435542
435544
435545
435546
435547
435548
435550
435552
435553
435554
435555
435556
435557
435558
435560
435562
435563
435564
435566
435567
435568
435569
435571
435572
435573
435574
435575
435577
435578
435579
435581
435583
435584
435585
435587
435591
435592
435593
435594
435595
435596
435597
435598
435599
435600
435601
435602
435603
435604
435605
435606
435607
435608
435609
435613
435614
435615
435617
435618
435621
435622
435623
435624
435625
435626
435627
435628
435629
435630
435631
435634
435635
435636
435637
435638
435639
435643
435644
435645
435646
435647
435648
435650
435651
435652
435653
435654
435657
435659
435660
435661
435662
435663
435664
435665
435666
435667
435671
435672
435674
435675
435677
435678
435679
435680
435683
435684
435685
435686
435687
435688
435689
435690
435691
435692
435693
435694
435696
435697
435698
435699
435700
435702
435703
435705
435706
435708
435709
435710
435711
435712
435713
435714
435715
435717
435718
435720
435721
435722
435723
435724
435725
435726
435728
435729
435730
435732
435733
435734
435736
435737
435739
435740
435742
435743
435745
435746
435747
435749
