383750
383751
383752
383753
383754
383755
383756
383757
383758
383759
383760
383761
383763
383764
383765
383766
383769
383770
383771
383774
383775
383776
383778
383779
383780
383781
383783
383784
383785
383786
383787
383788
383789
383790
383791
383793
383794
383796
383797
383799
383800
383802
383803
383805
383806
383808
383809
383811
383812
383813
383814
383815
383817
383818
383820
383821
383823
383824
383826
383827
383829
383830
383832
383833
383835
383836
383837
383838
383839
383840
383841
383843
383844
383845
383846
383847
383848
383849
383851
383853
383854
383855
383857
383858
383859
383860
383861
383862
383864
383865
383866
383867
383868
383870
383871
383872
383873
383874
383875
383876
383877
383878
383879
383881
383882
383884
383885
383886
383887
383888
383889
383890
383891
383892
383893
383894
383895
383896
383897
383898
383899
383901
383902
383903
383904
383905
383906
383907
383909
383910
383911
383912
383913
383914
383915
383916
383917
383920
383921
383923
383924
383925
383927
383928
383929
383931
383932
383933
383935
383936
383937
383938
383939
383940
383941
383942
383943
383944
383945
383946
383947
383948
383949
383950
383951
383954
383956
383957
383958
383960
383961
383962
383963
383964
383965
383966
383967
383968
383969
383970
383971
383972
383974
383976
383977
383978
383979
383980
383981
383985
383988
383989
383990
383991
383992
383993
383995
383996
383997
383998
