258500
258503
258504
258505
258506
258507
258508
258509
258510
258511
258512
258513
258514
258515
258516
258517
258518
258520
258524
258526
258527
258528
258529
258531
258532
258533
258534
258535
258536
258537
258538
258540
258541
258542
258543
258544
258545
258546
258547
258548
258549
258550
258552
258553
258555
258556
258558
258559
258561
258562
258564
258565
258567
258568
258569
258570
258571
258572
258573
258574
258575
258576
258577
258579
258580
258581
258582
258584
258586
258587
258589
258590
258592
258593
258594
258595
258596
258597
258598
258603
258605
258606
258607
258608
258609
258610
258611
258612
258614
258615
258616
258617
258618
258619
258620
258621
258622
258623
258624
258625
258626
258627
258628
258629
258631
258632
258633
258634
258635
258636
258637
258638
258639
258640
258643
258644
258648
258650
258651
258652
258653
258654
258655
258656
258657
258658
258659
258660
258661
258663
258664
258665
258667
258668
258669
258670
258671
258672
258673
258675
258676
258677
258678
258679
258681
258682
258683
258687
258688
258691
258692
258694
258695
258696
258697
258698
258699
258700
258701
258702
258703
258704
258705
258706
258707
258708
258709
258710
258711
258712
258713
258714
258715
258716
258718
258719
258720
258721
258722
258723
258724
258725
258728
258729
258730
258731
258732
258733
258734
258735
258736
258737
258738
258739
258740
258741
258742
258743
258745
258746
258748
258749
