409750
409751
409752
409753
409754
409755
409756
409757
409759
409760
409761
409762
409765
409766
409768
409769
409770
409772
409773
409777
409779
409780
409781
409782
409783
409785
409786
409787
409788
409789
409790
409791
409792
409793
409794
409795
409796
409797
409798
409800
409801
409802
409803
409805
409806
409808
409809
409811
409812
409813
409814
409815
409816
409818
409819
409821
409822
409824
409825
409826
409827
409828
409829
409830
409831
409832
409833
409834
409835
409836
409837
409838
409839
409840
409841
409843
409844
409845
409846
409847
409848
409850
409851
409854
409855
409856
409857
409858
409859
409860
409861
409862
409864
409865
409866
409867
409868
409869
409870
409871
409872
409875
409876
409877
409878
409879
409881
409882
409884
409885
409887
409888
409889
409890
409891
409894
409895
409896
409897
409898
409899
409900
409903
409904
409905
409906
409908
409909
409911
409912
409913
409914
409915
409916
409919
409920
409921
409924
409925
409926
409927
409928
409930
409931
409932
409933
409934
409935
409936
409937
409938
409939
409940
409941
409942
409943
409944
409945
409946
409947
409948
409949
409950
409951
409952
409954
409955
409956
409958
409959
409960
409962
409963
409964
409966
409967
409968
409970
409971
409972
409974
409975
409976
409977
409978
409979
409981
409982
409983
409984
409985
409986
409987
409988
409990
409991
409992
409993
409994
409996
409997
409998
409999
