239250
239251
239252
239253
239254
239255
239256
239257
239258
239259
239260
239261
239262
239263
239264
239265
239266
239267
239268
239269
239270
239271
239272
239273
239274
239275
239276
239277
239278
239279
239280
239282
239285
239286
239288
239289
239290
239291
239292
239293
239294
239295
239296
239297
239299
239300
239301
239302
239303
239304
239305
239306
239307
239308
239309
239310
239311
239312
239313
239314
239315
239316
239317
239318
239319
239320
239321
239322
239323
239325
239327
239328
239330
239331
239332
239333
239334
239335
239336
239337
239338
239341
239342
239343
239344
239345
239346
239348
239349
239350
239351
239354
239355
239356
239357
239359
239360
239361
239362
239363
239364
239365
239366
239368
239374
239375
239376
239377
239381
239382
239383
239384
239385
239386
239388
239389
239390
239391
239392
239393
239394
239395
239396
239397
239398
239399
239401
239402
239403
239404
239405
239406
239407
239408
239409
239410
239411
239412
239413
239414
239415
239416
239417
239418
239419
239420
239421
239423
239424
239426
239427
239428
239429
239431
239432
239433
239434
239435
239436
239437
239438
239439
239443
239444
239445
239446
239447
239448
239449
239450
239451
239452
239453
239454
239455
239456
239457
239458
239459
239460
239462
239463
239464
239465
239466
239467
239468
239469
239470
239471
239472
239473
239476
239477
239478
239479
239480
239481
239484
239485
239486
239487
239488
239489
239490
239491
239492
239493
239494
239495
239496
239497
239498
239499
