391001
391002
391003
391004
391006
391008
391010
391011
391012
391014
391015
391016
391017
391018
391019
391021
391022
391023
391024
391025
391026
391027
391028
391029
391031
391032
391034
391036
391037
391038
391039
391040
391041
391042
391043
391044
391045
391046
391048
391049
391055
391056
391060
391061
391065
391066
391067
391068
391069
391071
391072
391073
391074
391075
391076
391077
391078
391079
391080
391081
391082
391083
391084
391085
391086
391087
391089
391090
391091
391093
391094
391095
391096
391097
391098
391099
391101
391102
391103
391104
391105
391106
391107
391110
391111
391112
391113
391115
391116
391117
391118
391119
391120
391121
391122
391123
391125
391126
391127
391128
391129
391130
391131
391132
391133
391134
391135
391136
391137
391138
391139
391140
391141
391142
391143
391144
391145
391146
391147
391148
391149
391150
391151
391152
391153
391154
391155
391156
391157
391158
391159
391160
391161
391162
391163
391164
391165
391166
391167
391168
391169
391170
391171
391172
391173
391174
391175
391176
391177
391178
391179
391182
391183
391184
391185
391186
391187
391188
391189
391191
391192
391193
391194
391195
391196
391197
391198
391199
391200
391202
391203
391204
391205
391206
391208
391210
391211
391212
391214
391215
391216
391217
391218
391220
391221
391222
391224
391225
391226
391227
391228
391229
391230
391231
391233
391234
391235
391236
391237
391239
391240
391241
391242
391243
391244
391245
391247
391248
391249
