143750
143751
143752
143753
143754
143755
143756
143758
143759
143760
143762
143763
143764
143765
143766
143767
143768
143769
143770
143771
143772
143773
143774
143775
143776
143777
143778
143779
143780
143781
143782
143783
143784
143785
143786
143788
143789
143790
143793
143794
143795
143796
143797
143798
143799
143800
143801
143803
143804
143805
143806
143807
143808
143809
143810
143811
143813
143815
143816
143817
143818
143819
143820
143821
143822
143826
143827
143828
143829
143834
143835
143836
143837
143838
143839
143840
143841
143842
143843
143844
143845
143846
143847
143848
143849
143850
143851
143852
143853
143854
143855
143856
143857
143858
143859
143860
143861
143862
143863
143864
143865
143866
143871
143872
143873
143878
143879
143880
143881
143882
143883
143884
143885
143887
143888
143890
143891
143893
143894
143895
143896
143907
143908
143909
143910
143912
143913
143916
143917
143918
143919
143920
143921
143922
143923
143924
143925
143926
143927
143928
143929
143930
143931
143932
143933
143934
143935
143936
143937
143938
143939
143940
143941
143942
143943
143944
143945
143946
143947
143948
143949
143950
143951
143952
143955
143956
143957
143959
143960
143961
143962
143963
143964
143965
143966
143967
143968
143969
143970
143971
143972
143973
143974
143975
143976
143977
143978
143979
143980
143981
143982
143983
143984
143985
143987
143988
143989
143991
143993
143994
143995
143996
143997
143998
143999
