400250
400251
400252
400253
400255
400256
400257
400259
400260
400262
400263
400264
400265
400266
400267
400268
400269
400270
400271
400272
400273
400274
400275
400276
400277
400278
400279
400280
400282
400283
400284
400285
400286
400287
400289
400291
400292
400293
400294
400295
400296
400297
400298
400299
400300
400302
400303
400304
400305
400306
400307
400308
400309
400310
400311
400312
400313
400314
400315
400316
400317
400318
400319
400320
400321
400322
400323
400324
400325
400326
400327
400328
400329
400330
400332
400333
400334
400335
400337
400338
400339
400340
400342
400343
400344
400345
400346
400347
400349
400350
400351
400353
400354
400355
400356
400357
400358
400360
400362
400363
400365
400366
400367
400368
400369
400370
400371
400372
400373
400374
400375
400376
400377
400378
400379
400382
400383
400384
400385
400386
400387
400389
400390
400391
400393
400394
400395
400396
400397
400398
400400
400401
400402
400404
400405
400406
400407
400408
400409
400410
400412
400413
400414
400415
400416
400417
400418
400420
400422
400423
400424
400425
400426
400427
400428
400431
400432
400433
400434
400435
400436
400437
400440
400441
400444
400445
400446
400447
400448
400449
400450
400451
400453
400454
400455
400456
400457
400458
400459
400461
400462
400463
400464
400465
400466
400467
400468
400469
400470
400471
400472
400473
400474
400475
400476
400477
400478
400479
400480
400481
400482
400483
400484
400485
400486
400487
400488
400489
400490
400491
400492
400493
400494
400495
400496
400498
400499
