264500
264501
264502
264503
264504
264505
264506
264507
264508
264511
264512
264513
264517
264518
264519
264520
264521
264523
264524
264525
264529
264530
264531
264532
264533
264535
264536
264537
264541
264542
264543
264544
264545
264547
264548
264549
264553
264554
264555
264556
264557
264559
264560
264561
264565
264566
264567
264568
264569
264570
264571
264572
264573
264574
264576
264577
264578
264582
264583
264584
264585
264586
264588
264589
264591
264592
264593
264594
264595
264596
264597
264598
264599
264600
264602
264603
264604
264605
264606
264607
264609
264610
264611
264612
264614
264615
264616
264617
264618
264619
264620
264621
264622
264623
264624
264625
264626
264627
264628
264629
264630
264631
264632
264633
264634
264635
264636
264637
264638
264639
264640
264641
264643
264644
264645
264646
264647
264649
264650
264651
264653
264654
264655
264657
264658
264659
264660
264661
264662
264664
264665
264666
264668
264669
264670
264671
264672
264673
264675
264677
264678
264679
264680
264681
264682
264683
264684
264685
264686
264687
264689
264690
264692
264693
264694
264695
264696
264697
264698
264699
264700
264702
264703
264704
264705
264706
264708
264709
264710
264711
264712
264713
264714
264715
264717
264718
264720
264721
264722
264723
264724
264725
264727
264728
264730
264731
264732
264733
264734
264735
264737
264738
264740
264741
264742
264744
264745
264746
264747
264748
264749
