74500
74502
74503
74504
74505
74506
74507
74512
74513
74514
74515
74517
74519
74521
74522
74523
74524
74525
74527
74528
74529
74530
74531
74532
74535
74536
74537
74538
74539
74540
74541
74543
74544
74545
74547
74548
74549
74550
74551
74553
74554
74557
74558
74559
74560
74561
74562
74563
74565
74566
74567
74568
74569
74570
74571
74572
74573
74574
74575
74576
74577
74579
74581
74582
74583
74586
74587
74588
74589
74590
74592
74594
74595
74596
74598
74599
74600
74601
74602
74603
74604
74605
74606
74607
74608
74610
74611
74612
74613
74614
74615
74617
74618
74619
74620
74621
74623
74624
74625
74626
74627
74628
74629
74630
74631
74632
74633
74634
74635
74636
74637
74638
74639
74640
74641
74642
74643
74644
74645
74646
74647
74648
74649
74650
74651
74652
74653
74654
74655
74656
74657
74658
74659
74660
74661
74662
74663
74665
74666
74667
74668
74669
74671
74672
74673
74674
74675
74676
74677
74678
74679
74680
74681
74682
74683
74684
74688
74689
74690
74692
74693
74694
74695
74697
74703
74704
74705
74706
74707
74708
74710
74713
74714
74715
74716
74717
74718
74719
74720
74721
74722
74723
74724
74725
74727
74728
74729
74730
74732
74733
74737
74739
74740
74741
74742
74743
74744
74745
74746
74747
74748
74749
