315000
315001
315002
315003
315004
315005
315006
315007
315008
315009
315010
315011
315012
315013
315014
315015
315016
315017
315018
315019
315020
315021
315022
315023
315024
315025
315026
315027
315028
315029
315030
315031
315032
315033
315034
315035
315036
315037
315038
315039
315040
315041
315042
315043
315044
315045
315046
315047
315048
315050
315051
315052
315053
315054
315055
315056
315057
315058
315060
315061
315063
315064
315065
315066
315068
315069
315070
315072
315073
315074
315075
315076
315077
315078
315079
315080
315081
315082
315083
315084
315085
315086
315087
315088
315090
315092
315093
315094
315095
315096
315097
315098
315100
315101
315102
315103
315104
315105
315107
315108
315109
315110
315111
315112
315114
315115
315116
315117
315118
315119
315121
315122
315123
315124
315125
315126
315128
315129
315132
315133
315134
315135
315137
315138
315139
315140
315141
315142
315143
315144
315145
315147
315149
315150
315151
315152
315153
315154
315155
315157
315159
315160
315162
315163
315165
315166
315167
315168
315169
315170
315171
315172
315173
315174
315175
315176
315178
315180
315181
315182
315184
315185
315186
315188
315190
315191
315192
315194
315195
315196
315198
315200
315201
315202
315204
315205
315206
315207
315208
315209
315210
315211
315212
315213
315214
315215
315216
315217
315219
315220
315221
315222
315224
315225
315227
315228
315230
315232
315233
315235
315236
315237
315240
315241
315242
315244
315245
315246
315248
315249
