4500
4501
4502
4503
4504
4506
4508
4509
4511
4512
4513
4515
4517
4518
4519
4521
4523
4524
4525
4526
4527
4528
4529
4530
4531
4532
4533
4534
4535
4536
4538
4542
4543
4544
4545
4546
4547
4549
4551
4552
4553
4554
4555
4557
4559
4560
4561
4562
4563
4565
4566
4570
4571
4573
4574
4576
4577
4578
4579
4580
4581
4582
4583
4584
4585
4588
4589
4590
4591
4592
4593
4594
4596
4600
4602
4604
4608
4609
4611
4615
4617
4618
4619
4621
4622
4626
4627
4628
4629
4630
4631
4633
4637
4638
4639
4640
4641
4644
4646
4648
4649
4652
4653
4655
4657
4658
4659
4661
4665
4666
4668
4672
4673
4675
4679
4680
4681
4682
4684
4686
4687
4688
4689
4690
4691
4692
4693
4694
4695
4696
4697
4699
4700
4702
4704
4705
4706
4707
4708
4711
4712
4725
4726
4727
4728
4729
4730
4731
4732
4733
4735
4736
4738
4739
4740
4741
4749
