117500
117501
117502
117503
117506
117507
117508
117509
117511
117512
117513
117515
117516
117517
117519
117520
117521
117523
117524
117525
117528
117533
117535
117536
117537
117538
117539
117540
117541
117543
117544
117546
117547
117548
117549
117551
117552
117553
117554
117555
117556
117557
117560
117561
117562
117564
117565
117566
117567
117568
117569
117571
117573
117574
117575
117576
117577
117579
117580
117581
117582
117586
117587
117588
117591
117592
117593
117595
117596
117597
117599
117600
117601
117602
117603
117604
117606
117607
117608
117611
117612
117615
117616
117619
117620
117623
117624
117627
117628
117631
117632
117635
117636
117639
117641
117642
117643
117644
117645
117646
117647
117648
117649
117650
117651
117653
117655
117656
117657
117658
117660
117662
117663
117664
117665
117667
117669
117670
117671
117672
117674
117676
117677
117678
117679
117680
117681
117682
117683
117684
117685
117686
117687
117689
117690
117691
117692
117693
117695
117696
117697
117698
117699
117700
117701
117703
117705
117706
117708
117709
117712
117713
117714
117716
117718
117719
117720
117721
117722
117723
117724
117725
117726
117727
117728
117729
117730
117731
117732
117733
117734
117735
117736
117737
117739
117740
117741
117742
117743
117744
117745
117746
117747
117748
117749
