369002
369007
369012
369013
369014
369015
369016
369017
369018
369019
369022
369023
369024
369025
369026
369027
369028
369029
369030
369031
369032
369033
369034
369035
369036
369038
369039
369040
369042
369043
369046
369047
369048
369049
369050
369051
369052
369053
369054
369055
369056
369057
369058
369059
369060
369061
369062
369063
369064
369065
369066
369067
369068
369069
369070
369071
369072
369073
369074
369076
369077
369080
369081
369082
369083
369084
369085
369086
369088
369089
369090
369091
369092
369093
369094
369095
369098
369099
369100
369101
369102
369104
369105
369106
369107
369108
369109
369110
369111
369112
369113
369114
369115
369116
369117
369118
369120
369121
369122
369123
369124
369126
369127
369128
369129
369131
369132
369133
369134
369135
369136
369137
369138
369139
369140
369141
369142
369143
369144
369145
369146
369147
369148
369149
369150
369151
369152
369153
369154
369155
369156
369157
369158
369159
369160
369161
369162
369163
369164
369165
369166
369167
369168
369169
369170
369171
369172
369173
369174
369175
369176
369177
369178
369179
369181
369182
369183
369184
369186
369187
369188
369191
369192
369193
369194
369195
369196
369197
369198
369199
369200
369202
369204
369205
369206
369207
369208
369209
369210
369213
369214
369215
369216
369217
369218
369219
369220
369222
369223
369224
369225
369226
369227
369228
369229
369230
369232
369233
369235
369236
369238
369239
369241
369242
369244
369245
369247
369248
