437000
437001
437002
437003
437004
437005
437006
437007
437008
437009
437010
437011
437012
437013
437014
437015
437016
437017
437018
437019
437020
437022
437023
437024
437025
437026
437027
437028
437029
437030
437031
437032
437034
437035
437036
437037
437038
437039
437040
437042
437043
437044
437045
437046
437047
437048
437049
437050
437051
437052
437053
437054
437055
437056
437057
437058
437059
437060
437061
437062
437063
437064
437066
437067
437068
437069
437070
437071
437072
437073
437074
437075
437076
437077
437078
437079
437080
437081
437082
437083
437084
437085
437086
437087
437088
437089
437092
437093
437094
437095
437096
437097
437098
437099
437100
437101
437102
437103
437104
437105
437106
437107
437108
437109
437110
437111
437112
437113
437114
437115
437116
437117
437118
437119
437120
437121
437122
437123
437124
437125
437126
437127
437128
437129
437130
437131
437132
437133
437134
437135
437136
437137
437138
437139
437140
437141
437142
437143
437144
437145
437146
437147
437148
437149
437150
437151
437152
437153
437154
437155
437156
437157
437158
437159
437160
437161
437162
437163
437164
437165
437166
437167
437168
437169
437170
437171
437172
437173
437174
437175
437176
437177
437178
437179
437180
437181
437182
437183
437184
437185
437186
437187
437188
437189
437190
437191
437192
437193
437194
437195
437196
437197
437198
437199
437200
437201
437202
437203
437204
437205
437206
437207
437208
437209
437210
437211
437212
437213
437214
437216
437217
437218
437219
437220
437221
437222
437223
437224
437225
437226
437227
437228
437229
437230
437231
437232
437233
437234
437236
437238
437239
437240
437242
437244
437245
437246
437247
437248
437249
