301750
301751
301752
301753
301754
301755
301756
301757
301758
301759
301760
301761
301762
301763
301764
301765
301767
301768
301769
301771
301772
301775
301776
301777
301778
301779
301780
301781
301782
301784
301785
301786
301788
301789
301792
301793
301794
301795
301796
301797
301798
301799
301800
301801
301802
301803
301804
301805
301806
301807
301808
301809
301811
301812
301813
301814
301815
301816
301817
301818
301819
301820
301821
301822
301823
301824
301825
301826
301827
301828
301829
301830
301831
301832
301833
301834
301835
301836
301837
301838
301839
301840
301841
301842
301843
301844
301845
301846
301847
301848
301849
301850
301851
301852
301853
301854
301855
301856
301857
301858
301859
301860
301861
301862
301863
301864
301865
301866
301867
301868
301869
301870
301871
301872
301873
301875
301876
301877
301878
301879
301880
301881
301882
301883
301884
301885
301886
301887
301890
301892
301893
301894
301895
301896
301897
301898
301900
301901
301902
301903
301904
301907
301909
301910
301911
301912
301913
301914
301915
301916
301917
301918
301919
301920
301921
301922
301923
301924
301925
301928
301929
301930
301931
301932
301933
301934
301935
301936
301937
301938
301939
301940
301941
301942
301943
301944
301945
301947
301948
301950
301951
301952
301953
301954
301955
301956
301957
301958
301959
301960
301961
301962
301963
301964
301965
301966
301967
301968
301970
301971
301972
301973
301974
301975
301976
301977
301978
301979
301982
301983
301984
301985
301986
301987
301988
301989
301990
301991
301992
301993
301994
301995
301996
301997
301998
301999
