139000
139001
139002
139003
139004
139005
139006
139007
139008
139009
139010
139011
139012
139013
139014
139015
139016
139017
139018
139019
139020
139021
139022
139023
139024
139025
139026
139027
139028
139029
139031
139032
139033
139034
139035
139037
139038
139039
139040
139041
139044
139045
139047
139048
139049
139050
139051
139053
139054
139055
139058
139059
139060
139062
139065
139066
139068
139069
139070
139071
139074
139075
139076
139078
139081
139082
139085
139086
139087
139089
139090
139093
139094
139095
139097
139099
139102
139103
139104
139105
139106
139107
139108
139109
139111
139112
139113
139115
139116
139117
139118
139120
139121
139122
139124
139125
139135
139136
139137
139138
139140
139141
139142
139143
139144
139145
139146
139147
139148
139154
139157
139159
139160
139161
139163
139164
139167
139168
139169
139170
139174
139176
139177
139178
139179
139181
139183
139185
139186
139187
139188
139189
139191
139192
139194
139195
139196
139197
139199
139200
139202
139203
139204
139205
139206
139207
139209
139210
139211
139212
139213
139214
139215
139216
139217
139219
139220
139222
139224
139225
139226
139227
139228
139229
139231
139232
139235
139236
139237
139238
139239
139240
139243
139244
139245
139246
139247
139248
