82501
82502
82503
82504
82505
82506
82507
82508
82509
82511
82512
82513
82514
82517
82518
82519
82520
82523
82525
82526
82527
82528
82529
82530
82531
82532
82533
82534
82535
82537
82538
82539
82540
82541
82542
82545
82546
82547
82548
82549
82550
82551
82552
82553
82554
82555
82556
82557
82558
82559
82560
82561
82562
82564
82565
82566
82567
82568
82569
82570
82571
82572
82573
82575
82576
82577
82578
82579
82580
82581
82583
82584
82586
82587
82588
82589
82590
82593
82594
82595
82596
82597
82600
82602
82603
82604
82605
82606
82607
82608
82609
82610
82611
82612
82613
82614
82615
82616
82617
82619
82620
82621
82622
82624
82625
82626
82627
82629
82630
82631
82633
82634
82635
82636
82637
82638
82639
82641
82643
82644
82646
82647
82648
82649
82650
82651
82652
82653
82654
82655
82656
82657
82658
82659
82661
82662
82664
82665
82666
82667
82669
82670
82671
82672
82674
82675
82676
82677
82678
82679
82680
82681
82682
82683
82684
82685
82686
82687
82688
82689
82690
82691
82692
82693
82694
82695
82696
82697
82699
82700
82701
82702
82703
82704
82705
82707
82708
82709
82710
82711
82712
82713
82714
82715
82716
82717
82718
82719
82720
82721
82722
82723
82725
82726
82727
82728
82729
82730
82731
82732
82733
82734
82735
82736
82737
82738
82739
82740
82741
82742
82743
82744
82745
82746
82747
82748
82749
