131000
131001
131003
131004
131005
131006
131007
131008
131009
131010
131011
131012
131013
131014
131015
131016
131017
131018
131019
131020
131021
131023
131024
131025
131026
131032
131033
131034
131035
131037
131038
131039
131040
131041
131042
131043
131044
131045
131046
131047
131048
131051
131052
131053
131054
131055
131056
131057
131058
131062
131063
131064
131065
131066
131067
131068
131072
131073
131074
131075
131076
131077
131078
131079
131080
131084
131086
131088
131089
131091
131092
131094
131097
131098
131100
131101
131102
131103
131104
131105
131106
131107
131109
131110
131111
131112
131113
131114
131115
131116
131117
131118
131119
131121
131122
131123
131124
131127
131128
131129
131132
131133
131136
131137
131138
131141
131142
131145
131146
131147
131150
131151
131154
131155
131156
131159
131160
131161
131162
131163
131164
131166
131167
131168
131169
131170
131171
131172
131173
131175
131176
131177
131179
131180
131181
131182
131183
131185
131186
131187
131188
131190
131191
131192
131193
131194
131196
131198
131200
131201
131202
131203
131204
131207
131209
131210
131211
131213
131215
131216
131217
131218
131219
131220
131221
131222
131223
131225
131226
131227
131228
131229
131230
131231
131232
131233
131234
131235
131236
131238
131239
131241
131242
131243
131244
131245
131246
131247
131248
131249
