396500
396501
396503
396506
396507
396508
396510
396511
396512
396513
396514
396515
396516
396517
396518
396519
396520
396521
396522
396523
396524
396526
396527
396528
396529
396530
396531
396532
396533
396534
396535
396536
396538
396539
396540
396541
396542
396543
396544
396545
396546
396547
396548
396551
396554
396555
396556
396557
396558
396560
396561
396562
396563
396564
396565
396566
396567
396568
396569
396570
396571
396572
396573
396574
396575
396576
396577
396578
396579
396580
396587
396588
396589
396590
396591
396592
396593
396594
396595
396596
396597
396598
396599
396600
396601
396602
396603
396604
396605
396606
396607
396608
396609
396610
396611
396612
396613
396614
396615
396616
396617
396618
396619
396621
396623
396624
396625
396627
396628
396629
396631
396632
396633
396635
396636
396637
396639
396640
396642
396643
396644
396645
396646
396647
396648
396650
396651
396652
396653
396654
396655
396656
396658
396659
396665
396671
396672
396673
396674
396675
396676
396677
396678
396679
396680
396681
396682
396683
396684
396685
396686
396687
396688
396689
396690
396691
396692
396693
396694
396695
396696
396700
396701
396702
396703
396704
396705
396706
396707
396708
396709
396710
396711
396713
396714
396715
396716
396717
396719
396720
396721
396723
396724
396725
396726
396727
396730
396731
396732
396733
396735
396736
396737
396738
396739
396740
396741
396742
396743
396744
396745
396746
396748
396749
