19000
19002
19003
19004
19005
19006
19008
19009
19012
19013
19015
19016
19018
19019
19020
19021
19022
19023
19024
19025
19026
19027
19028
19029
19030
19031
19032
19034
19037
19038
19039
19040
19041
19042
19043
19044
19045
19046
19048
19049
19051
19053
19054
19055
19056
19057
19058
19059
19060
19061
19062
19063
19066
19070
19071
19072
19073
19074
19075
19077
19078
19079
19080
19081
19085
19086
19087
19090
19091
19092
19093
19094
19095
19096
19097
19099
19100
19101
19102
19103
19104
19106
19107
19108
19110
19111
19112
19113
19114
19115
19119
19120
19121
19122
19123
19124
19125
19126
19127
19130
19145
19146
19147
19148
19149
19150
19151
19156
19160
19161
19162
19163
19164
19165
19166
19167
19168
19169
19171
19172
19173
19174
19176
19177
19178
19179
19182
19183
19187
19188
19189
19190
19193
19194
19196
19197
19199
19200
19201
19202
19204
19205
19206
19207
19209
19210
19213
19214
19216
19217
19218
19219
19221
19222
19223
19224
19225
19226
19227
19228
19229
19232
19234
19235
19236
19237
19238
19239
19240
19241
19242
19247
19248
