41000
41003
41005
41008
41010
41011
41012
41013
41014
41015
41017
41018
41020
41021
41023
41025
41026
41028
41030
41031
41033
41035
41036
41038
41039
41040
41041
41042
41044
41045
41046
41047
41048
41049
41051
41053
41055
41057
41058
41059
41064
41065
41066
41067
41068
41069
41071
41072
41073
41074
41075
41076
41077
41078
41079
41080
41082
41083
41084
41085
41086
41087
41089
41090
41091
41092
41093
41094
41095
41096
41097
41098
41099
41100
41102
41103
41104
41105
41106
41107
41108
41109
41110
41111
41112
41113
41114
41116
41117
41118
41121
41122
41123
41124
41127
41128
41129
41130
41133
41134
41135
41136
41137
41138
41139
41141
41142
41143
41145
41146
41147
41149
41154
41155
41158
41159
41160
41161
41162
41163
41166
41168
41169
41171
41177
41182
41183
41184
41185
41186
41188
41189
41190
41191
41193
41194
41195
41197
41209
41210
41211
41212
41214
41215
41216
41217
41218
41220
41221
41222
41223
41224
41225
41226
41227
41228
41231
41232
41235
41236
41237
41238
41239
41240
41241
41242
41243
41244
41245
41246
41247
41248
41249
