215250
215251
215253
215254
215256
215257
215258
215259
215260
215261
215262
215263
215264
215265
215268
215269
215270
215271
215272
215273
215274
215275
215276
215277
215278
215279
215280
215281
215282
215283
215284
215285
215286
215287
215289
215290
215291
215293
215294
215295
215297
215299
215300
215301
215302
215304
215305
215306
215307
215308
215309
215310
215311
215316
215317
215318
215319
215321
215322
215323
215324
215326
215327
215328
215329
215330
215331
215332
215333
215334
215335
215336
215337
215338
215339
215340
215341
215342
215343
215344
215346
215347
215348
215349
215353
215356
215357
215358
215360
215361
215362
215363
215364
215365
215366
215367
215368
215369
215370
215371
215372
215373
215374
215375
215376
215377
215378
215379
215380
215381
215382
215383
215384
215385
215386
215387
215388
215389
215390
215392
215393
215394
215395
215396
215398
215399
215400
215401
215402
215403
215404
215405
215406
215407
215408
215409
215410
215411
215413
215414
215415
215416
215417
215418
215420
215423
215424
215426
215427
215429
215431
215432
215433
215434
215435
215437
215443
215445
215447
215448
215449
215451
215452
215453
215454
215455
215457
215458
215466
215467
215468
215469
215470
215471
215472
215473
215475
215476
215477
215478
215480
215481
215482
215483
215484
215485
215486
215487
215488
215489
215490
215491
215492
215493
215494
215496
215498
