106554
106557
106558
106559
106560
106562
106564
106565
106566
106568
106570
106571
106572
106573
106574
106575
106576
106579
106580
106581
106582
106583
106584
106585
106586
106587
106588
106589
106590
106591
106592
106593
106594
106595
106596
106597
106598
106599
106600
106601
106602
106605
106606
106607
106608
106611
106613
106614
106615
106616
106617
106619
106620
106621
106622
106623
106624
106625
106626
106627
106628
106629
106630
106631
106632
106633
106634
106635
106636
106637
106638
106639
106640
106641
106642
106643
106644
106645
106646
106649
106650
106651
106652
106653
106655
106656
106658
106659
106660
106661
106662
106663
106665
106666
106669
106670
106672
106674
106675
106676
106677
106678
106679
106681
106682
106683
106684
106685
106689
106690
106691
106692
106693
106694
106695
106696
106697
106698
106700
106701
106702
106703
106704
106706
106707
106708
106709
106710
106712
106713
106714
106715
106716
106717
106718
106719
106720
106721
106722
106723
106730
106731
106732
106733
106734
106735
106736
106737
106738
106739
106740
106741
106742
106743
106744
106745
106746
106749
