351250
351251
351253
351254
351255
351256
351257
351258
351259
351262
351263
351264
351265
351269
351270
351271
351273
351274
351277
351280
351282
351283
351284
351285
351286
351287
351288
351289
351292
351293
351294
351295
351296
351297
351298
351301
351302
351303
351304
351305
351307
351308
351309
351310
351311
351312
351313
351314
351315
351318
351319
351320
351321
351322
351324
351325
351326
351327
351328
351329
351330
351331
351332
351333
351334
351335
351336
351337
351338
351343
351344
351347
351348
351349
351350
351351
351352
351353
351355
351357
351358
351360
351361
351362
351363
351364
351366
351367
351368
351369
351370
351371
351373
351374
351376
351377
351378
351379
351380
351381
351382
351384
351385
351386
351387
351389
351390
351391
351392
351393
351394
351395
351396
351397
351398
351399
351400
351401
351402
351403
351404
351405
351406
351407
351408
351409
351410
351411
351413
351414
351415
351416
351417
351418
351419
351420
351421
351422
351423
351424
351425
351426
351427
351428
351429
351430
351433
351434
351436
351437
351438
351440
351441
351442
351443
351445
351446
351447
351448
351449
351451
351452
351454
351455
351456
351457
351459
351460
351461
351462
351463
351465
351466
351467
351468
351469
351470
351471
351472
351474
351475
351476
351478
351479
351481
351482
351483
351484
351486
351487
351489
351490
351491
351492
351493
351494
351495
351496
351497
351498
351499
