298503
298504
298508
298509
298510
298512
298514
298516
298518
298520
298522
298523
298524
298525
298526
298527
298528
298529
298531
298532
298536
298537
298538
298539
298541
298542
298543
298544
298545
298546
298547
298548
298549
298550
298551
298552
298553
298554
298555
298556
298557
298558
298559
298560
298561
298562
298563
298564
298565
298566
298567
298568
298569
298571
298572
298573
298574
298575
298576
298577
298578
298579
298580
298581
298582
298583
298584
298585
298587
298588
298589
298590
298592
298594
298595
298596
298597
298599
298600
298601
298602
298603
298604
298605
298606
298607
298609
298610
298611
298612
298614
298615
298616
298617
298619
298620
298621
298622
298623
298624
298625
298626
298627
298628
298629
298630
298631
298632
298633
298636
298637
298638
298639
298640
298641
298642
298643
298644
298645
298646
298647
298648
298649
298650
298651
298652
298653
298654
298655
298656
298657
298659
298660
298661
298662
298663
298664
298665
298666
298667
298669
298670
298671
298672
298673
298674
298675
298676
298677
298679
298680
298681
298682
298683
298684
298686
298687
298688
298689
298691
298692
298693
298694
298695
298696
298697
298698
298699
298700
298701
298702
298703
298704
298705
298706
298707
298708
298709
298710
298711
298712
298713
298714
298716
298719
298720
298721
298722
298723
298724
298725
298727
298728
298729
298730
298731
298732
298733
298734
298735
298736
298738
298739
298740
298742
298743
298744
298745
298747
298748
298749
