332250
332251
332252
332253
332254
332255
332256
332257
332258
332259
332261
332262
332263
332264
332265
332266
332267
332268
332269
332270
332271
332272
332273
332274
332275
332276
332278
332279
332280
332281
332282
332283
332284
332285
332286
332288
332289
332290
332291
332292
332295
332296
332297
332298
332299
332300
332301
332303
332304
332305
332306
332307
332308
332309
332310
332311
332312
332313
332315
332316
332317
332318
332319
332320
332321
332322
332323
332324
332326
332327
332328
332329
332330
332331
332332
332333
332334
332335
332337
332338
332339
332340
332341
332342
332343
332344
332345
332346
332347
332348
332349
332350
332351
332352
332353
332355
332356
332357
332358
332359
332360
332361
332362
332363
332364
332365
332366
332367
332368
332369
332370
332371
332372
332373
332374
332375
332376
332377
332378
332379
332380
332381
332382
332383
332384
332385
332386
332387
332388
332389
332390
332391
332392
332393
332395
332396
332397
332398
332399
332400
332401
332402
332403
332404
332405
332406
332407
332408
332409
332410
332412
332413
332414
332415
332417
332418
332419
332420
332422
332423
332424
332425
332426
332427
332428
332429
332430
332431
332432
332433
332434
332435
332436
332437
332438
332439
332440
332441
332442
332443
332444
332445
332446
332447
332448
332449
332450
332451
332452
332453
332455
332457
332458
332460
332462
332463
332465
332467
332468
332470
332472
332473
332474
332476
332477
332478
332480
332481
332482
332483
332484
332485
332486
332487
332488
332489
332491
332492
332493
332494
332495
332496
332497
332498
332499
