202001
202002
202003
202004
202005
202006
202007
202008
202009
202010
202011
202012
202013
202014
202015
202016
202017
202018
202019
202020
202021
202022
202023
202024
202026
202027
202028
202029
202030
202032
202033
202034
202036
202037
202039
202040
202041
202042
202043
202044
202045
202046
202047
202048
202049
202050
202051
202052
202053
202054
202055
202056
202057
202058
202059
202060
202061
202062
202063
202064
202066
202067
202068
202070
202071
202072
202074
202075
202079
202080
202081
202082
202083
202084
202085
202086
202087
202088
202089
202090
202091
202092
202093
202094
202095
202096
202097
202098
202099
202100
202101
202102
202103
202105
202107
202109
202110
202111
202112
202113
202114
202115
202116
202117
202118
202119
202121
202122
202123
202125
202126
202127
202128
202130
202131
202132
202134
202135
202136
202137
202141
202142
202146
202147
202148
202150
202151
202152
202156
202157
202158
202159
202160
202161
202162
202164
202165
202166
202167
202168
202169
202170
202171
202173
202174
202175
202176
202177
202178
202179
202181
202182
202183
202184
202186
202187
202188
202189
202190
202191
202192
202194
202195
202196
202197
202199
202200
202202
202203
202204
202205
202210
202215
202216
202217
202220
202221
202222
202225
202226
202227
202230
202231
202232
202235
202236
202237
202238
202239
202240
202243
202244
202245
202246
202247
202249
