243000
243001
243002
243003
243004
243005
243006
243007
243008
243009
243010
243011
243013
243014
243017
243018
243019
243020
243023
243024
243025
243026
243030
243031
243032
243033
243034
243035
243037
243038
243040
243041
243042
243043
243044
243045
243046
243047
243048
243049
243050
243054
243055
243056
243057
243059
243060
243062
243064
243066
243067
243068
243069
243070
243071
243072
243073
243074
243075
243076
243077
243078
243079
243080
243082
243083
243084
243086
243087
243088
243089
243090
243091
243092
243093
243094
243095
243096
243097
243099
243100
243101
243102
243103
243104
243106
243107
243109
243110
243111
243112
243113
243114
243115
243116
243120
243121
243122
243123
243124
243128
243129
243131
243132
243133
243134
243135
243136
243137
243138
243139
243141
243142
243143
243144
243145
243147
243148
243149
243151
243152
243153
243154
243155
243156
243157
243158
243159
243160
243161
243162
243163
243164
243165
243166
243167
243168
243169
243170
243171
243172
243173
243174
243175
243176
243177
243178
243179
243180
243181
243182
243183
243184
243185
243186
243187
243188
243189
243190
243191
243192
243194
243195
243196
243197
243198
243200
243201
243202
243203
243205
243206
243207
243208
243209
243210
243211
243213
243215
243216
243217
243218
243219
243220
243221
243223
243224
243225
243226
243228
243229
243230
243231
243232
243233
243234
243235
243236
243237
243239
243240
243241
243242
243244
243245
243246
243247
243248
243249
