191750
191751
191752
191753
191754
191755
191757
191758
191759
191760
191761
191762
191764
191765
191766
191767
191768
191769
191771
191772
191773
191774
191775
191776
191778
191779
191780
191781
191782
191783
191785
191786
191787
191788
191789
191790
191792
191793
191794
191795
191796
191797
191799
191800
191801
191802
191803
191804
191805
191806
191807
191808
191809
191810
191811
191812
191813
191814
191815
191816
191817
191818
191819
191820
191821
191822
191823
191824
191825
191826
191827
191829
191830
191831
191832
191833
191834
191835
191836
191837
191838
191839
191840
191841
191842
191843
191844
191845
191846
191847
191848
191849
191850
191851
191852
191853
191854
191855
191857
191858
191859
191861
191863
191864
191865
191866
191867
191868
191869
191870
191871
191872
191873
191874
191875
191876
191877
191878
191879
191880
191881
191882
191883
191884
191885
191886
191887
191888
191889
191890
191891
191892
191893
191894
191895
191896
191897
191898
191899
191900
191901
191902
191903
191904
191906
191907
191908
191909
191910
191912
191913
191918
191919
191920
191921
191922
191924
191925
191926
191927
191928
191929
191930
191932
191933
191934
191936
191937
191938
191939
191940
191941
191944
191945
191946
191947
191948
191949
191950
191952
191953
191954
191955
191956
191957
191958
191960
191961
191962
191963
191965
191966
191967
191968
191969
191970
191971
191973
191975
191976
191978
191979
191981
191982
191984
191986
191989
191991
191994
191996
191999
