348000
348001
348003
348004
348005
348006
348008
348009
348010
348011
348012
348014
348015
348017
348018
348019
348020
348021
348022
348023
348024
348025
348026
348027
348028
348029
348030
348031
348032
348033
348037
348039
348040
348042
348043
348044
348045
348046
348047
348048
348049
348050
348051
348052
348053
348054
348055
348056
348057
348059
348060
348061
348063
348064
348066
348067
348068
348069
348071
348072
348074
348075
348076
348077
348078
348079
348080
348081
348082
348083
348084
348085
348086
348088
348089
348090
348092
348093
348094
348095
348098
348099
348100
348101
348102
348103
348104
348105
348106
348109
348110
348111
348113
348114
348115
348116
348117
348118
348119
348120
348121
348122
348123
348124
348126
348128
348130
348131
348132
348134
348135
348137
348138
348140
348141
348142
348143
348145
348146
348147
348148
348150
348151
348152
348153
348154
348155
348156
348158
348159
348160
348162
348163
348165
348166
348168
348169
348170
348171
348172
348173
348174
348175
348176
348177
348178
348179
348180
348181
348182
348183
348184
348185
348186
348187
348188
348189
348190
348191
348192
348194
348195
348197
348198
348209
348210
348211
348212
348213
348214
348215
348216
348217
348218
348219
348220
348221
348222
348225
348226
348227
348228
348229
348230
348231
348232
348233
348237
348238
348239
348240
348242
348243
348244
348246
348247
348248
348249
