99500
99501
99503
99504
99505
99506
99507
99508
99509
99511
99512
99513
99514
99516
99517
99518
99519
99520
99521
99523
99524
99525
99526
99528
99529
99530
99531
99532
99534
99535
99536
99537
99538
99539
99541
99542
99543
99545
99546
99548
99549
99550
99551
99552
99554
99555
99556
99557
99558
99559
99560
99561
99562
99564
99565
99566
99567
99569
99570
99571
99573
99575
99576
99577
99578
99580
99581
99582
99583
99584
99585
99586
99588
99590
99591
99592
99593
99594
99595
99596
99597
99598
99600
99601
99602
99603
99604
99606
99608
99609
99610
99611
99612
99613
99615
99616
99617
99618
99619
99620
99622
99623
99625
99627
99628
99629
99630
99632
99633
99635
99636
99638
99639
99641
99642
99644
99645
99647
99648
99649
99650
99652
99653
99655
99656
99657
99659
99660
99661
99664
99666
99667
99668
99669
99670
99671
99672
99673
99674
99676
99677
99680
99681
99682
99683
99684
99685
99686
99687
99688
99689
99690
99691
99692
99693
99694
99695
99696
99697
99698
99699
99700
99701
99702
99703
99704
99705
99706
99707
99708
99709
99710
99711
99712
99713
99714
99715
99716
99717
99718
99719
99720
99721
99722
99724
99727
99728
99730
99731
99732
99733
99734
99735
99736
99737
99738
99739
99740
99741
99742
99743
99744
99745
99746
99748
99749
