179500
179502
179503
179504
179505
179506
179507
179508
179509
179510
179511
179512
179513
179514
179515
179517
179518
179519
179520
179522
179523
179524
179525
179527
179528
179529
179530
179531
179532
179533
179534
179535
179536
179537
179538
179539
179540
179541
179542
179543
179544
179545
179546
179547
179548
179550
179551
179552
179553
179554
179555
179556
179557
179558
179559
179560
179561
179562
179563
179564
179565
179566
179567
179568
179569
179570
179571
179572
179574
179575
179576
179577
179578
179579
179580
179581
179584
179585
179586
179587
179588
179589
179590
179591
179592
179593
179594
179595
179596
179598
179599
179600
179601
179602
179603
179605
179606
179607
179608
179609
179610
179611
179612
179613
179614
179615
179616
179617
179618
179620
179621
179622
179623
179624
179625
179627
179628
179629
179630
179631
179632
179633
179634
179635
179636
179637
179638
179639
179640
179641
179643
179644
179645
179646
179647
179648
179649
179650
179651
179652
179653
179654
179655
179656
179657
179658
179659
179660
179661
179662
179664
179666
179667
179668
179669
179670
179671
179672
179673
179674
179675
179676
179677
179678
179679
179680
179681
179682
179683
179684
179685
179686
179688
179689
179690
179692
179693
179697
179698
179699
179700
179701
179702
179703
179707
179708
179709
179710
179711
179712
179713
179717
179718
179719
179720
179721
179727
179729
179740
179741
179742
179743
179744
179746
179747
179749
