109750
109751
109752
109753
109756
109758
109759
109760
109761
109762
109763
109764
109766
109767
109769
109770
109771
109772
109773
109774
109775
109776
109777
109778
109779
109780
109781
109782
109783
109785
109786
109787
109788
109789
109791
109792
109793
109794
109795
109796
109797
109798
109803
109805
109806
109807
109808
109809
109810
109811
109812
109813
109814
109815
109817
109818
109819
109820
109821
109822
109823
109824
109825
109826
109827
109828
109829
109830
109831
109832
109833
109836
109837
109838
109839
109840
109842
109843
109845
109848
109850
109851
109852
109853
109855
109857
109858
109860
109870
109872
109873
109874
109875
109876
109878
109879
109880
109881
109882
109883
109884
109885
109887
109888
109889
109890
109892
109894
109895
109898
109899
109900
109901
109904
109905
109906
109907
109909
109910
109911
109912
109913
109914
109915
109916
109917
109918
109919
109920
109921
109922
109923
109924
109925
109926
109928
109929
109931
109932
109933
109935
109936
109942
109943
109944
109945
109946
109948
109950
109952
109953
109954
109956
109957
109959
109961
109962
109963
109964
109965
109966
109967
109968
109969
109971
109972
109974
109975
109976
109978
109979
109980
109981
109982
109983
109984
109985
109986
109987
109988
109989
109990
109991
109992
109993
109994
109995
109996
109998
109999
