84019
84020
84022
84023
84024
84025
84026
84027
84028
84029
84032
84033
84034
84036
84037
84039
84041
84042
84044
84045
84046
84047
84048
84049
84050
84051
84052
84053
84054
84056
84057
84058
84059
84061
84062
84063
84064
84065
84066
84067
84068
84069
84070
84071
84072
84073
84074
84075
84076
84077
84078
84079
84080
84082
84083
84086
84087
84088
84090
84091
84092
84093
84094
84095
84096
84097
84098
84099
84100
84101
84102
84103
84104
84105
84106
84107
84108
84109
84110
84111
84112
84113
84114
84115
84116
84117
84118
84119
84120
84123
84124
84125
84126
84127
84128
84129
84130
84131
84134
84135
84136
84138
84140
84141
84142
84143
84144
84145
84146
84148
84149
84150
84151
84152
84153
84154
84155
84156
84157
84158
84159
84160
84162
84163
84165
84166
84170
84172
84173
84174
84176
84177
84178
84179
84181
84182
84184
84185
84186
84187
84189
84190
84191
84192
84194
84195
84196
84197
84198
84199
84201
84202
84203
84205
84206
84207
84209
84210
84211
84213
84214
84215
84217
84218
84219
84221
84222
84223
84224
84225
84226
84227
84228
84229
84230
84231
84232
84233
84234
84236
84237
84238
84240
84241
84242
84243
84244
84245
84246
84247
84248
84249
