218750
218751
218753
218754
218756
218757
218758
218759
218760
218762
218763
218764
218765
218766
218768
218769
218770
218771
218772
218774
218777
218778
218779
218780
218781
218782
218783
218784
218785
218786
218787
218788
218789
218790
218791
218792
218793
218794
218795
218796
218797
218798
218799
218800
218801
218802
218803
218804
218805
218806
218807
218808
218809
218810
218811
218812
218813
218814
218817
218818
218819
218820
218821
218822
218823
218824
218825
218826
218827
218828
218829
218830
218831
218832
218833
218834
218835
218836
218837
218838
218839
218840
218843
218844
218846
218847
218848
218849
218851
218852
218855
218856
218859
218860
218861
218862
218863
218864
218865
218866
218867
218868
218869
218870
218871
218872
218873
218874
218875
218876
218878
218879
218880
218881
218882
218883
218886
218887
218888
218889
218890
218891
218892
218893
218894
218895
218896
218897
218898
218899
218900
218901
218903
218904
218905
218906
218907
218908
218910
218911
218913
218914
218915
218916
218921
218922
218923
218924
218926
218927
218928
218929
218930
218931
218932
218933
218934
218935
218936
218937
218941
218942
218943
218944
218945
218946
218947
218948
218950
218951
218952
218953
218954
218955
218956
218957
218958
218959
218960
218961
218962
218963
218964
218965
218966
218967
218968
218969
218970
218971
218972
218973
218974
218975
218976
218977
218978
218979
218981
218982
218985
218987
218988
218990
218992
218993
218995
218997
218998
218999
