462250
462253
462256
462257
462258
462259
462260
462261
462263
462264
462265
462266
462269
462270
462271
462272
462273
462276
462277
462278
462279
462280
462281
462284
462285
462286
462288
462289
462290
462291
462292
462293
462294
462295
462296
462297
462298
462299
462305
462306
462307
462308
462309
462310
462311
462312
462313
462315
462316
462317
462318
462320
462321
462322
462323
462325
462326
462327
462328
462329
462330
462331
462332
462333
462334
462335
462337
462338
462339
462340
462341
462342
462344
462345
462346
462347
462348
462349
462350
462351
462352
462353
462354
462355
462356
462357
462358
462359
462360
462361
462362
462363
462364
462365
462367
462368
462369
462370
462371
462372
462373
462374
462375
462376
462377
462378
462379
462381
462382
462383
462384
462385
462386
462387
462388
462389
462390
462391
462392
462393
462394
462395
462396
462397
462398
462399
462400
462401
462402
462403
462404
462405
462406
462407
462410
462411
462412
462414
462415
462416
462417
462418
462419
462421
462422
462423
462425
462426
462427
462428
462429
462430
462432
462433
462434
462436
462437
462438
462440
462441
462442
462443
462444
462445
462447
462448
462449
462450
462451
462452
462453
462455
462456
462457
462458
462459
462460
462461
462462
462463
462464
462465
462466
462467
462468
462469
462470
462471
462472
462473
462474
462475
462476
462477
462478
462479
462480
462481
462482
462483
462484
462485
462486
462487
462488
462489
462490
462491
462492
462493
462494
462495
462497
462498
462499
