470250
470251
470252
470253
470254
470255
470256
470257
470258
470259
470260
470261
470262
470263
470264
470265
470266
470267
470280
470281
470282
470283
470284
470285
470286
470287
470288
470289
470290
470291
470292
470293
470294
470295
470296
470297
470298
470299
470300
470301
470302
470303
470307
470308
470309
470311
470312
470313
470314
470315
470316
470317
470318
470319
470323
470324
470326
470327
470328
470329
470331
470332
470333
470335
470336
470338
470339
470340
470341
470343
470344
470346
470347
470348
470349
470350
470351
470352
470353
470354
470355
470357
470358
470360
470361
470362
470363
470364
470365
470366
470367
470368
470369
470370
470371
470372
470374
470375
470376
470378
470379
470380
470381
470382
470383
470384
470385
470386
470387
470388
470390
470392
470393
470394
470395
470396
470397
470398
470399
470400
470401
470402
470403
470404
470405
470406
470407
470409
470410
470411
470412
470413
470414
470415
470416
470418
470419
470421
470422
470423
470425
470426
470427
470428
470430
470431
470434
470435
470438
470439
470440
470442
470443
470444
470446
470447
470448
470449
470451
470452
470453
470454
470455
470456
470457
470458
470461
470462
470463
470464
470465
470466
470467
470468
470469
470470
470471
470472
470474
470476
470481
470482
470483
470484
470485
470486
470487
470488
470490
470492
470493
470495
470496
470497
470499
