399500
399501
399502
399503
399504
399505
399506
399507
399508
399510
399511
399512
399513
399514
399515
399516
399517
399518
399519
399520
399521
399522
399523
399524
399525
399526
399527
399528
399529
399530
399531
399532
399533
399534
399535
399536
399537
399538
399539
399540
399541
399542
399543
399544
399545
399546
399547
399548
399549
399550
399551
399552
399553
399554
399557
399558
399559
399561
399562
399564
399565
399566
399567
399568
399569
399571
399573
399574
399576
399577
399578
399579
399580
399581
399582
399583
399584
399585
399587
399589
399590
399592
399593
399594
399595
399596
399597
399598
399599
399600
399601
399603
399604
399605
399606
399607
399608
399609
399610
399611
399612
399613
399614
399615
399616
399617
399618
399619
399620
399621
399622
399623
399624
399625
399626
399627
399628
399629
399630
399631
399632
399633
399634
399635
399636
399637
399638
399639
399640
399642
399644
399645
399647
399649
399650
399651
399652
399654
399655
399656
399657
399658
399659
399660
399661
399662
399663
399664
399665
399666
399667
399668
399669
399670
399671
399672
399673
399674
399675
399676
399677
399678
399680
399681
399682
399683
399684
399686
399688
399689
399690
399691
399692
399693
399696
399697
399698
399699
399700
399701
399704
399705
399706
399707
399708
399710
399711
399712
399713
399714
399715
399716
399717
399718
399719
399720
399721
399722
399723
399724
399725
399726
399727
399728
399729
399730
399731
399732
399733
399734
399735
399736
399737
399738
399740
399743
399744
399745
399746
399747
399748
399749
