454750
454753
454754
454755
454756
454757
454758
454759
454760
454761
454762
454763
454766
454767
454768
454769
454773
454774
454775
454776
454777
454778
454779
454780
454781
454782
454783
454784
454785
454786
454787
454788
454790
454791
454792
454793
454794
454797
454800
454801
454802
454803
454804
454805
454807
454808
454810
454811
454812
454813
454814
454815
454817
454818
454819
454820
454821
454822
454823
454825
454826
454827
454828
454829
454830
454832
454833
454834
454835
454836
454837
454838
454839
454840
454841
454842
454844
454845
454846
454847
454848
454849
454850
454851
454852
454853
454854
454855
454856
454857
454859
454860
454861
454862
454864
454865
454867
454869
454870
454871
454872
454873
454874
454875
454876
454877
454879
454880
454881
454882
454883
454884
454885
454887
454888
454889
454890
454892
454893
454894
454895
454897
454898
454899
454900
454902
454903
454904
454905
454907
454908
454909
454910
454912
454914
454915
454916
454917
454918
454919
454920
454921
454922
454924
454925
454926
454927
454928
454930
454931
454932
454933
454934
454935
454936
454937
454938
454939
454940
454941
454942
454943
454944
454945
454946
454947
454948
454949
454950
454951
454952
454953
454954
454955
454956
454957
454958
454959
454960
454961
454962
454963
454964
454966
454967
454968
454969
454970
454971
454972
454973
454974
454975
454976
454977
454978
454979
454980
454981
454982
454983
454984
454985
454986
454987
454988
454989
454990
454991
454992
454993
454994
454995
454996
454997
454998
454999
