436500
436501
436505
436506
436507
436508
436509
436510
436511
436512
436513
436514
436516
436517
436519
436520
436521
436522
436523
436524
436525
436527
436531
436532
436533
436534
436535
436536
436537
436538
436539
436540
436541
436542
436543
436544
436545
436546
436547
436548
436549
436550
436551
436553
436554
436555
436556
436557
436558
436559
436560
436561
436562
436563
436564
436566
436568
436570
436571
436572
436574
436575
436576
436577
436578
436579
436580
436581
436582
436583
436584
436585
436586
436587
436588
436589
436590
436591
436592
436593
436594
436595
436597
436600
436602
436603
436604
436605
436607
436610
436611
436613
436614
436615
436617
436618
436619
436620
436621
436622
436624
436625
436627
436629
436630
436631
436632
436633
436635
436636
436637
436638
436639
436640
436642
436643
436644
436645
436646
436647
436649
436650
436651
436652
436653
436654
436655
436656
436657
436658
436659
436660
436661
436662
436663
436664
436665
436667
436668
436669
436670
436671
436672
436673
436674
436675
436676
436677
436678
436679
436681
436682
436683
436685
436687
436688
436689
436692
436693
436695
436696
436698
436699
436701
436702
436704
436705
436707
436708
436709
436713
436715
436716
436717
436718
436719
436720
436721
436722
436724
436725
436726
436727
436728
436729
436730
436731
436732
436733
436734
436735
436736
436737
436738
436739
436740
436741
436742
436743
436744
436745
436746
436747
436748
436749
