463250
463251
463252
463253
463255
463256
463258
463259
463262
463263
463264
463265
463266
463268
463269
463270
463271
463273
463274
463275
463278
463279
463280
463282
463283
463284
463286
463287
463288
463292
463293
463294
463295
463297
463298
463299
463300
463302
463303
463304
463305
463306
463307
463308
463309
463310
463311
463312
463313
463314
463315
463316
463317
463318
463319
463320
463322
463323
463324
463326
463327
463328
463330
463331
463332
463334
463335
463337
463338
463339
463340
463341
463342
463343
463344
463345
463346
463347
463348
463349
463350
463351
463352
463353
463354
463355
463356
463357
463358
463359
463360
463364
463365
463366
463367
463368
463369
463370
463371
463372
463373
463374
463375
463376
463377
463378
463379
463380
463381
463382
463383
463384
463385
463386
463387
463388
463389
463390
463392
463393
463394
463395
463396
463397
463398
463399
463400
463401
463402
463403
463404
463405
463406
463407
463408
463409
463410
463411
463412
463413
463414
463415
463416
463417
463418
463419
463420
463421
463422
463423
463424
463425
463426
463427
463428
463429
463430
463431
463432
463433
463434
463437
463438
463439
463440
463442
463443
463444
463445
463446
463447
463448
463449
463450
463451
463452
463453
463454
463455
463457
463459
463460
463461
463462
463463
463464
463465
463466
463467
463468
463469
463470
463471
463473
463474
463475
463476
463477
463478
463479
463480
463481
463482
463483
463484
463485
463486
463487
463488
463489
463492
463493
463494
463495
463496
463497
463498
463499
