232501
232502
232504
232506
232507
232514
232515
232518
232519
232520
232521
232522
232523
232524
232526
232531
232532
232533
232534
232535
232536
232537
232538
232539
232540
232541
232542
232543
232544
232545
232546
232547
232548
232549
232550
232551
232553
232554
232555
232556
232557
232558
232559
232560
232561
232562
232564
232565
232566
232567
232568
232569
232570
232574
232575
232576
232577
232578
232579
232582
232583
232584
232585
232587
232589
232590
232591
232592
232593
232594
232595
232596
232597
232598
232599
232600
232601
232602
232603
232604
232605
232606
232607
232608
232609
232613
232614
232615
232616
232618
232619
232621
232622
232624
232625
232627
232628
232630
232631
232633
232634
232635
232636
232637
232638
232639
232640
232641
232643
232644
232646
232647
232648
232650
232652
232653
232654
232655
232656
232657
232658
232659
232660
232661
232662
232663
232664
232665
232666
232667
232668
232669
232670
232671
232672
232673
232674
232675
232676
232678
232679
232681
232682
232683
232685
232687
232688
232689
232690
232691
232692
232693
232694
232696
232697
232699
232700
232701
232703
232705
232706
232707
232708
232709
232712
232713
232714
232715
232716
232717
232718
232719
232720
232722
232723
232724
232725
232726
232727
232728
232729
232730
232731
232732
232733
232734
232736
232737
232740
232741
232744
232745
232746
232748
232749
