14250
14251
14252
14253
14254
14256
14257
14258
14260
14261
14262
14263
14264
14265
14266
14267
14268
14269
14270
14271
14272
14273
14274
14275
14276
14277
14278
14279
14280
14282
14283
14284
14285
14286
14287
14288
14291
14294
14297
14298
14299
14300
14301
14302
14305
14308
14309
14310
14312
14313
14314
14316
14317
14318
14319
14320
14322
14323
14324
14325
14327
14330
14331
14334
14335
14338
14339
14340
14341
14342
14344
14345
14346
14347
14348
14349
14351
14352
14353
14354
14359
14360
14361
14362
14364
14365
14366
14367
14368
14369
14370
14372
14374
14376
14377
14380
14384
14386
14388
14389
14390
14391
14392
14393
14397
14401
14403
14405
14406
14407
14409
14410
14411
14412
14415
14416
14417
14418
14419
14421
14425
14427
14428
14429
14430
14431
14432
14433
14434
14435
14436
14437
14438
14439
14441
14442
14443
14444
14445
14448
14449
14450
14451
14453
14454
14455
14456
14457
14458
14459
14460
14461
14462
14463
14464
14465
14466
14468
14469
14470
14471
14472
14473
14474
14475
14476
14477
14480
14481
14482
14484
14485
14490
14491
14492
14496
14497
14498
14499
