37000
37004
37005
37006
37007
37008
37009
37010
37011
37012
37013
37014
37015
37016
37017
37018
37019
37020
37022
37025
37026
37029
37030
37031
37032
37033
37034
37036
37037
37039
37040
37041
37042
37043
37044
37046
37048
37049
37051
37053
37054
37055
37056
37057
37059
37060
37061
37062
37063
37065
37066
37067
37068
37069
37070
37071
37072
37073
37074
37075
37076
37077
37078
37079
37081
37083
37084
37085
37087
37088
37089
37090
37091
37092
37093
37094
37095
37096
37097
37098
37100
37101
37102
37103
37104
37105
37106
37107
37108
37109
37110
37111
37112
37113
37114
37116
37117
37119
37120
37121
37122
37124
37125
37127
37128
37129
37130
37131
37132
37134
37135
37136
37137
37138
37140
37141
37142
37143
37144
37154
37155
37156
37157
37158
37159
37160
37161
37162
37163
37164
37165
37166
37167
37168
37169
37170
37171
37172
37173
37174
37175
37176
37178
37180
37181
37183
37184
37185
37186
37190
37191
37192
37193
37194
37195
37199
37200
37201
37204
37205
37206
37207
37208
37209
37210
37211
37212
37213
37214
37215
37216
37217
37218
37219
37220
37221
37222
37223
37224
37225
37226
37227
37229
37230
37231
37232
37233
37242
37243
37244
37245
37246
37247
37248
37249
