301250
301251
301252
301253
301254
301255
301256
301257
301258
301260
301261
301262
301263
301265
301266
301268
301269
301271
301272
301274
301275
301276
301277
301278
301279
301280
301281
301282
301283
301284
301285
301286
301288
301290
301291
301292
301293
301294
301295
301296
301297
301298
301299
301300
301303
301304
301305
301306
301307
301308
301309
301310
301313
301314
301315
301316
301317
301319
301320
301321
301322
301323
301325
301326
301327
301328
301329
301330
301331
301332
301333
301334
301336
301338
301339
301340
301341
301343
301344
301346
301347
301349
301350
301352
301354
301355
301356
301357
301358
301359
301360
301361
301362
301363
301364
301365
301366
301368
301369
301370
301372
301373
301375
301376
301379
301380
301381
301382
301383
301384
301385
301386
301387
301389
301390
301391
301392
301393
301394
301395
301398
301399
301400
301402
301404
301405
301406
301407
301409
301410
301411
301412
301413
301414
301416
301417
301419
301420
301421
301423
301424
301426
301427
301428
301429
301430
301431
301432
301433
301435
301436
301437
301439
301440
301441
301442
301444
301447
301448
301450
301451
301452
301453
301454
301455
301456
301457
301458
301459
301460
301461
301463
301464
301465
301466
301468
301469
301470
301471
301473
301474
301476
301477
301478
301479
301480
301481
301482
301485
301486
301489
301491
301492
301493
301494
301496
301497
301499
