304250
304251
304253
304254
304255
304256
304258
304259
304260
304262
304263
304264
304265
304268
304269
304271
304273
304274
304275
304276
304277
304278
304279
304281
304283
304285
304286
304287
304288
304289
304291
304292
304293
304295
304296
304297
304298
304300
304301
304304
304305
304306
304307
304308
304309
304310
304311
304312
304313
304314
304315
304317
304318
304319
304320
304321
304322
304323
304326
304327
304328
304329
304330
304331
304332
304333
304334
304335
304336
304337
304338
304339
304340
304341
304342
304343
304344
304345
304346
304347
304349
304350
304352
304353
304354
304355
304356
304358
304359
304360
304361
304362
304364
304367
304369
304370
304371
304373
304375
304376
304377
304378
304379
304380
304381
304382
304383
304384
304385
304386
304387
304388
304389
304390
304391
304392
304393
304394
304395
304396
304397
304398
304399
304400
304401
304402
304403
304405
304406
304407
304408
304410
304411
304412
304413
304414
304415
304416
304417
304418
304419
304420
304421
304424
304425
304426
304429
304431
304434
304437
304438
304440
304441
304442
304443
304445
304446
304447
304449
304450
304451
304452
304453
304454
304463
304464
304465
304466
304467
304468
304469
304470
304471
304472
304473
304474
304476
304477
304478
304480
304481
304483
304484
304485
304486
304487
304488
304489
304490
304492
304493
304494
304495
304496
304497
304498
304499
