44250
44251
44252
44254
44255
44256
44257
44258
44259
44260
44261
44262
44264
44265
44266
44268
44271
44274
44276
44277
44278
44279
44280
44282
44283
44284
44286
44287
44288
44289
44290
44291
44292
44293
44294
44326
44327
44328
44330
44331
44332
44333
44334
44335
44336
44337
44338
44340
44341
44342
44344
44345
44346
44348
44349
44350
44351
44353
44354
44355
44356
44357
44358
44359
44362
44364
44365
44366
44367
44368
44369
44371
44372
44373
44374
44375
44376
44377
44378
44379
44380
44381
44382
44383
44386
44387
44388
44389
44391
44392
44393
44395
44396
44398
44399
