396250
396252
396253
396254
396258
396259
396261
396262
396264
396265
396266
396268
396269
396271
396272
396274
396275
396276
396278
396279
396281
396282
396284
396285
396286
396288
396289
396291
396292
396294
396295
396296
396298
396299
396301
396302
396304
396305
396306
396308
396309
396310
396311
396312
396321
396322
396323
396324
396325
396327
396328
396329
396330
396332
396333
396334
396335
396337
396338
396339
396340
396341
396342
396343
396344
396345
396346
396347
396348
396349
396350
396351
396352
396353
396354
396356
396357
396358
396359
396360
396361
396362
396363
396364
396365
396366
396367
396368
396369
396370
396371
396372
396373
396374
396375
396376
396377
396378
396380
396381
396382
396383
396384
396385
396386
396387
396389
396390
396391
396392
396393
396395
396396
396398
396400
396401
396402
396403
396404
396406
396407
396408
396409
396412
396413
396414
396415
396416
396417
396418
396419
396420
396421
396422
396423
396424
396425
396426
396427
396428
396429
396430
396431
396432
396433
396434
396435
396436
396437
396438
396439
396440
396441
396442
396443
396444
396445
396446
396447
396452
396453
396454
396459
396460
396461
396462
396463
396464
396465
396466
396467
396468
396469
396470
396471
396472
396473
396475
396476
396477
396478
396479
396480
396481
396483
396484
396485
396486
396487
396489
396490
396491
396492
396493
396494
396495
396496
396497
396498
396499
