208000
208002
208003
208004
208005
208006
208008
208009
208010
208011
208012
208014
208015
208016
208017
208018
208019
208021
208022
208023
208024
208025
208026
208027
208028
208029
208030
208031
208032
208033
208034
208035
208036
208037
208038
208039
208040
208041
208042
208043
208044
208045
208048
208050
208051
208052
208053
208055
208056
208057
208058
208059
208061
208062
208063
208066
208067
208068
208069
208072
208075
208076
208077
208078
208080
208083
208084
208085
208086
208087
208092
208093
208094
208095
208096
208097
208098
208099
208100
208101
208102
208103
208104
208105
208108
208109
208110
208111
208112
208113
208114
208115
208116
208117
208118
208119
208120
208121
208122
208123
208124
208125
208126
208127
208128
208130
208131
208134
208135
208136
208142
208143
208145
208149
208150
208152
208156
208157
208159
208163
208164
208165
208170
208171
208172
208173
208174
208177
208178
208179
208180
208183
208184
208185
208186
208187
208196
208197
208199
208203
208204
208206
208210
208211
208213
208217
208219
208222
208223
208224
208225
208226
208227
208228
208229
208230
208231
208232
208234
208237
208238
208239
208240
208241
208242
208244
208247
208248
208249
