189750
189752
189753
189754
189755
189756
189758
189759
189761
189762
189763
189764
189765
189766
189767
189768
189769
189770
189771
189772
189773
189774
189775
189776
189777
189778
189779
189780
189781
189782
189783
189784
189785
189786
189787
189788
189789
189790
189791
189792
189793
189794
189795
189796
189797
189798
189800
189801
189803
189804
189806
189807
189809
189810
189812
189813
189815
189816
189818
189819
189821
189822
189824
189825
189826
189827
189828
189829
189830
189831
189832
189833
189834
189835
189836
189837
189838
189839
189840
189841
189842
189843
189844
189845
189846
189847
189849
189850
189851
189852
189853
189854
189856
189857
189858
189859
189860
189861
189862
189863
189864
189865
189867
189869
189871
189881
189882
189883
189884
189885
189886
189887
189888
189890
189891
189892
189893
189894
189895
189896
189897
189899
189900
189901
189902
189903
189904
189905
189906
189908
189909
189910
189911
189912
189913
189914
189915
189916
189917
189918
189919
189920
189921
189922
189923
189924
189925
189926
189927
189929
189930
189931
189932
189934
189935
189936
189937
189939
189940
189941
189942
189944
189945
189946
189947
189949
189950
189951
189952
189954
189955
189956
189957
189959
189960
189961
189962
189964
189965
189967
189969
189970
189971
189972
189973
189974
189975
189976
189977
189978
189979
189980
189981
189982
189983
189984
189985
189986
189987
189989
189990
189991
189992
189993
189994
189995
189996
189997
189998
189999
