399751
399752
399753
399754
399755
399756
399757
399758
399759
399760
399761
399762
399763
399764
399765
399766
399767
399768
399769
399770
399771
399773
399774
399775
399776
399777
399778
399779
399780
399781
399782
399783
399784
399785
399786
399787
399788
399789
399790
399791
399792
399793
399794
399795
399796
399797
399798
399799
399800
399801
399802
399803
399804
399805
399806
399807
399808
399809
399810
399811
399812
399813
399814
399815
399816
399817
399818
399820
399821
399822
399823
399824
399825
399826
399827
399828
399830
399831
399832
399833
399835
399836
399837
399838
399840
399841
399842
399843
399844
399845
399847
399849
399850
399851
399852
399853
399854
399855
399856
399857
399858
399860
399861
399863
399864
399865
399866
399867
399868
399869
399870
399871
399872
399874
399875
399876
399877
399878
399879
399880
399881
399882
399883
399884
399885
399886
399887
399888
399889
399890
399891
399892
399893
399894
399895
399896
399897
399898
399899
399900
399901
399902
399903
399904
399905
399906
399907
399908
399909
399910
399911
399912
399913
399914
399915
399916
399917
399918
399920
399921
399922
399923
399924
399925
399926
399927
399928
399929
399930
399931
399933
399934
399935
399936
399937
399938
399939
399940
399942
399943
399944
399945
399947
399948
399950
399951
399952
399954
399955
399957
399958
399959
399961
399962
399963
399964
399965
399966
399967
399968
399969
399970
399971
399972
399973
399974
399975
399976
399977
399978
399979
399980
399981
399982
399983
399984
399985
399986
399987
399988
399989
399990
399991
399992
399993
399994
399995
399996
399997
399998
399999
