427500
427501
427502
427503
427504
427505
427506
427507
427508
427509
427510
427511
427512
427513
427514
427515
427516
427517
427518
427519
427520
427521
427522
427523
427524
427525
427526
427527
427528
427530
427531
427532
427533
427534
427535
427536
427537
427538
427539
427540
427542
427543
427544
427545
427546
427547
427548
427549
427550
427551
427552
427553
427554
427555
427556
427557
427559
427560
427561
427563
427564
427566
427567
427568
427569
427570
427571
427572
427573
427574
427575
427576
427577
427578
427579
427580
427581
427582
427583
427584
427585
427586
427587
427588
427589
427590
427591
427592
427593
427594
427595
427596
427597
427598
427599
427600
427601
427602
427604
427605
427606
427607
427608
427609
427610
427612
427613
427615
427616
427617
427619
427620
427621
427622
427623
427624
427625
427626
427627
427628
427629
427631
427632
427633
427635
427636
427637
427639
427640
427642
427643
427644
427645
427646
427648
427649
427650
427651
427652
427653
427654
427655
427656
427657
427658
427659
427660
427661
427662
427663
427664
427665
427666
427667
427668
427669
427670
427671
427672
427673
427674
427675
427676
427677
427678
427679
427680
427682
427683
427684
427685
427686
427687
427688
427689
427690
427691
427692
427693
427694
427695
427696
427697
427698
427699
427700
427701
427702
427703
427704
427705
427706
427707
427708
427709
427710
427712
427713
427714
427715
427717
427718
427719
427720
427721
427722
427723
427725
427726
427727
427728
427730
427731
427732
427733
427734
427735
427736
427737
427738
427739
427740
427741
427742
427743
427744
427745
427746
427747
427748
427749
