452751
452753
452755
452756
452758
452759
452760
452761
452762
452763
452765
452766
452767
452768
452769
452770
452771
452772
452773
452774
452775
452776
452777
452778
452779
452780
452781
452783
452784
452786
452787
452788
452789
452790
452791
452792
452793
452794
452795
452796
452797
452798
452799
452800
452801
452802
452803
452805
452806
452807
452808
452809
452810
452811
452812
452813
452814
452815
452816
452817
452819
452820
452821
452822
452823
452824
452825
452826
452827
452828
452829
452830
452831
452833
452834
452835
452836
452837
452838
452839
452840
452841
452842
452843
452844
452845
452847
452848
452849
452850
452851
452852
452853
452854
452855
452856
452857
452858
452859
452861
452862
452863
452864
452865
452866
452867
452868
452869
452870
452871
452872
452873
452875
452876
452877
452878
452879
452880
452881
452882
452883
452884
452885
452886
452887
452889
452890
452891
452892
452893
452894
452895
452896
452897
452898
452899
452900
452901
452903
452904
452905
452906
452907
452908
452909
452910
452911
452912
452913
452914
452915
452917
452918
452919
452920
452921
452922
452923
452924
452925
452926
452927
452928
452929
452931
452932
452933
452934
452935
452936
452937
452938
452939
452940
452941
452942
452943
452945
452946
452947
452948
452949
452950
452951
452952
452953
452954
452955
452956
452957
452959
452960
452961
452962
452963
452964
452965
452966
452967
452968
452969
452970
452971
452973
452974
452975
452976
452977
452978
452979
452980
452981
452982
452983
452984
452985
452987
452988
452989
452990
452991
452992
452993
452994
452995
452996
452997
452998
452999
