327250
327251
327252
327253
327254
327255
327256
327257
327259
327260
327261
327263
327264
327265
327266
327267
327270
327271
327272
327273
327274
327275
327276
327277
327278
327279
327280
327281
327282
327283
327284
327285
327287
327288
327289
327290
327291
327292
327293
327294
327296
327297
327299
327300
327301
327302
327303
327305
327306
327307
327308
327309
327310
327311
327312
327313
327314
327315
327316
327318
327319
327320
327321
327322
327323
327324
327325
327327
327328
327329
327330
327331
327332
327333
327334
327335
327336
327338
327339
327340
327341
327342
327344
327345
327346
327347
327348
327349
327350
327351
327352
327353
327354
327355
327356
327357
327358
327359
327360
327361
327362
327363
327364
327365
327366
327367
327368
327370
327371
327372
327373
327374
327376
327377
327378
327379
327380
327381
327382
327383
327385
327386
327387
327388
327389
327390
327392
327393
327394
327395
327396
327397
327398
327399
327400
327401
327402
327403
327404
327405
327406
327407
327408
327409
327410
327411
327412
327413
327415
327416
327417
327418
327420
327421
327422
327423
327425
327427
327428
327429
327430
327431
327434
327435
327436
327437
327438
327440
327441
327442
327444
327445
327446
327447
327448
327449
327450
327451
327452
327453
327454
327455
327456
327457
327458
327459
327460
327461
327462
327464
327465
327466
327467
327468
327477
327478
327479
327480
327481
327482
327483
327484
327485
327486
327487
327488
327489
327490
327491
327492
327493
327494
327495
327496
327497
327498
327499
