61750
61751
61755
61756
61757
61758
61759
61760
61761
61762
61763
61766
61768
61769
61771
61772
61773
61777
61778
61781
61782
61783
61785
61787
61789
61790
61791
61792
61794
61797
61798
61799
61800
61801
61802
61804
61805
61806
61807
61808
61809
61810
61811
61812
61813
61814
61815
61819
61820
61822
61823
61824
61825
61827
61828
61829
61830
61831
61832
61833
61834
61835
61836
61837
61838
61839
61840
61841
61842
61843
61844
61845
61846
61847
61848
61849
61850
61851
61852
61853
61854
61855
61856
61857
61858
61859
61860
61861
61862
61863
61864
61865
61866
61867
61868
61869
61870
61871
61872
61873
61874
61875
61876
61877
61878
61879
61880
61881
61882
61883
61884
61885
61888
61889
61890
61891
61892
61893
61894
61895
61896
61898
61899
61900
61901
61902
61904
61905
61906
61910
61911
61912
61913
61914
61915
61916
61917
61918
61919
61921
61922
61923
61924
61926
61927
61928
61929
61930
61931
61932
61933
61934
61935
61936
61937
61938
61939
61940
61941
61943
61944
61945
61946
61947
61948
61949
61950
61951
61952
61953
61954
61955
61956
61957
61958
61959
61960
61961
61962
61963
61964
61965
61966
61967
61968
61969
61970
61971
61972
61973
61976
61978
61979
61980
61981
61982
61983
61984
61985
61986
61987
61988
61991
61992
61993
61994
61995
61996
61997
61998
61999
