414750
414751
414752
414754
414755
414756
414757
414758
414760
414761
414762
414763
414764
414766
414767
414768
414769
414770
414772
414773
414774
414775
414776
414778
414779
414780
414781
414782
414784
414785
414786
414787
414788
414790
414791
414792
414793
414794
414796
414797
414798
414799
414800
414802
414803
414804
414805
414806
414808
414809
414810
414811
414812
414814
414815
414816
414817
414818
414819
414823
414824
414825
414826
414827
414828
414829
414833
414834
414835
414836
414837
414838
414839
414843
414844
414845
414846
414847
414848
414849
414853
414854
414855
414856
414857
414858
414859
414863
414864
414865
414866
414867
414868
414869
414873
414874
414875
414876
414877
414878
414879
414880
414881
414882
414883
414884
414885
414886
414887
414888
414889
414890
414891
414892
414893
414894
414895
414896
414897
414898
414899
414900
414901
414902
414903
414904
414905
414908
414909
414910
414911
414912
414913
414914
414915
414916
414917
414918
414919
414921
414922
414923
414924
414925
414926
414927
414928
414929
414930
414932
414933
414934
414935
414936
414937
414938
414940
414941
414942
414943
414944
414945
414946
414947
414948
414949
414951
414952
414953
414954
414955
414956
414957
414958
414959
414960
414962
414963
414964
414965
414966
414967
414968
414969
414970
414971
414973
414974
414975
414976
414977
414978
414979
414980
414981
414982
414984
414985
414986
414987
414988
414989
414990
414991
414992
414993
414994
414995
414996
414997
