308500
308501
308502
308503
308504
308505
308507
308508
308509
308511
308512
308513
308514
308515
308516
308517
308518
308519
308520
308521
308522
308523
308524
308525
308526
308527
308528
308529
308530
308532
308533
308534
308535
308536
308538
308539
308541
308542
308543
308544
308546
308548
308549
308550
308551
308552
308553
308554
308555
308556
308558
308559
308560
308562
308563
308565
308566
308567
308569
308571
308572
308575
308577
308578
308580
308581
308583
308584
308585
308586
308587
308588
308589
308591
308592
308593
308594
308595
308596
308597
308598
308601
308602
308605
308607
308608
308609
308610
308611
308613
308614
308616
308618
308619
308621
308623
308624
308626
308628
308629
308630
308631
308632
308633
308634
308636
308637
308638
308639
308640
308641
308642
308643
308644
308645
308648
308649
308650
308651
308652
308653
308654
308655
308656
308657
308658
308659
308660
308661
308662
308663
308665
308667
308668
308669
308670
308672
308673
308674
308675
308676
308677
308678
308680
308681
308682
308683
308684
308686
308687
308689
308690
308691
308692
308693
308694
308695
308699
308700
308701
308702
308704
308705
308706
308707
308710
308712
308713
308714
308715
308719
308720
308722
308723
308725
308727
308728
308729
308730
308732
308733
308734
308735
308736
308738
308739
308740
308741
308742
308744
308746
308747
308748
308749
