135750
135751
135753
135754
135755
135757
135758
135759
135760
135761
135762
135763
135764
135765
135766
135767
135768
135769
135772
135774
135775
135776
135777
135779
135780
135781
135782
135783
135785
135786
135787
135788
135790
135791
135792
135794
135795
135796
135797
135800
135801
135803
135806
135807
135809
135813
135815
135816
135817
135818
135819
135820
135821
135822
135823
135824
135825
135826
135827
135828
135829
135830
135831
135832
135833
135834
135835
135836
135838
135839
135841
135842
135844
135846
135848
135849
135850
135852
135853
135854
135856
135857
135858
135860
135861
135863
135864
135866
135868
135870
135871
135874
135875
135876
135877
135878
135879
135880
135881
135882
135883
135884
135885
135886
135887
135888
135889
135890
135892
135893
135894
135895
135896
135897
135898
135899
135900
135903
135904
135905
135906
135907
135908
135909
135910
135911
135912
135914
135915
135916
135917
135918
135920
135921
135922
135923
135924
135925
135927
135928
135929
135930
135931
135932
135933
135934
135935
135936
135937
135938
135939
135940
135941
135942
135943
135944
135945
135947
135948
135949
135950
135951
135952
135953
135955
135956
135957
135958
135959
135960
135961
135965
135966
135968
135971
135972
135975
135976
135978
135979
135981
135982
135983
135984
135985
135986
135987
135988
135991
135992
135994
135995
135996
135997
135998
135999
