419000
419001
419002
419003
419004
419006
419007
419008
419010
419011
419012
419014
419015
419016
419018
419019
419020
419022
419023
419024
419026
419027
419028
419030
419031
419032
419034
419035
419036
419038
419039
419040
419042
419043
419045
419046
419047
419048
419049
419050
419052
419053
419054
419055
419056
419057
419058
419059
419060
419062
419063
419064
419065
419066
419067
419069
419070
419071
419072
419073
419075
419076
419077
419078
419079
419080
419081
419082
419085
419086
419087
419088
419089
419090
419091
419092
419093
419094
419095
419099
419100
419101
419102
419103
419105
419106
419107
419108
419109
419112
419116
419117
419118
419119
419120
419121
419122
419123
419124
419127
419128
419129
419130
419131
419132
419133
419134
419136
419137
419138
419139
419140
419141
419142
419143
419145
419147
419148
419149
419150
419151
419152
419153
419154
419155
419156
419157
419158
419159
419161
419162
419163
419164
419166
419167
419168
419169
419170
419171
419173
419174
419176
419177
419178
419179
419180
419181
419182
419183
419184
419185
419187
419188
419189
419190
419191
419192
419194
419195
419196
419197
419199
419200
419201
419203
419204
419205
419206
419207
419208
419209
419210
419211
419213
419214
419215
419216
419217
419218
419219
419220
419223
419225
419226
419227
419229
419230
419231
419232
419233
419234
419235
419237
419239
419240
419241
419242
419243
419244
419245
419248
419249
