172250
172251
172253
172254
172255
172256
172257
172258
172259
172260
172261
172262
172263
172264
172265
172266
172267
172268
172269
172270
172271
172274
172275
172276
172279
172280
172281
172282
172283
172284
172285
172286
172287
172288
172289
172290
172291
172292
172293
172294
172295
172296
172297
172298
172299
172300
172301
172303
172304
172305
172306
172308
172309
172310
172311
172312
172313
172314
172315
172316
172317
172318
172319
172320
172321
172322
172323
172325
172326
172329
172330
172331
172332
172333
172334
172335
172336
172337
172338
172339
172340
172341
172342
172343
172344
172345
172346
172347
172348
172349
172350
172351
172353
172355
172357
172358
172360
172361
172362
172363
172365
172367
172368
172371
172373
172374
172377
172379
172380
172382
172383
172384
172385
172386
172387
172390
172391
172394
172396
172397
172398
172399
172400
172401
172402
172403
172404
172405
172406
172407
172409
172411
172412
172413
172414
172415
172419
172422
172425
172428
172431
172432
172433
172436
172437
172438
172439
172440
172441
172443
172446
172447
172448
172449
172450
172451
172453
172454
172455
172456
172457
172458
172459
172460
172461
172462
172463
172464
172465
172466
172467
172468
172469
172470
172471
172472
172475
172476
172477
172478
172479
172480
172481
172483
172484
172486
172488
172489
172490
172491
172492
172493
172494
172495
172496
172497
172498
172499
