155000
155003
155005
155006
155007
155008
155009
155010
155011
155012
155013
155014
155015
155016
155017
155018
155019
155020
155021
155022
155023
155024
155025
155026
155027
155028
155029
155030
155031
155032
155034
155035
155036
155037
155038
155039
155040
155041
155043
155044
155046
155047
155049
155050
155051
155052
155053
155054
155057
155058
155059
155060
155061
155062
155063
155064
155066
155067
155068
155069
155070
155071
155072
155073
155074
155075
155076
155077
155078
155080
155081
155082
155083
155084
155085
155086
155087
155088
155091
155092
155093
155094
155095
155096
155097
155098
155099
155100
155103
155104
155105
155106
155107
155108
155109
155110
155111
155112
155113
155114
155115
155116
155117
155118
155119
155120
155121
155122
155124
155125
155126
155127
155129
155130
155131
155132
155133
155134
155135
155136
155137
155138
155139
155141
155142
155143
155144
155145
155146
155147
155148
155150
155151
155154
155155
155156
155158
155159
155166
155167
155168
155170
155171
155172
155173
155176
155179
155182
155183
155184
155185
155186
155187
155188
155189
155190
155191
155192
155193
155195
155196
155197
155198
155200
155202
155203
155204
155205
155206
155207
155208
155209
155210
155211
155212
155213
155214
155215
155216
155217
155218
155220
155221
155222
155223
155224
155225
155226
155227
155228
155229
155230
155231
155232
155233
155235
155237
155238
155241
155245
155249
