90001
90002
90003
90004
90011
90012
90015
90016
90018
90019
90021
90022
90023
90024
90025
90026
90027
90028
90029
90030
90031
90032
90033
90034
90036
90037
90038
90039
90041
90042
90043
90045
90046
90047
90048
90049
90050
90052
90053
90054
90055
90056
90057
90058
90059
90061
90062
90063
90064
90065
90066
90067
90069
90070
90071
90072
90073
90074
90075
90076
90077
90078
90079
90080
90081
90082
90083
90084
90085
90087
90088
90089
90090
90093
90094
90095
90096
90097
90099
90100
90101
90102
90104
90106
90110
90111
90112
90113
90114
90115
90116
90117
90118
90120
90121
90122
90123
90124
90125
90127
90128
90129
90130
90131
90132
90133
90134
90135
90136
90137
90139
90140
90142
90143
90144
90146
90147
90148
90149
90150
90151
90152
90153
90154
90155
90156
90157
90158
90159
90160
90161
90162
90163
90165
90168
90170
90171
90173
90174
90176
90177
90179
90180
90181
90182
90183
90185
90188
90189
90190
90192
90193
90194
90196
90197
90198
90202
90203
90204
90206
90207
90208
90209
90210
90211
90213
90214
90215
90216
90217
90219
90220
90223
90224
90225
90227
90228
90229
90230
90232
90236
90237
90238
90239
90240
90242
90243
90244
90245
90247
90248
90249
