302250
302251
302252
302253
302254
302255
302256
302257
302258
302259
302260
302261
302262
302264
302265
302267
302268
302270
302271
302273
302275
302276
302277
302279
302280
302282
302283
302285
302286
302287
302288
302289
302290
302291
302292
302293
302294
302295
302296
302297
302298
302299
302300
302301
302302
302303
302304
302305
302307
302309
302310
302311
302312
302313
302314
302315
302316
302317
302318
302320
302322
302323
302324
302325
302326
302327
302328
302329
302330
302331
302332
302333
302334
302335
302336
302337
302338
302339
302340
302341
302343
302345
302346
302347
302348
302349
302350
302369
302370
302372
302373
302375
302376
302378
302379
302381
302382
302383
302384
302385
302387
302388
302389
302390
302391
302392
302393
302397
302398
302399
302400
302401
302402
302405
302407
302408
302409
302410
302411
302412
302413
302414
302415
302416
302417
302418
302419
302421
302422
302423
302425
302426
302428
302429
302430
302431
302433
302434
302435
302436
302437
302438
302440
302441
302444
302445
302446
302447
302448
302450
302451
302452
302453
302454
302456
302457
302459
302460
302461
302462
302463
302464
302465
302466
302467
302468
302469
302470
302471
302472
302473
302474
302475
302476
302477
302478
302479
302480
302481
302482
302483
302484
302485
302486
302488
302489
302490
302492
302493
302494
302495
302497
302498
