266500
266501
266503
266504
266505
266506
266507
266508
266509
266510
266511
266512
266513
266514
266515
266516
266517
266518
266519
266520
266521
266522
266523
266524
266525
266526
266527
266528
266529
266530
266531
266532
266533
266534
266535
266536
266540
266541
266542
266543
266545
266546
266547
266548
266550
266551
266552
266553
266554
266555
266557
266559
266560
266561
266563
266565
266566
266567
266568
266569
266570
266571
266572
266573
266574
266575
266576
266578
266579
266580
266581
266582
266583
266584
266585
266586
266588
266590
266591
266592
266593
266594
266596
266597
266599
266600
266602
266603
266604
266605
266608
266609
266610
266611
266612
266613
266614
266615
266616
266617
266618
266619
266620
266621
266622
266623
266624
266625
266626
266627
266628
266629
266630
266631
266632
266633
266634
266635
266636
266638
266639
266641
266642
266643
266644
266645
266648
266649
266650
266651
266652
266653
266654
266655
266656
266657
266658
266659
266663
266664
266665
266666
266667
266668
266669
266670
266671
266672
266673
266675
266676
266677
266678
266679
266680
266681
266682
266683
266684
266685
266686
266687
266688
266689
266690
266691
266692
266693
266696
266697
266698
266699
266700
266701
266702
266704
266705
266706
266707
266708
266709
266710
266712
266713
266714
266716
266717
266719
266720
266721
266723
266724
266725
266726
266727
266728
266729
266730
266731
266732
266733
266734
266735
266736
266737
266738
266739
266740
266741
266742
266743
266744
266745
266746
266747
266748
266749
