111751
111754
111755
111756
111757
111758
111760
111761
111763
111764
111765
111766
111769
111770
111771
111772
111773
111774
111775
111777
111778
111779
111780
111782
111783
111784
111785
111786
111787
111788
111789
111790
111791
111792
111793
111795
111796
111797
111798
111799
111800
111801
111804
111805
111806
111807
111809
111810
111811
111812
111814
111815
111816
111817
111818
111824
111825
111826
111832
111833
111835
111836
111837
111839
111840
111841
111843
111844
111845
111846
111847
111848
111849
111850
111851
111852
111854
111855
111856
111857
111858
111860
111861
111862
111863
111865
111867
111869
111870
111872
111874
111877
111878
111879
111882
111883
111884
111885
111890
111891
111892
111893
111894
111896
111898
111900
111901
111902
111903
111904
111906
111907
111908
111910
111912
111914
111915
111916
111920
111921
111922
111923
111924
111925
111926
111927
111928
111929
111930
111931
111932
111934
111935
111936
111939
111940
111941
111942
111943
111944
111945
111946
111948
111950
111953
111954
111955
111958
111959
111960
111963
111964
111965
111967
111969
111970
111972
111973
111975
111976
111977
111980
111981
111982
111986
111987
111988
111989
111992
111994
111995
111996
111998
111999
