196250
196251
196252
196254
196258
196259
196260
196261
196263
196265
196268
196269
196270
196271
196272
196273
196274
196275
196276
196278
196280
196281
196282
196283
196284
196285
196286
196288
196289
196290
196291
196293
196294
196295
196296
196298
196302
196303
196304
196306
196307
196308
196309
196310
196312
196313
196315
196316
196317
196318
196319
196321
196322
196323
196324
196325
196326
196327
196328
196329
196330
196331
196332
196333
196334
196335
196336
196337
196339
196340
196341
196342
196343
196344
196345
196346
196347
196348
196349
196350
196351
196352
196353
196354
196355
196356
196357
196358
196359
196360
196361
196363
196365
196366
196367
196369
196372
196375
196379
196380
196381
196382
196383
196384
196385
196386
196387
196388
196394
196395
196396
196399
196400
196401
196402
196404
196405
196406
196408
196409
196410
196411
196412
196413
196414
196415
196416
196417
196418
196419
196420
196421
196422
196425
196426
196427
196428
196431
196434
196435
196436
196437
196439
196441
196443
196445
196447
196448
196449
196450
196451
196452
196453
196454
196455
196456
196457
196458
196459
196460
196463
196464
196465
196466
196468
196469
196470
196471
196472
196473
196474
196475
196476
196477
196479
196480
196481
196482
196484
196487
196488
196489
196490
196493
196494
196495
196496
196499
