18251
18252
18253
18254
18255
18256
18257
18258
18260
18262
18263
18264
18265
18267
18269
18270
18271
18273
18274
18275
18276
18279
18280
18281
18282
18284
18285
18286
18287
18288
18289
18290
18291
18292
18293
18294
18295
18296
18297
18298
18299
18300
18301
18302
18303
18304
18306
18310
18311
18312
18313
18314
18315
18317
18318
18319
18321
18322
18323
18325
18326
18327
18328
18329
18330
18331
18332
18334
18338
18342
18343
18344
18345
18346
18347
18348
18349
18350
18351
18352
18353
18357
18360
18361
18362
18363
18364
18365
18366
18367
18368
18369
18370
18371
18372
18373
18375
18376
18377
18378
18379
18380
18381
18382
18384
18385
18386
18387
18388
18389
18391
18393
18394
18396
18397
18398
18399
18400
18401
18402
18403
18404
18405
18406
18407
18408
18409
18410
18413
18414
18415
18416
18417
18418
18419
18422
18423
18426
18427
18430
18431
18434
18435
18437
18438
18439
18440
18441
18442
18443
18444
18445
18446
18447
18448
18450
18451
18452
18454
18455
18456
18458
18459
18461
18462
18463
18464
18466
18467
18468
18469
18471
18472
18473
18474
18475
18476
18477
18478
18482
18485
18486
18489
18490
18493
18494
18495
18496
18497
18499
