468000
468001
468002
468003
468004
468005
468006
468007
468008
468009
468010
468011
468013
468015
468018
468019
468020
468021
468023
468026
468027
468028
468029
468030
468031
468032
468033
468034
468037
468038
468042
468043
468044
468046
468048
468049
468050
468051
468052
468053
468054
468055
468056
468057
468058
468059
468063
468064
468066
468067
468068
468069
468070
468071
468072
468073
468074
468075
468076
468077
468078
468079
468080
468081
468082
468083
468084
468085
468086
468087
468088
468089
468090
468091
468092
468093
468095
468096
468097
468098
468099
468100
468101
468102
468104
468105
468106
468107
468108
468109
468110
468111
468112
468113
468114
468115
468116
468117
468118
468119
468120
468121
468122
468123
468124
468125
468126
468127
468128
468129
468130
468131
468132
468133
468134
468135
468136
468137
468138
468139
468140
468141
468142
468143
468144
468145
468146
468148
468149
468150
468151
468152
468153
468154
468155
468156
468157
468158
468160
468161
468162
468164
468165
468166
468167
468168
468169
468170
468171
468172
468173
468174
468175
468176
468177
468178
468180
468181
468182
468183
468184
468185
468186
468188
468189
468190
468191
468192
468193
468194
468195
468197
468198
468199
468200
468201
468202
468204
468205
468206
468207
468208
468209
468211
468212
468214
468216
468217
468218
468219
468220
468221
468222
468223
468224
468225
468226
468227
468228
468229
468231
468232
468233
468234
468235
468236
468237
468238
468239
468240
468241
468242
468243
468244
468246
468247
468248
468249
