340000
340001
340002
340003
340004
340005
340006
340007
340008
340009
340010
340011
340012
340013
340014
340015
340016
340017
340018
340019
340020
340021
340022
340023
340024
340025
340026
340027
340028
340029
340030
340031
340032
340033
340034
340035
340036
340037
340038
340039
340040
340041
340042
340043
340044
340045
340046
340047
340048
340049
340050
340051
340052
340053
340054
340056
340058
340059
340060
340061
340062
340063
340064
340065
340066
340067
340068
340069
340070
340071
340072
340073
340074
340075
340076
340077
340078
340079
340080
340081
340086
340088
340090
340091
340092
340093
340095
340096
340097
340098
340099
340100
340101
340102
340103
340104
340105
340106
340107
340108
340109
340110
340111
340112
340113
340114
340115
340116
340117
340122
340124
340125
340126
340127
340132
340134
340135
340136
340137
340138
340139
340140
340141
340142
340143
340144
340145
340146
340147
340148
340149
340150
340151
340152
340153
340154
340155
340156
340157
340158
340159
340160
340161
340162
340163
340164
340165
340166
340167
340168
340170
340172
340173
340175
340177
340178
340180
340181
340182
340183
340184
340185
340186
340187
340189
340190
340191
340192
340193
340194
340195
340196
340197
340200
340202
340203
340204
340205
340206
340208
340209
340210
340211
340212
340213
340214
340215
340216
340217
340218
340219
340221
340222
340223
340224
340225
340226
340228
340229
340230
340231
340232
340233
340234
340235
340236
340237
340238
340239
340240
340241
340242
340243
340244
340246
340247
340248
340249
