374250
374251
374252
374253
374254
374255
374256
374257
374258
374259
374260
374261
374262
374263
374264
374266
374268
374269
374270
374273
374274
374275
374278
374279
374280
374281
374282
374283
374284
374285
374286
374287
374288
374289
374291
374292
374293
374294
374295
374296
374298
374299
374300
374301
374302
374303
374304
374305
374306
374307
374308
374309
374310
374311
374312
374313
374317
374318
374319
374320
374321
374322
374323
374327
374328
374329
374330
374332
374333
374334
374335
374336
374337
374339
374340
374341
374342
374343
374344
374345
374346
374349
374350
374351
374352
374354
374355
374358
374359
374360
374365
374366
374367
374368
374369
374372
374373
374374
374375
374376
374377
374378
374379
374380
374381
374382
374383
374384
374385
374386
374387
374390
374391
374392
374393
374397
374399
374400
374401
374402
374403
374404
374405
374406
374407
374409
374410
374411
374413
374414
374415
374416
374419
374421
374422
374425
374426
374427
374428
374429
374430
374432
374433
374434
374435
374436
374437
374438
374439
374440
374441
374442
374443
374444
374445
374447
374448
374449
374450
374452
374453
374454
374455
374457
374458
374459
374460
374462
374463
374464
374465
374466
374467
374468
374469
374470
374471
374472
374473
374474
374475
374476
374477
374478
374479
374482
374483
374484
374485
374487
374488
374489
374490
374491
374492
374493
374494
374495
374496
374497
374498
374499
