81750
81751
81752
81753
81754
81755
81756
81759
81760
81762
81763
81766
81767
81769
81770
81771
81772
81773
81774
81775
81776
81777
81780
81781
81782
81783
81784
81785
81786
81787
81788
81789
81790
81791
81792
81793
81794
81795
81796
81797
81798
81799
81800
81801
81802
81803
81804
81805
81806
81808
81809
81810
81811
81812
81813
81816
81817
81818
81821
81822
81823
81824
81825
81826
81827
81828
81829
81830
81831
81832
81835
81836
81837
81838
81840
81841
81842
81843
81844
81845
81846
81848
81849
81850
81851
81852
81853
81855
81856
81857
81858
81859
81860
81861
81862
81864
81866
81868
81870
81872
81873
81874
81875
81877
81878
81880
81881
81882
81883
81884
81885
81886
81888
81889
81890
81891
81892
81893
81894
81895
81896
81897
81901
81902
81903
81904
81905
81906
81907
81908
81909
81910
81911
81912
81915
81916
81917
81918
81919
81920
81923
81924
81925
81926
81927
81928
81929
81930
81931
81932
81933
81934
81935
81937
81938
81939
81940
81941
81942
81943
81945
81946
81947
81948
81949
81950
81951
81953
81954
81955
81957
81958
81959
81960
81962
81963
81964
81965
81967
81968
81969
81970
81971
81972
81973
81974
81975
81976
81977
81978
81979
81980
81982
81983
81984
81985
81986
81987
81988
81990
81991
81992
81993
81994
81995
81996
81998
