95000
95001
95002
95003
95004
95005
95006
95007
95008
95010
95011
95012
95013
95014
95015
95016
95017
95018
95019
95020
95021
95025
95027
95030
95031
95032
95035
95036
95037
95038
95041
95042
95043
95044
95045
95047
95048
95049
95051
95052
95053
95056
95057
95058
95059
95060
95063
95064
95065
95067
95068
95069
95070
95071
95072
95073
95075
95076
95077
95078
95080
95081
95082
95083
95084
95085
95086
95087
95089
95090
95092
95093
95095
95096
95098
95100
95101
95102
95103
95104
95105
95106
95107
95108
95112
95113
95114
95115
95117
95118
95119
95120
95121
95122
95123
95124
95125
95126
95128
95129
95130
95134
95135
95136
95137
95138
95139
95140
95141
95142
95143
95144
95147
95148
95149
95150
95153
95154
95155
95156
95157
95158
95159
95161
95162
95163
95167
95168
95169
95170
95172
95173
95174
95175
95176
95177
95178
95179
95180
95181
95182
95183
95187
95188
95189
95190
95191
95195
95196
95197
95198
95199
95200
95201
95203
95204
95205
95206
95207
95208
95209
95210
95212
95213
95214
95215
95216
95217
95218
95220
95224
95225
95227
95231
95232
95234
95238
95239
95241
95247
95248
