132500
132501
132502
132503
132504
132505
132506
132507
132508
132510
132511
132513
132514
132515
132516
132517
132519
132520
132521
132522
132524
132525
132527
132528
132529
132534
132535
132536
132537
132538
132539
132542
132543
132544
132548
132549
132550
132551
132552
132554
132555
132556
132560
132561
132562
132563
132564
132565
132566
132567
132569
132570
132571
132575
132576
132577
132578
132579
132581
132582
132583
132587
132588
132589
132590
132591
132592
132596
132597
132598
132601
132602
132603
132604
132605
132606
132607
132608
132612
132614
132615
132616
132617
132618
132619
132622
132623
132624
132625
132626
132627
132628
132629
132631
132632
132633
132634
132635
132636
132637
132638
132639
132640
132642
132644
132645
132646
132647
132648
132649
132653
132654
132655
132656
132657
132658
132659
132661
132663
132665
132666
132668
132669
132670
132671
132672
132673
132675
132676
132678
132679
132681
132682
132683
132684
132685
132686
132688
132689
132691
132692
132694
132695
132696
132697
132698
132700
132701
132703
132704
132705
132706
132707
132708
132709
132710
132711
132712
132713
132714
132715
132716
132717
132718
132719
132720
132721
132722
132723
132724
132725
132726
132728
132730
132731
132732
132735
132736
132737
132738
132739
132740
132742
132744
132745
132746
132747
132748
132749
