168000
168001
168002
168003
168004
168005
168006
168007
168008
168010
168011
168012
168013
168014
168016
168018
168019
168020
168021
168022
168023
168024
168025
168026
168027
168028
168029
168030
168031
168032
168033
168036
168037
168038
168039
168040
168041
168043
168044
168045
168046
168047
168049
168051
168052
168054
168055
168056
168057
168058
168059
168060
168061
168063
168064
168065
168067
168069
168070
168072
168076
168077
168078
168079
168081
168082
168083
168084
168086
168087
168088
168089
168091
168093
168094
168095
168096
168097
168098
168099
168100
168102
168103
168104
168105
168106
168108
168109
168110
168111
168112
168113
168114
168115
168116
168117
168118
168119
168120
168121
168122
168123
168124
168125
168126
168127
168128
168129
168130
168131
168132
168133
168134
168135
168137
168141
168142
168143
168144
168145
168146
168147
168148
168150
168151
168152
168153
168154
168156
168157
168158
168159
168160
168161
168162
168163
168165
168166
168167
168168
168169
168171
168173
168174
168175
168176
168177
168178
168179
168180
168181
168182
168183
168185
168187
168189
168190
168191
168192
168193
168194
168195
168196
168197
168198
168199
168200
168201
168202
168204
168205
168206
168210
168211
168212
168213
168214
168216
168217
168218
168222
168223
168224
168225
168226
168228
168229
168230
168234
168235
168236
168237
168238
168239
168240
168241
168242
168244
168245
168246
168247
168249
