456000
456001
456003
456004
456005
456006
456007
456008
456009
456010
456011
456012
456014
456015
456016
456017
456018
456019
456020
456021
456022
456023
456025
456026
456027
456028
456029
456030
456031
456032
456033
456034
456035
456036
456037
456038
456039
456040
456041
456042
456044
456045
456046
456047
456048
456049
456050
456051
456052
456053
456054
456055
456056
456057
456058
456059
456060
456061
456062
456063
456064
456065
456068
456069
456070
456071
456073
456074
456075
456076
456077
456078
456079
456080
456081
456082
456083
456084
456085
456086
456087
456088
456089
456090
456092
456093
456094
456095
456096
456097
456099
456100
456101
456102
456103
456105
456106
456107
456108
456110
456111
456112
456113
456115
456116
456117
456119
456120
456121
456123
456125
456127
456128
456129
456130
456131
456132
456133
456135
456136
456137
456138
456140
456141
456142
456143
456144
456145
456146
456147
456148
456149
456150
456151
456152
456153
456154
456155
456156
456157
456158
456159
456160
456161
456162
456163
456164
456165
456166
456167
456168
456169
456170
456171
456172
456173
456174
456175
456177
456178
456179
456180
456181
456182
456183
456184
456185
456187
456191
456192
456193
456194
456196
456197
456198
456199
456200
456201
456202
456203
456204
456205
456206
456207
456208
456209
456210
456211
456212
456214
456215
456216
456217
456218
456220
456221
456222
456223
456224
456226
456227
456228
456229
456230
456231
456232
456233
456234
456235
456236
456237
456238
456239
456241
456242
456243
456244
456246
456248
456249
