50001
50002
50003
50004
50005
50006
50007
50008
50009
50010
50012
50013
50014
50015
50016
50017
50018
50020
50021
50022
50023
50024
50026
50027
50028
50029
50030
50032
50033
50034
50035
50037
50038
50042
50044
50045
50046
50047
50048
50049
50052
50053
50056
50065
50068
50069
50071
50073
50074
50076
50077
50078
50079
50084
50087
50090
50091
50092
50093
50094
50095
50096
50097
50098
50099
50100
50101
50102
50104
50105
50106
50107
50108
50109
50110
50111
50112
50114
50115
50116
50117
50118
50119
50120
50121
50122
50123
50126
50127
50128
50129
50130
50131
50132
50133
50134
50135
50136
50137
50138
50139
50140
50141
50142
50143
50144
50145
50146
50147
50148
50149
50150
50151
50152
50153
50154
50155
50156
50157
50158
50159
50160
50161
50162
50163
50164
50165
50166
50167
50168
50170
50172
50173
50174
50175
50176
50177
50178
50179
50180
50181
50182
50183
50184
50185
50186
50187
50188
50189
50190
50191
50192
50193
50194
50195
50196
50197
50198
50199
50200
50201
50202
50203
50204
50205
50208
50209
50210
50212
50215
50216
50217
50218
50219
50220
50222
50224
50225
50228
50230
50231
50232
50233
50234
50235
50237
50239
50240
50241
50244
50245
50246
50248
50249
