358251
358252
358253
358255
358256
358257
358259
358260
358261
358263
358264
358266
358267
358268
358269
358270
358271
358272
358273
358274
358275
358276
358277
358278
358280
358281
358282
358283
358284
358285
358286
358288
358289
358290
358291
358293
358294
358295
358296
358297
358298
358299
358300
358301
358302
358304
358305
358306
358307
358308
358309
358310
358311
358312
358314
358315
358316
358317
358318
358319
358320
358321
358322
358323
358324
358325
358326
358327
358328
358329
358330
358333
358334
358335
358336
358337
358344
358345
358346
358347
358348
358349
358352
358353
358354
358355
358356
358357
358358
358359
358360
358361
358362
358363
358366
358367
358369
358370
358371
358372
358373
358374
358375
358376
358377
358378
358379
358380
358382
358383
358384
358385
358386
358387
358388
358390
358391
358392
358393
358394
358395
358396
358397
358398
358400
358401
358402
358403
358405
358407
358408
358409
358410
358411
358412
358413
358414
358415
358416
358417
358419
358420
358421
358422
358423
358424
358425
358426
358427
358428
358429
358431
358432
358434
358435
358436
358437
358438
358439
358441
358442
358443
358445
358446
358447
358448
358449
358450
358451
358453
358455
358456
358457
358458
358459
358460
358461
358462
358464
358465
358466
358468
358469
358470
358471
358472
358473
358475
358476
358477
358478
358479
358480
358482
358483
358484
358485
358486
358487
358488
358489
358490
358491
358492
358493
358494
358495
358496
358497
358498
358499
