181251
181253
181254
181255
181256
181259
181265
181271
181277
181283
181289
181292
181295
181297
181298
181299
181300
181302
181303
181304
181305
181306
181308
181309
181310
181311
181313
181314
181315
181316
181317
181318
181319
181320
181321
181322
181324
181325
181327
181328
181332
181338
181344
181347
181348
181352
181353
181354
181355
181357
181358
181359
181360
181361
181363
181364
181365
181366
181368
181369
181370
181371
181372
181374
181375
181376
181377
181379
181380
181381
181382
181383
181385
181386
181387
181388
181390
181391
181392
181393
181394
181395
181396
181397
181398
181399
181400
181401
181402
181403
181405
181406
181407
181408
181409
181411
181412
181413
181414
181415
181417
181418
181419
181420
181421
181423
181424
181425
181426
181427
181429
181430
181431
181432
181433
181435
181436
181437
181438
181439
181441
181442
181443
181444
181445
181447
181448
181449
181450
181451
181453
181454
181455
181456
181457
181459
181460
181461
181462
181463
181464
181465
181466
181467
181468
181469
181470
181471
181472
181473
181474
181475
181476
181477
181479
181481
181482
181483
181484
181485
181486
181488
181489
181490
181491
181492
181493
181497
181498
181499
