442750
442751
442752
442753
442755
442756
442757
442758
442760
442761
442762
442763
442764
442765
442766
442767
442769
442770
442771
442773
442774
442775
442777
442778
442779
442781
442782
442783
442785
442786
442787
442789
442790
442791
442793
442794
442795
442797
442798
442799
442801
442802
442803
442805
442806
442807
442809
442810
442811
442812
442813
442814
442816
442817
442818
442819
442820
442821
442824
442825
442826
442827
442828
442829
442830
442834
442836
442837
442838
442839
442840
442841
442842
442843
442844
442845
442846
442847
442848
442852
442853
442854
442855
442856
442857
442858
442859
442860
442861
442862
442863
442864
442865
442866
442867
442868
442869
442870
442871
442872
442873
442874
442875
442876
442877
442878
442880
442881
442882
442883
442884
442885
442886
442887
442888
442889
442890
442892
442893
442894
442895
442896
442897
442899
442900
442901
442902
442903
442904
442906
442907
442908
442909
442910
442911
442912
442913
442914
442916
442917
442918
442919
442920
442921
442923
442924
442925
442926
442927
442928
442930
442931
442932
442933
442934
442935
442937
442938
442939
442940
442941
442942
442944
442945
442946
442947
442948
442949
442951
442952
442953
442954
442955
442956
442958
442959
442960
442961
442962
442963
442965
442966
442967
442968
442969
442970
442972
442973
442974
442975
442976
442977
442979
442980
442981
442982
442983
442984
442986
442987
442988
442989
442990
442991
442993
442994
442995
442996
442999
