62500
62501
62502
62503
62504
62505
62506
62507
62508
62509
62511
62512
62513
62514
62515
62516
62517
62518
62519
62521
62522
62523
62524
62525
62526
62527
62528
62529
62530
62531
62533
62534
62535
62536
62537
62538
62539
62540
62541
62542
62543
62544
62548
62549
62550
62551
62552
62553
62554
62555
62556
62557
62558
62559
62560
62565
62566
62567
62568
62569
62571
62572
62574
62576
62577
62578
62579
62580
62581
62582
62586
62587
62590
62591
62592
62593
62594
62595
62596
62597
62598
62599
62601
62602
62604
62605
62606
62607
62608
62609
62611
62614
62615
62616
62617
62618
62619
62620
