335250
335251
335252
335253
335254
335255
335256
335257
335258
335259
335260
335261
335262
335264
335265
335266
335267
335268
335269
335270
335271
335273
335274
335276
335277
335278
335279
335280
335281
335282
335285
335286
335287
335288
335289
335291
335292
335293
335294
335295
335296
335297
335299
335300
335301
335302
335303
335304
335305
335308
335309
335310
335311
335312
335314
335315
335316
335317
335318
335319
335320
335322
335323
335324
335325
335326
335327
335328
335331
335332
335333
335334
335335
335337
335338
335339
335340
335341
335342
335343
335345
335346
335347
335348
335349
335350
335352
335353
335354
335355
335356
335357
335358
335359
335360
335361
335362
335363
335364
335365
335366
335367
335368
335369
335370
335371
335372
335373
335374
335375
335376
335377
335378
335379
335380
335382
335383
335384
335386
335387
335388
335391
335394
335395
335398
335399
335402
335403
335406
335408
335409
335410
335411
335412
335413
335414
335416
335417
335418
335420
335421
335422
335423
335424
335427
335428
335429
335430
335431
335432
335434
335435
335436
335437
335438
335439
335441
335442
335443
335444
335445
335446
335447
335448
335450
335451
335452
335453
335454
335455
335457
335458
335459
335460
335462
335463
335464
335465
335466
335467
335468
335469
335470
335471
335472
335473
335474
335475
335476
335477
335478
335479
335480
335481
335482
335483
335484
335485
335486
335487
335488
335489
335490
335491
335492
335493
335494
335495
335496
335497
335498
335499
