392250
392251
392252
392253
392254
392255
392256
392257
392258
392259
392261
392262
392263
392265
392270
392271
392272
392273
392274
392275
392276
392277
392278
392279
392280
392281
392283
392284
392285
392286
392287
392289
392290
392291
392292
392293
392295
392296
392297
392298
392299
392301
392302
392303
392304
392305
392306
392311
392313
392315
392317
392319
392321
392322
392323
392324
392325
392326
392327
392328
392329
392331
392332
392333
392334
392335
392336
392337
392339
392340
392341
392344
392345
392346
392347
392348
392349
392350
392351
392352
392353
392354
392355
392357
392358
392359
392360
392361
392362
392363
392364
392365
392366
392367
392368
392369
392370
392371
392373
392374
392375
392376
392377
392378
392379
392380
392382
392383
392385
392386
392387
392388
392389
392390
392391
392392
392393
392394
392395
392396
392397
392398
392399
392400
392402
392403
392404
392405
392406
392407
392409
392410
392411
392412
392413
392414
392415
392416
392417
392418
392420
392421
392422
392423
392425
392426
392427
392428
392430
392431
392432
392433
392434
392435
392436
392437
392438
392440
392441
392442
392443
392444
392446
392447
392448
392449
392450
392451
392453
392454
392455
392456
392457
392458
392459
392460
392462
392463
392464
392465
392467
392468
392469
392470
392472
392473
392474
392475
392476
392477
392478
392480
392481
392482
392483
392484
392485
392487
392488
392489
392490
392491
392492
392493
392494
392496
392497
392498
392499
