149500
149501
149504
149505
149506
149507
149508
149510
149512
149513
149514
149515
149516
149517
149519
149520
149522
149523
149524
149525
149526
149527
149528
149529
149530
149532
149533
149534
149535
149536
149538
149539
149540
149542
149543
149544
149545
149546
149547
149548
149550
149551
149552
149553
149554
149555
149556
149558
149559
149560
149561
149562
149563
149565
149566
149567
149568
149569
149570
149576
149577
149579
149580
149581
149582
149583
149584
149585
149586
149588
149589
149592
149597
149598
149599
149600
149601
149602
149603
149604
149605
149606
149607
149608
149609
149610
149611
149612
149613
149614
149616
149617
149618
149619
149620
149621
149623
149626
149628
149630
149633
149634
149635
149640
149641
149642
149643
149644
149645
149646
149647
149648
149649
149650
149653
149655
149656
149657
149658
149659
149660
149661
149662
149663
149664
149665
149666
149667
149668
149669
149670
149671
149672
149675
149676
149677
149679
149681
149682
149683
149684
149685
149686
149687
149688
149689
149690
149691
149692
149693
149694
149695
149696
149699
149701
149702
149703
149704
149705
149706
149707
149709
149710
149711
149713
149714
149715
149717
149718
149719
149720
149721
149723
149727
149728
149729
149731
149732
149734
149735
149737
149738
149739
149740
149741
149742
149743
149744
149745
149746
149747
149748
149749
