338500
338501
338502
338503
338504
338505
338506
338507
338510
338511
338512
338513
338514
338515
338516
338517
338518
338519
338522
338523
338524
338525
338526
338527
338528
338529
338530
338531
338534
338535
338536
338537
338539
338540
338541
338542
338543
338544
338546
338547
338548
338549
338550
338551
338553
338554
338556
338558
338559
338561
338562
338563
338565
338566
338567
338568
338569
338571
338572
338573
338575
338576
338577
338578
338579
338580
338581
338583
338584
338585
338586
338587
338589
338590
338591
338592
338593
338595
338596
338599
338601
338602
338603
338604
338606
338607
338608
338610
338611
338612
338614
338615
338616
338617
338618
338619
338620
338621
338622
338623
338625
338626
338627
338628
338630
338631
338632
338633
338634
338635
338636
338638
338639
338640
338641
338642
338643
338644
338645
338646
338647
338648
338650
338651
338652
338654
338655
338656
338658
338660
338662
338664
338666
338668
338670
338672
338673
338675
338676
338677
338678
338679
338680
338681
338682
338683
338684
338685
338686
338687
338688
338689
338690
338691
338692
338693
338694
338695
338696
338697
338698
338699
338700
338701
338702
338703
338704
338706
338707
338709
338710
338711
338713
338714
338715
338716
338718
338719
338720
338722
338723
338724
338725
338726
338728
338731
338733
338735
338736
338737
338739
338740
338741
338742
338744
338745
338746
338748
338749
