309500
309501
309502
309503
309504
309505
309506
309507
309508
309509
309510
309511
309512
309513
309515
309516
309517
309518
309519
309520
309521
309522
309523
309524
309525
309526
309527
309528
309530
309531
309532
309533
309534
309535
309536
309537
309538
309539
309540
309542
309543
309544
309545
309546
309547
309548
309549
309550
309552
309553
309554
309555
309556
309557
309558
309559
309560
309561
309562
309563
309564
309565
309567
309568
309569
309570
309571
309572
309573
309574
309575
309576
309577
309578
309579
309580
309582
309583
309584
309585
309586
309587
309588
309589
309590
309591
309592
309593
309594
309595
309597
309598
309599
309600
309601
309602
309603
309604
309605
309606
309607
309608
309609
309611
309612
309613
309614
309615
309616
309617
309618
309619
309620
309621
309622
309623
309626
309627
309628
309629
309630
309631
309632
309633
309634
309635
309636
309637
309638
309640
309641
309645
309649
309651
309652
309654
309655
309656
309657
309658
309659
309660
309661
309662
309665
309666
309668
309669
309670
309671
309673
309674
309675
309676
309677
309678
309679
309680
309682
309683
309684
309685
309690
309691
309693
309694
309695
309696
309700
309701
309703
309704
309705
309706
309707
309708
309709
309710
309711
309712
309713
309715
309716
309717
309718
309720
309721
309722
309723
309724
309725
309726
309727
309728
309730
309731
309732
309733
309735
309736
309737
309738
309740
309741
309742
309743
309744
309745
309746
309749
