250500
250501
250502
250503
250505
250506
250507
250508
250509
250510
250511
250512
250513
250514
250515
250516
250517
250518
250519
250520
250521
250522
250523
250524
250525
250526
250527
250529
250530
250532
250533
250534
250535
250536
250537
250538
250539
250540
250541
250542
250543
250544
250545
250546
250547
250548
250549
250550
250551
250552
250553
250554
250555
250556
250557
250558
250559
250560
250561
250562
250563
250564
250565
250566
250567
250568
250569
250570
250571
250572
250573
250575
250576
250577
250578
250580
250581
250582
250583
250584
250585
250587
250588
250589
250590
250591
250592
250593
250594
250596
250597
250599
250600
250601
250602
250603
250604
250605
250607
250608
250609
250610
250613
250616
250619
250620
250621
250622
250623
250624
250625
250626
250627
250628
250629
250630
250632
250633
250634
250635
250636
250637
250638
250639
250640
250641
250642
250644
250645
250646
250647
250648
250649
250651
250652
250653
250654
250656
250657
250658
250659
250660
250661
250662
250663
250665
250666
250667
250668
250669
250670
250671
250672
250673
250674
250675
250676
250678
250679
250680
250681
250682
250683
250685
250687
250688
250690
250691
250693
250694
250695
250696
250697
250698
250699
250700
250702
250703
250704
250705
250706
250707
250708
250709
250711
250712
250713
250714
250715
250716
250717
250718
250720
250721
250722
250723
250724
250725
250726
250727
250729
250730
250731
250732
250733
250734
250735
250736
250738
250739
250740
250741
250742
250743
250744
250745
250746
250747
250748
250749
