306500
306501
306502
306504
306505
306507
306508
306509
306510
306511
306512
306513
306514
306515
306516
306517
306518
306519
306520
306521
306522
306523
306524
306525
306526
306527
306529
306532
306533
306534
306536
306537
306539
306540
306542
306546
306547
306549
306550
306551
306552
306553
306556
306557
306559
306560
306561
306562
306563
306564
306565
306566
306567
306568
306569
306570
306571
306572
306573
306574
306577
306578
306582
306583
306587
306590
306593
306594
306595
306596
306597
306599
306600
306601
306602
306605
306609
306610
306614
306615
306616
306617
306618
306620
306624
306625
306626
306627
306628
306629
306633
306634
306640
306641
306644
306645
306646
306647
306648
306649
306651
306652
306653
306654
306655
306656
306657
306658
306659
306660
306661
306662
306663
306664
306665
306666
306668
306669
306670
306671
306672
306673
306674
306675
306676
306677
306678
306679
306680
306681
306682
306686
306688
306689
306690
306691
306692
306693
306695
306696
306697
306698
306699
306700
306701
306702
306703
306704
306705
306706
306707
306708
306710
306711
306712
306713
306714
306715
306716
306717
306718
306719
306720
306721
306722
306723
306724
306725
306726
306727
306728
306729
306730
306731
306732
306733
306734
306735
306736
306737
306738
306739
306740
306741
306742
306743
306744
306745
306747
306748
306749
