394251
394252
394254
394255
394256
394257
394258
394259
394260
394262
394263
394264
394265
394267
394268
394269
394270
394271
394272
394273
394274
394276
394277
394278
394280
394282
394284
394286
394287
394289
394290
394291
394292
394293
394294
394296
394297
394298
394300
394301
394303
394304
394305
394306
394307
394308
394309
394310
394311
394312
394313
394314
394315
394316
394318
394319
394320
394321
394323
394324
394326
394328
394329
394330
394331
394332
394333
394334
394335
394336
394337
394338
394339
394340
394342
394343
394345
394346
394348
394349
394351
394352
394354
394355
394357
394358
394359
394360
394362
394364
394365
394366
394367
394368
394369
394370
394371
394372
394373
394374
394375
394376
394377
394378
394379
394380
394381
394382
394383
394384
394385
394386
394387
394388
394389
394390
394391
394394
394395
394396
394397
394398
394399
394400
394401
394403
394404
394405
394407
394408
394409
394411
394412
394413
394414
394415
394416
394417
394419
394420
394421
394422
394423
394424
394426
394427
394428
394429
394430
394431
394433
394434
394435
394436
394437
394438
394440
394441
394442
394443
394444
394445
394447
394449
394450
394451
394452
394453
394455
394457
394458
394460
394461
394462
394464
394465
394466
394467
394468
394469
394470
394471
394472
394473
394474
394475
394476
394477
394478
394479
394480
394481
394482
394483
394484
394485
394487
394489
394490
394491
394493
394494
394495
394496
394497
394498
