213501
213502
213503
213504
213505
213506
213507
213508
213509
213510
213511
213512
213513
213514
213515
213516
213517
213518
213521
213522
213523
213524
213525
213526
213527
213528
213529
213530
213531
213532
213533
213534
213535
213537
213538
213539
213540
213541
213542
213543
213545
213546
213547
213548
213549
213550
213551
213552
213553
213555
213556
213558
213559
213560
213561
213562
213563
213564
213568
213569
213570
213571
213578
213579
213580
213581
213585
213586
213587
213588
213589
213590
213591
213595
213596
213597
213598
213599
213600
213601
213602
213603
213604
213605
213606
213607
213609
213610
213611
213612
213613
213614
213615
213616
213617
213618
213619
213621
213623
213624
213627
213628
213629
213630
213631
213632
213633
213634
213635
213636
213637
213638
213639
213640
213641
213642
213643
213644
213645
213646
213647
213648
213649
213652
213653
213654
213655
213656
213657
213658
213659
213660
213661
213662
213663
213664
213665
213666
213669
213672
213673
213675
213676
213677
213678
213679
213681
213682
213683
213684
213685
213686
213687
213690
213691
213692
213693
213695
213696
213697
213698
213699
213700
213701
213702
213703
213704
213705
213706
213707
213708
213709
213710
213711
213712
213713
213714
213715
213717
213718
213719
213720
213721
213722
213723
213724
213725
213726
213727
213730
213732
213734
213736
213737
213738
213739
213740
213741
213742
213743
213744
213745
213746
213748
213749
