448002
448003
448004
448007
448008
448009
448012
448013
448014
448015
448016
448017
448018
448019
448020
448021
448022
448023
448024
448025
448026
448027
448028
448029
448030
448031
448032
448033
448034
448035
448036
448038
448039
448040
448041
448042
448043
448044
448045
448046
448047
448048
448049
448050
448051
448052
448053
448054
448056
448058
448060
448062
448063
448064
448065
448066
448067
448068
448070
448071
448073
448074
448075
448076
448078
448079
448080
448081
448082
448083
448084
448085
448086
448087
448088
448089
448090
448091
448094
448095
448096
448097
448099
448101
448102
448105
448108
448111
448114
448115
448117
448118
448119
448120
448121
448122
448123
448124
448125
448126
448127
448128
448129
448130
448131
448132
448133
448134
448135
448136
448137
448138
448139
448140
448141
448142
448143
448144
448145
448146
448147
448148
448149
448150
448151
448152
448153
448154
448155
448156
448157
448158
448159
448160
448161
448162
448163
448164
448166
448168
448169
448170
448171
448173
448175
448176
448177
448178
448180
448182
448183
448184
448185
448187
448189
448191
448192
448193
448194
448195
448196
448197
448198
448201
448203
448205
448207
448208
448209
448210
448211
448212
448213
448215
448217
448219
448220
448221
448222
448223
448224
448225
448227
448229
448231
448232
448233
448234
448235
448236
448237
448239
448241
448243
448244
448245
448246
448247
448248
448249
