123000
123001
123002
123003
123004
123005
123006
123007
123008
123009
123010
123011
123012
123013
123014
123015
123016
123017
123018
123019
123020
123021
123022
123025
123026
123029
123030
123031
123034
123035
123038
123039
123042
123043
123044
123045
123046
123047
123048
123050
123051
123052
123053
123057
123058
123061
123063
123065
123066
123067
123068
123069
123070
123071
123072
123073
123074
123075
123076
123077
123078
123079
123080
123081
123082
123083
123084
123085
123086
123087
123089
123090
123091
123092
123093
123094
123095
123096
123097
123098
123099
123100
123101
123102
123103
123104
123105
123106
123107
123108
123109
123110
123112
123113
123114
123115
123116
123118
123119
123120
123121
123122
123124
123125
123126
123127
123130
123131
123132
123133
123134
123135
123136
123137
123139
123140
123141
123142
123143
123144
123145
123146
123147
123148
123149
123150
123151
123152
123153
123154
123155
123156
123157
123158
123159
123160
123161
123162
123163
123164
123165
123166
123167
123168
123169
123170
123171
123172
123173
123174
123176
123179
123182
123183
123186
123187
123188
123191
123195
123196
123197
123198
123199
123200
123201
123203
123204
123205
123206
123207
123208
123209
123210
123211
123212
123214
123215
123216
123218
123219
123220
123221
123223
123225
123226
123227
123228
123229
123231
123232
123233
123235
123236
123237
123239
123240
123241
123243
123244
123245
123247
123248
123249
