422250
422251
422252
422253
422254
422255
422256
422257
422258
422259
422260
422261
422262
422263
422264
422265
422266
422268
422269
422270
422272
422273
422274
422275
422276
422277
422278
422280
422281
422282
422284
422285
422288
422289
422290
422291
422292
422293
422295
422296
422297
422299
422300
422303
422304
422305
422306
422307
422308
422309
422310
422311
422312
422313
422314
422315
422316
422317
422318
422319
422320
422321
422322
422323
422324
422327
422328
422330
422331
422333
422334
422336
422337
422339
422340
422342
422343
422344
422346
422348
422349
422350
422351
422352
422353
422354
422355
422356
422357
422358
422359
422360
422361
422362
422364
422365
422366
422367
422368
422369
422370
422371
422372
422373
422374
422376
422377
422378
422379
422380
422381
422382
422383
422384
422385
422386
422387
422388
422392
422393
422394
422398
422399
422400
422401
422402
422403
422404
422405
422409
422410
422411
422412
422413
422414
422415
422417
422418
422419
422420
422421
422422
422424
422425
422426
422427
422428
422429
422430
422432
422433
422434
422435
422437
422439
422440
422441
422442
422443
422444
422445
422446
422447
422448
422449
422450
422451
422452
422453
422454
422455
422456
422457
422458
422459
422460
422461
422462
422463
422464
422465
422466
422467
422469
422470
422471
422472
422473
422475
422477
422478
422480
422482
422483
422484
422486
422487
422489
422490
422491
422493
422495
422496
422497
422498
