130500
130501
130502
130503
130504
130506
130508
130510
130511
130512
130513
130514
130515
130516
130518
130520
130522
130523
130524
130525
130526
130527
130528
130530
130532
130533
130535
130537
130538
130540
130542
130543
130545
130546
130548
130549
130550
130551
130552
130554
130555
130556
130558
130559
130560
130561
130562
130563
130564
130565
130566
130567
130568
130569
130570
130571
130572
130573
130575
130576
130577
130578
130579
130580
130581
130583
130584
130585
130587
130588
130589
130590
130591
130592
130595
130602
130603
130606
130607
130609
130610
130611
130612
130614
130615
130616
130617
130618
130619
130620
130624
130625
130626
130627
130629
130633
130634
130635
130636
130637
130638
130640
130642
130643
130644
130646
130647
130648
130649
130650
130651
130652
130654
130655
130657
130658
130659
130660
130661
130662
130663
130664
130665
130666
130667
130668
130670
130671
130672
130674
130677
130678
130679
130680
130681
130682
130684
130685
130686
130688
130689
130690
130692
130693
130694
130699
130700
130702
130703
130704
130705
130706
130707
130708
130709
130710
130711
130712
130713
130714
130715
130716
130718
130720
130721
130722
130723
130724
130725
130726
130727
130728
130729
130730
130731
130732
130733
130735
130736
130737
130738
130739
130740
130741
130744
130745
130746
130747
130749
