206750
206751
206752
206753
206754
206755
206757
206758
206759
206760
206761
206762
206763
206765
206766
206768
206769
206770
206772
206773
206776
206778
206779
206780
206781
206784
206786
206787
206788
206789
206791
206792
206794
206795
206796
206797
206798
206799
206801
206803
206804
206805
206806
206807
206808
206809
206810
206811
206812
206813
206814
206816
206818
206820
206826
206828
206834
206836
206838
206839
206840
206841
206842
206843
206844
206845
206846
206847
206848
206849
206850
206851
206853
206854
206855
206856
206857
206858
206860
206861
206863
206864
206866
206867
206869
206870
206872
206873
206876
206877
206878
206879
206880
206881
206882
206883
206884
206885
206886
206887
206888
206889
206890
206892
206893
206894
206895
206896
206897
206898
206899
206900
206901
206902
206903
206904
206905
206906
206907
206908
206909
206910
206911
206912
206913
206914
206915
206916
206918
206919
206920
206921
206922
206923
206924
206925
206926
206927
206928
206929
206930
206931
206932
206933
206934
206935
206936
206937
206938
206939
206941
206942
206943
206945
206946
206947
206949
206950
206951
206953
206954
206955
206957
206958
206959
206960
206961
206962
206963
206964
206965
206966
206967
206968
206969
206970
206971
206972
206973
206974
206975
206976
206977
206978
206979
206980
206981
206982
206983
206984
206985
206986
206988
206989
206990
206991
206992
206993
206994
206995
206996
206997
206998
206999
