23750
23751
23752
23753
23754
23755
23756
23757
23759
23760
23761
23762
23763
23764
23765
23766
23767
23768
23769
23770
23771
23772
23773
23774
23775
23777
23778
23779
23780
23783
23784
23785
23786
23787
23788
23789
23790
23791
23792
23793
23794
23795
23796
23797
23798
23799
23800
23801
23805
23806
23807
23808
23809
23810
23811
23812
23813
23814
23815
23816
23818
23819
23820
23821
23822
23823
23824
23825
23826
23827
23829
23830
23831
23832
23833
23835
23836
23837
23838
23839
23840
23841
23842
23843
23844
23845
23846
23847
23848
23849
23850
23851
23852
23854
23855
23857
23859
23860
23861
23863
23864
23865
23866
23867
23868
23869
23870
23872
23873
23876
23877
23878
23879
23880
23882
23884
23885
23886
23887
23888
23889
23890
23891
23892
23894
23895
23896
23898
23899
23900
23901
23902
23904
23905
23906
23908
23909
23910
23911
23912
23913
23914
23915
23916
23917
23918
23919
23920
23921
23922
23923
23924
23925
23926
23927
23928
23929
23930
23932
23933
23934
23935
23936
23937
23938
23939
23940
23941
23942
23943
23944
23945
23946
23947
23948
23949
23950
23951
23952
23953
23954
23955
23956
23957
23958
23961
23965
23966
23967
23968
23970
23971
23972
23973
23974
23975
23977
23979
23980
23982
23983
23984
23986
23987
23988
23989
23990
23991
23992
23993
23994
23995
23996
23997
23998
23999
