192750
192751
192752
192753
192755
192756
192757
192758
192759
192760
192761
192762
192763
192764
192765
192766
192767
192768
192769
192770
192771
192772
192773
192774
192775
192776
192777
192778
192779
192780
192781
192782
192783
192784
192785
192786
192787
192788
192789
192790
192791
192792
192793
192794
192795
192796
192797
192798
192799
192800
192801
192805
192806
192807
192808
192809
192810
192811
192812
192813
192814
192815
192816
192817
192818
192819
192820
192821
192822
192824
192825
192826
192827
192828
192829
192830
192831
192832
192833
192834
192835
192836
192837
192838
192839
192840
192841
192842
192843
192844
192845
192846
192847
192848
192849
192850
192851
192852
192853
192854
192855
192856
192857
192858
192859
192860
192861
192863
192864
192865
192866
192868
192869
192870
192871
192873
192874
192875
192876
192877
192878
192879
192880
192881
192882
192883
192884
192885
192889
192890
192891
192895
192896
192897
192901
192902
192903
192904
192905
192906
192907
192908
192909
192910
192911
192912
192913
192914
192915
192916
192917
192918
192920
192924
192925
192926
192928
192932
192933
192934
192938
192939
192940
192944
192945
192946
192950
192951
192953
192954
192955
192956
192957
192958
192959
192960
192961
192962
192963
192964
192965
192967
192968
192969
192970
192971
192972
192973
192974
192975
192976
192977
192978
192979
192980
192981
192982
192983
192984
192985
192986
192987
192988
192989
192990
192991
192992
192993
192995
192996
192997
192999
