185000
185001
185002
185003
185004
185005
185006
185009
185010
185012
185013
185014
185015
185016
185017
185018
185019
185020
185021
185022
185024
185025
185026
185027
185028
185029
185030
185031
185032
185033
185034
185035
185036
185037
185038
185039
185041
185043
185044
185045
185046
185047
185048
185050
185051
185052
185053
185054
185055
185056
185057
185058
185059
185060
185061
185062
185063
185064
185065
185066
185067
185068
185069
185070
185071
185072
185073
185074
185075
185076
185077
185078
185079
185080
185081
185082
185083
185084
185085
185086
185087
185088
185089
185090
185093
185094
185096
185099
185100
185102
185105
185106
185108
185111
185113
185114
185115
185116
185117
185118
185119
185120
185121
185123
185125
185128
185129
185130
185132
185134
185135
185136
185137
185138
185140
185141
185142
185143
185144
185146
185147
185148
185149
185150
185152
185153
185155
185156
185157
185161
185162
185163
185164
185165
185166
185167
185168
185169
185170
185171
185172
185173
185174
185175
185176
185177
185181
185182
185183
185184
185185
185186
185187
185188
185191
185192
185193
185194
185195
185196
185197
185198
185201
185202
185203
185204
185205
185206
185207
185208
185209
185210
185211
185212
185213
185214
185215
185216
185217
185221
185222
185223
185224
185225
185226
185227
185228
185229
185230
185231
185232
185233
185234
185235
185236
185237
185238
185239
185240
185243
185244
185245
185246
185247
185248
185249
