397500
397501
397502
397503
397504
397505
397506
397507
397508
397509
397510
397511
397514
397515
397516
397517
397518
397519
397520
397521
397522
397523
397524
397526
397527
397528
397529
397530
397531
397533
397534
397535
397536
397538
397539
397540
397542
397543
397544
397546
397547
397549
397550
397551
397552
397554
397555
397556
397557
397559
397560
397561
397562
397563
397564
397565
397567
397568
397569
397570
397571
397572
397573
397574
397575
397576
397577
397578
397579
397580
397581
397582
397583
397584
397585
397586
397587
397588
397589
397590
397591
397592
397593
397594
397595
397597
397598
397601
397602
397603
397605
397607
397610
397613
397616
397618
397621
397622
397623
397624
397625
397626
397627
397628
397629
397630
397631
397632
397633
397634
397635
397636
397637
397638
397639
397641
397642
397643
397644
397645
397646
397647
397648
397649
397650
397651
397652
397653
397654
397655
397656
397657
397658
397659
397660
397661
397662
397664
397665
397666
397667
397668
397671
397672
397673
397674
397675
397676
397677
397678
397679
397680
397681
397682
397683
397684
397685
397686
397687
397688
397689
397690
397691
397692
397693
397694
397695
397696
397697
397698
397699
397700
397702
397703
397704
397706
397707
397708
397709
397711
397712
397713
397714
397715
397716
397717
397718
397719
397720
397721
397722
397723
397724
397725
397726
397727
397728
397729
397730
397731
397732
397734
397735
397736
397737
397738
397739
397740
397741
397742
397743
397744
397745
397746
397747
397748
