212001
212002
212004
212006
212007
212008
212009
212011
212012
212013
212014
212016
212017
212018
212019
212020
212022
212023
212024
212025
212026
212027
212028
212029
212030
212031
212033
212034
212035
212036
212038
212039
212040
212041
212042
212043
212044
212045
212046
212047
212049
212050
212051
212052
212053
212055
212056
212057
212058
212059
212060
212061
212063
212065
212067
212068
212069
212070
212071
212072
212073
212076
212077
212078
212079
212080
212081
212082
212083
212084
212085
212087
212088
212089
212091
212092
212093
212095
212096
212097
212099
212100
212101
212103
212104
212105
212107
212108
212109
212110
212112
212113
212114
212115
212116
212118
212119
212120
212121
212122
212124
212125
212126
212127
212128
212130
212131
212132
212133
212134
212136
212137
212138
212139
212140
212141
212142
212143
212144
212145
212146
212147
212148
212149
212153
212154
212156
212157
212158
212159
212160
212162
212163
212164
212165
212166
212167
212168
212169
212170
212171
212172
212173
212175
212176
212177
212178
212180
212181
212182
212183
212184
212186
212187
212188
212189
212190
212191
212192
212193
212194
212195
212196
212197
212198
212199
212200
212201
212202
212203
212204
212205
212206
212207
212210
212213
212214
212216
212217
212218
212219
212220
212221
212223
212225
212226
212229
212230
212232
212233
212236
212237
212238
212239
212240
212241
212242
212243
212244
212245
212246
212247
212248
212249
