417003
417004
417005
417006
417007
417008
417010
417012
417013
417014
417015
417016
417017
417019
417020
417021
417023
417024
417025
417026
417027
417028
417029
417030
417031
417032
417033
417034
417035
417036
417037
417038
417041
417042
417043
417044
417045
417046
417047
417048
417049
417050
417051
417052
417053
417054
417055
417056
417057
417058
417059
417060
417061
417062
417063
417064
417065
417066
417067
417068
417069
417070
417071
417072
417074
417075
417076
417077
417079
417080
417083
417085
417086
417087
417088
417089
417090
417091
417092
417093
417095
417096
417097
417098
417100
417101
417102
417103
417104
417105
417106
417107
417109
417110
417111
417112
417114
417115
417116
417117
417118
417119
417120
417121
417123
417124
417125
417127
417128
417129
417130
417131
417132
417134
417135
417136
417137
417139
417140
417141
417142
417144
417145
417146
417147
417149
417150
417151
417152
417153
417154
417155
417157
417158
417159
417161
417162
417163
417165
417166
417167
417169
417170
417171
417172
417173
417175
417176
417177
417178
417179
417180
417181
417182
417183
417185
417186
417187
417188
417189
417190
417191
417192
417193
417195
417196
417197
417198
417199
417200
417201
417202
417203
417205
417206
417207
417208
417209
417210
417212
417213
417214
417215
417216
417217
417218
417219
417220
417221
417222
417223
417224
417225
417227
417228
417229
417230
417231
417232
417234
417235
417236
417237
417238
417239
417240
417241
417244
417245
417246
417247
417248
417249
