223750
223751
223752
223753
223754
223755
223757
223758
223759
223760
223761
223762
223763
223764
223765
223766
223767
223768
223769
223770
223771
223772
223773
223775
223776
223777
223778
223779
223780
223781
223782
223783
223784
223785
223786
223789
223790
223791
223792
223793
223794
223795
223796
223797
223798
223799
223800
223802
223803
223804
223805
223806
223807
223808
223809
223810
223811
223812
223813
223814
223815
223816
223817
223818
223819
223820
223821
223822
223823
223824
223825
223826
223827
223828
223829
223830
223831
223832
223833
223834
223835
223836
223837
223838
223839
223840
223841
223842
223843
223844
223845
223846
223847
223848
223849
223850
223851
223852
223853
223854
223855
223856
223857
223858
223859
223860
223861
223862
223863
223864
223865
223867
223869
223870
223871
223872
223874
223875
223876
223877
223879
223880
223881
223882
223884
223885
223886
223887
223889
223890
223891
223892
223894
223895
223896
223897
223899
223900
223901
223903
223904
223905
223906
223907
223908
223909
223910
223911
223912
223913
223914
223915
223916
223917
223918
223919
223921
223922
223923
223924
223925
223927
223928
223929
223930
223931
223932
223933
223934
223935
223936
223937
223938
223939
223940
223941
223943
223944
223945
223947
223949
223950
223952
223953
223954
223955
223956
223957
223959
223960
223961
223962
223963
223964
223965
223966
223967
223968
223969
223970
223971
223973
223974
223975
223977
223978
223979
223981
223982
223983
223985
223986
223987
223990
223991
223992
223993
223994
223995
223997
223999
