45250
45252
45253
45254
45255
45256
45257
45262
45267
45272
45277
45282
45287
45288
45289
45290
45291
45292
45293
45294
45295
45297
45298
45299
45300
45302
45303
45304
45307
45308
45309
45310
45312
45313
45314
45317
45318
45319
45323
45324
45325
45329
45331
45332
45333
45334
45335
45336
45337
45339
45340
45341
45342
45343
45344
45346
45347
45348
45349
45350
45351
45353
45354
45355
45356
45357
45358
45359
45360
45361
45362
45363
45365
45367
45368
45369
45370
45371
45372
45373
45374
45375
45376
45377
45378
45380
45381
45382
45383
45384
45385
45386
45390
45393
45394
45395
45396
45397
45398
45399
45400
45401
45402
45403
45404
45405
45406
45407
45408
45409
45410
45413
45414
45415
45416
45417
45418
45419
45421
45422
45423
45424
45425
45426
45427
45428
45429
45430
45431
45432
45433
45435
45436
45437
45438
45440
45441
45442
45443
45445
45446
45447
45448
45449
45450
45451
45452
45454
45455
45456
45457
45458
45459
45461
45462
45463
45464
45466
45467
45468
45473
45474
45475
45477
45478
45479
45481
45482
45483
45485
45486
45487
45489
45490
45491
45492
45494
45495
45497
45499
