145750
145751
145752
145756
145757
145758
145759
145760
145762
145763
145766
145769
145772
145773
145774
145775
145776
145777
145778
145779
145782
145785
145786
145787
145788
145790
145791
145792
145793
145795
145796
145797
145798
145799
145800
145802
145803
145804
145805
145806
145808
145809
145810
145811
145812
145813
145814
145815
145816
145818
145819
145821
145822
145823
145824
145825
145826
145827
145828
145829
145830
145831
145832
145833
145834
145835
145836
145837
145838
145839
145840
145841
145842
145843
145844
145845
145846
145847
145849
145850
145851
145852
145853
145854
145855
145856
145858
145859
145860
145862
145865
145868
145870
145871
145872
145874
145875
145876
145877
145878
145880
145881
145882
145883
145884
145885
145886
145888
145889
145890
145891
145892
145893
145894
145895
145896
145897
145898
145900
145901
145902
145904
145905
145906
145907
145908
145909
145910
145911
145912
145913
145914
145916
145917
145919
145920
145921
145922
145923
145924
145925
145926
145928
145929
145930
145931
145933
145934
145935
145936
145938
145939
145940
145941
145943
145944
145945
145946
145947
145948
145949
145950
145951
145952
145953
145954
145955
145956
145957
145958
145959
145960
145961
145962
145963
145964
145965
145966
145967
145968
145969
145970
145971
145972
145973
145974
145975
145976
145977
145978
145979
145980
145981
145982
145983
145984
145985
145986
145987
145988
145989
145990
145991
145992
145993
145994
145995
145996
145997
145998
145999
