260000
260001
260002
260005
260007
260008
260009
260010
260011
260012
260013
260014
260015
260016
260017
260018
260019
260021
260022
260023
260026
260027
260028
260029
260030
260031
260032
260034
260035
260036
260037
260038
260039
260040
260041
260042
260043
260045
260046
260047
260048
260049
260050
260051
260052
260053
260054
260055
260056
260057
260058
260060
260061
260062
260064
260065
260066
260070
260071
260072
260073
260074
260075
260076
260077
260078
260079
260080
260082
260083
260084
260085
260087
260088
260089
260090
260092
260093
260094
260095
260097
260098
260099
260100
260101
260102
260104
260105
260106
260107
260108
260109
260111
260112
260113
260114
260115
260117
260118
260119
260121
260122
260123
260124
260125
260127
260128
260129
260136
260138
260139
260140
260141
260142
260143
260144
260145
260146
260147
260150
260151
260154
260155
260156
260157
260158
260162
260164
260167
260168
260169
260170
260172
260174
260175
260177
260178
260179
260180
260181
260182
260184
260185
260188
260189
260190
260191
260192
260193
260194
260195
260196
260197
260199
260200
260201
260202
260203
260204
260207
260208
260209
260210
260213
260214
260215
260217
260221
260224
260225
260226
260227
260228
260229
260230
260231
260232
260233
260234
260235
260236
260237
260238
260239
260240
260241
260242
260243
260244
260245
260246
260247
260248
260249
