131500
131501
131502
131503
131504
131505
131506
131507
131508
131509
131510
131511
131512
131513
131514
131515
131516
131517
131518
131519
131520
131521
131522
131523
131524
131525
131527
131529
131530
131532
131533
131534
131535
131538
131539
131540
131541
131542
131543
131545
131547
131548
131549
131550
131552
131553
131554
131555
131557
131558
131560
131561
131562
131563
131564
131565
131566
131567
131568
131569
131570
131571
131572
131573
131574
131575
131576
131578
131579
131580
131582
131583
131585
131586
131587
131588
131589
131590
131591
131592
131593
131594
131596
131597
131598
131599
131601
131602
131603
131604
131605
131606
131607
131608
131609
131610
131611
131612
131613
131614
131615
131616
131617
131618
131619
131620
131621
131622
131623
131624
131625
131626
131627
131628
131629
131630
131632
131633
131634
131637
131638
131639
131640
131641
131642
131643
131644
131645
131646
131647
131648
131649
131650
131651
131652
131654
131655
131656
131659
131660
131661
131662
131664
131665
131667
131669
131670
131671
131672
131673
131674
131676
131677
131678
131680
131681
131682
131684
131685
131686
131687
131688
131689
131690
131691
131692
131693
131694
131695
131697
131698
131699
131700
131701
131702
131703
131704
131705
131707
131709
131711
131712
131713
131715
131716
131717
131718
131719
131721
131722
131723
131724
131726
131727
131728
131729
131730
131731
131733
131734
131735
131736
131737
131738
131739
131740
131741
131742
131743
131744
131747
131748
131749
