27250
27251
27252
27254
27255
27256
27257
27258
27260
27261
27262
27264
27265
27266
27269
27271
27272
27273
27274
27275
27276
27277
27278
27279
27280
27281
27282
27283
27284
27285
27286
27287
27288
27289
27290
27291
27292
27293
27294
27295
27296
27297
27298
27300
27301
27302
27303
27304
27305
27307
27308
27309
27311
27312
27313
27314
27315
27316
27317
27318
27319
27320
27321
27322
27323
27324
27325
27326
27327
27328
27329
27330
27331
27332
27333
27334
27336
27337
27338
27339
27340
27341
27342
27343
27344
27345
27346
27347
27348
27349
27350
27351
27352
27353
27354
27356
27357
27358
27359
27360
27361
27362
27363
27364
27365
27366
27367
27368
27369
27370
27371
27372
27373
27374
27375
27377
27378
27380
27381
27382
27383
27384
27385
27386
27387
27388
27389
27391
27392
27393
27394
27395
27396
27397
27398
27402
27403
27404
27405
27406
27407
27409
27410
27411
27412
27414
27416
27418
27419
27421
27422
27424
27425
27426
27427
27428
27429
27430
27431
27432
27433
27434
27435
27436
27437
27438
27439
27440
27441
27442
27443
27445
27447
27448
27449
27450
27451
27452
27453
27454
27455
27456
27457
27458
27459
27461
27462
27463
27464
27467
27468
27469
27470
27471
27472
27473
27474
27475
27476
27477
27478
27480
27481
27483
27484
27487
27488
27489
27490
27491
27493
27494
27495
27496
27497
27498
