12502
12504
12505
12506
12507
12508
12509
12510
12511
12512
12513
12514
12515
12516
12517
12518
12519
12520
12521
12522
12524
12525
12526
12527
12528
12529
12530
12532
12533
12534
12535
12536
12537
12538
12539
12540
12545
12546
12548
12550
12551
12552
12553
12555
12557
12558
12559
12560
12561
12562
12563
12565
12566
12568
12570
12571
12573
12574
12575
12576
12578
12579
12580
12581
12583
12584
12585
12586
12588
12589
12590
12591
12592
12593
12594
12595
12597
12598
12599
12600
12601
12602
12603
12604
12605
12607
12608
12609
12610
12611
12612
12613
12614
12615
12616
12617
12619
12620
12622
12624
12625
12626
12627
12628
12629
12630
12631
12633
12634
12635
12636
12637
12639
12640
12641
12643
12645
12646
12647
12648
12649
12650
12651
12652
12653
12654
12655
12656
12657
12658
12659
12660
12661
12662
12663
12665
12667
12668
12670
12671
12673
12674
12676
12678
12679
12683
12684
12685
12686
12687
12688
12689
12690
12691
12692
12693
12694
12695
12697
12699
12700
12703
12704
12705
12707
12708
12710
12711
12712
12713
12715
12716
12718
12719
12720
12721
12722
12724
12725
12726
12727
12729
12733
12734
12735
12736
12737
12738
12739
12740
12741
12742
12743
12744
12745
12746
12749
