64500
64502
64503
64504
64505
64506
64508
64509
64510
64511
64513
64514
64515
64517
64518
64519
64520
64521
64523
64524
64525
64527
64528
64529
64530
64531
64532
64533
64534
64535
64536
64538
64539
64540
64541
64544
64546
64547
64548
64549
64550
64551
64552
64553
64555
64557
64558
64559
64560
64561
64562
64563
64564
64566
64569
64570
64571
64572
64573
64574
64575
64576
64577
64578
64580
64581
64582
64583
64584
64585
64586
64587
64589
64591
64592
64593
64594
64595
64596
64597
64598
64599
64600
64601
64602
64603
64604
64605
64606
64607
64608
64609
64610
64611
64612
64613
64615
64616
64617
64618
64619
64620
64621
64622
64623
64624
64625
64626
64627
64628
64630
64631
64632
64633
64634
64635
64636
64637
64638
64639
64640
64641
64642
64644
64645
64646
64647
64648
64650
64651
64653
64654
64656
64657
64658
64659
64660
64661
64662
64663
64664
64666
64668
64669
64670
64671
64672
64674
64675
64676
64677
64678
64680
64681
64682
64683
64684
64685
64686
64687
64688
64689
64690
64691
64692
64693
64694
64695
64696
64697
64699
64700
64701
64703
64704
64705
64707
64708
64709
64711
64712
64713
64715
64716
64717
64719
64720
64721
64723
64724
64725
64727
64728
64729
64731
64732
64733
64734
64735
64736
64737
64738
64739
64740
64741
64743
64745
64746
64747
64748
64749
