465500
465501
465502
465504
465506
465507
465508
465510
465512
465513
465514
465516
465517
465518
465520
465521
465522
465523
465524
465525
465527
465528
465529
465530
465531
465532
465533
465534
465535
465536
465539
465540
465541
465542
465543
465544
465545
465546
465547
465548
465549
465550
465551
465552
465553
465554
465556
465557
465558
465559
465560
465561
465562
465563
465564
465565
465566
465568
465569
465570
465571
465572
465573
465574
465575
465576
465577
465578
465580
465581
465582
465583
465584
465585
465586
465587
465588
465589
465590
465591
465592
465593
465595
465596
465597
465598
465599
465600
465601
465602
465604
465605
465606
465607
465608
465609
465610
465611
465612
465613
465615
465616
465617
465618
465619
465620
465621
465622
465623
465624
465625
465626
465627
465628
465629
465630
465631
465632
465633
465634
465635
465636
465637
465638
465639
465640
465641
465642
465643
465644
465645
465646
465647
465648
465649
465650
465651
465652
465653
465654
465655
465656
465657
465658
465659
465667
465668
465669
465670
465671
465672
465674
465677
465678
465679
465680
465681
465682
465683
465684
465685
465686
465687
465688
465689
465690
465692
465695
465696
465697
465698
465699
465700
465701
465702
465703
465704
465705
465706
465707
465708
465710
465712
465714
465716
465718
465720
465722
465724
465726
465728
465730
465732
465733
465734
465735
465736
465737
465738
465739
465740
465741
465742
465743
465744
465745
465747
465748
465749
