387000
387001
387003
387004
387005
387006
387007
387009
387010
387011
387012
387013
387015
387016
387017
387018
387019
387020
387021
387022
387024
387025
387026
387027
387028
387029
387030
387032
387034
387035
387036
387037
387038
387039
387040
387041
387042
387045
387046
387047
387051
387052
387054
387055
387056
387057
387059
387060
387061
387062
387063
387065
387070
387071
387072
387075
387076
387077
387080
387081
387082
387084
387085
387086
387087
387089
387090
387091
387092
387093
387095
387096
387097
387098
387099
387101
387102
387103
387105
387106
387107
387108
387109
387111
387112
387113
387114
387115
387116
387117
387118
387119
387120
387121
387123
387124
387125
387126
387127
387129
387130
387131
387132
387134
387135
387136
387137
387138
387139
387140
387141
387142
387143
387144
387145
387146
387147
387148
387149
387150
387153
387154
387155
387156
387157
387159
387161
387162
387164
387166
387167
387168
387169
387170
387171
387173
387174
387176
387177
387178
387180
387182
387183
387184
387185
387187
387189
387190
387192
387194
387195
387196
387197
387198
387199
387200
387201
387202
387203
387204
387205
387206
387208
387210
387211
387212
387213
387214
387215
387216
387217
387218
387219
387221
387222
387223
387224
387226
387227
387228
387229
387230
387231
387232
387233
387234
387235
387236
387237
387238
387239
387240
387241
387243
387244
