442001
442002
442003
442005
442006
442007
442009
442010
442011
442013
442014
442015
442016
442017
442018
442019
442020
442021
442022
442024
442025
442027
442028
442030
442031
442032
442033
442034
442035
442036
442037
442038
442039
442040
442041
442042
442043
442044
442045
442047
442048
442049
442050
442051
442052
442053
442055
442057
442058
442059
442060
442061
442062
442063
442064
442065
442067
442068
442069
442070
442071
442073
442074
442075
442076
442077
442078
442079
442080
442081
442082
442083
442084
442085
442086
442087
442088
442089
442090
442091
442092
442093
442094
442095
442096
442097
442098
442099
442100
442101
442102
442103
442104
442105
442106
442107
442108
442109
442110
442111
442112
442113
442114
442115
442116
442117
442118
442119
442120
442122
442123
442124
442125
442126
442128
442130
442131
442132
442133
442134
442136
442137
442138
442139
442140
442141
442142
442143
442144
442145
442146
442147
442148
442149
442150
442151
442152
442153
442154
442155
442156
442158
442160
442163
442164
442165
442166
442167
442168
442170
442171
442172
442173
442175
442176
442177
442179
442180
442181
442183
442184
442185
442186
442187
442188
442189
442190
442191
442192
442193
442194
442195
442196
442197
442198
442199
442201
442202
442203
442205
442206
442207
442208
442210
442211
442212
442213
442215
442216
442217
442218
442220
442221
442224
442225
442226
442227
442228
442229
442230
442231
442232
442233
442234
442235
442236
442237
442238
442239
442240
442241
442242
442243
442245
442246
442247
442248
442249
