24766
24769
24772
24775
24778
24781
24782
24784
24787
24790
24793
24796
24799
24802
24803
24804
24805
24807
24808
24811
24812
24816
24817
24818
24819
24820
24821
24822
24831
24833
24834
24835
24837
24839
24840
24841
24844
24845
24846
24847
24848
24850
24851
24852
24853
24854
24855
24856
24857
24858
24859
24860
24861
24862
24863
24865
24866
24867
24869
24871
24872
24873
24876
24877
24878
24880
24881
24884
24885
24888
24889
24890
24891
24892
24893
24894
24895
24897
24899
24900
24901
24902
24903
24904
24905
24908
24909
24911
24913
24914
24915
24916
24917
24918
24919
24920
24921
24922
24923
24924
24925
24931
24934
24937
24938
24939
24941
24942
24943
24944
24945
24946
24947
24948
24949
24950
24951
24953
24954
24955
24956
24957
24958
24960
24962
24963
24966
24967
24969
24970
24971
24972
24980
24981
24982
24983
24984
24989
24990
24991
24993
24995
24998
