388000
388001
388002
388005
388006
388007
388008
388009
388010
388011
388012
388013
388014
388015
388016
388017
388018
388019
388020
388021
388022
388023
388024
388027
388028
388030
388031
388032
388033
388035
388036
388037
388040
388041
388042
388043
388044
388045
388046
388047
388048
388049
388050
388051
388052
388053
388054
388055
388056
388057
388059
388061
388062
388063
388064
388065
388066
388067
388069
388070
388071
388073
388074
388075
388076
388077
388078
388079
388080
388081
388082
388083
388084
388085
388086
388087
388088
388089
388090
388091
388092
388094
388095
388096
388097
388098
388099
388100
388102
388103
388104
388105
388107
388108
388109
388110
388111
388112
388113
388114
388116
388121
388122
388123
388124
388126
388127
388128
388129
388130
388131
388133
388134
388135
388136
388139
388140
388141
388142
388143
388144
388146
388147
388148
388151
388152
388157
388158
388160
388161
388162
388165
388166
388169
388170
388171
388172
388174
388175
388176
388177
388178
388179
388181
388182
388183
388184
388185
388186
388187
388188
388189
388190
388191
388192
388193
388194
388195
388197
388198
388199
388200
388201
388202
388203
388204
388205
388206
388207
388208
388209
388210
388211
388212
388213
388214
388215
388216
388218
388219
388220
388221
388222
388223
388224
388226
388227
388229
388230
388231
388233
388234
388236
388237
388238
388239
388240
388243
388244
388245
388246
388247
