170750
170751
170752
170753
170756
170757
170759
170761
170762
170763
170764
170765
170766
170767
170768
170770
170771
170773
170774
170775
170776
170777
170778
170779
170780
170781
170782
170783
170784
170785
170786
170787
170788
170789
170790
170791
170792
170794
170796
170797
170798
170799
170800
170801
170802
170804
170805
170806
170807
170808
170809
170810
170811
170812
170813
170814
170815
170816
170817
170818
170820
170822
170823
170824
170825
170826
170827
170829
170830
170831
170832
170833
170834
170835
170836
170837
170838
170839
170840
170841
170842
170843
170844
170845
170846
170847
170848
170850
170851
170852
170853
170854
170855
170856
170857
170862
170863
170864
170865
170866
170869
170870
170871
170873
170874
170875
170876
170877
170878
170880
170881
170882
170884
170885
170887
170888
170890
170891
170892
170894
170895
170897
170898
170899
170901
170902
170904
170905
170906
170908
170909
170911
170912
170914
170915
170917
170918
170919
170920
170921
170922
170923
170924
170925
170926
170927
170928
170929
170930
170931
170932
170933
170934
170935
170936
170937
170938
170940
170941
170943
170944
170945
170946
170947
170948
170950
170951
170952
170953
170954
170955
170957
170958
170959
170960
170962
170964
170965
170966
170967
170968
170969
170970
170971
170972
170973
170974
170975
170976
170977
170978
170979
170980
170981
170982
170983
170984
170985
170986
170987
170988
170989
170990
170992
170993
170994
170996
170997
170999
