63500
63501
63502
63503
63505
63506
63507
63508
63509
63510
63512
63515
63516
63518
63520
63522
63523
63524
63525
63526
63527
63528
63529
63530
63531
63532
63534
63535
63536
63537
63538
63539
63542
63543
63544
63545
63546
63547
63548
63549
63550
63551
63552
63553
63554
63555
63556
63557
63558
63559
63561
63562
63563
63564
63565
63566
63567
63568
63569
63570
63571
63573
63574
63576
63577
63579
63581
63583
63584
63586
63587
63589
63590
63591
63592
63594
63596
63597
63598
63599
63600
63601
63602
63603
63604
63605
63606
63607
63610
63611
63612
63613
63614
63615
63616
63617
63618
63619
63621
63622
63624
63625
63626
63627
63628
63629
63630
63633
63635
63636
63638
63640
63641
63642
63643
63644
63645
63647
63648
63649
63650
63651
63652
63653
63654
63655
63656
63658
63659
63660
63661
63662
63663
63664
63665
63666
63667
63669
63670
63671
63672
63673
63674
63675
63676
63677
63678
63680
63682
63683
63684
63685
63686
63688
63690
63693
63694
63696
63697
63698
63700
63702
63706
63708
63709
63711
63712
63713
63714
63717
63718
63720
63721
63722
63723
63724
63726
63727
63728
63729
63730
63731
63733
63734
63738
63739
63740
63741
63742
63743
63744
63745
63748
