155750
155751
155752
155755
155756
155757
155759
155760
155761
155763
155764
155765
155766
155770
155771
155772
155773
155774
155778
155779
155780
155781
155782
155783
155784
155785
155787
155788
155789
155790
155791
155792
155793
155794
155795
155796
155797
155798
155799
155800
155801
155802
155803
155804
155805
155806
155809
155810
155811
155812
155813
155814
155815
155816
155817
155818
155819
155820
155821
155822
155823
155824
155825
155826
155827
155828
155829
155830
155831
155832
155833
155834
155835
155836
155837
155838
155839
155840
155841
155842
155843
155844
155845
155846
155847
155848
155849
155850
155851
155852
155853
155854
155855
155856
155857
155858
155859
155860
155861
155862
155863
155864
155865
155866
155871
155872
155873
155875
155876
155877
155878
155879
155880
155881
155883
155884
155885
155886
155888
155889
155890
155891
155892
155893
155894
155895
155896
155897
155899
155900
155901
155902
155903
155904
155905
155906
155907
155908
155909
155910
155911
155912
155913
155914
155915
155916
155917
155918
155919
155920
155921
155922
155924
155925
155926
155927
155928
155930
155935
155936
155937
155939
155940
155944
155946
155947
155948
155949
155950
155951
155952
155953
155954
155955
155956
155957
155958
155960
155961
155962
155963
155964
155965
155966
155967
155968
155969
155970
155972
155973
155975
155976
155977
155978
155981
155982
155984
155985
155986
155987
155989
155990
155991
155992
155995
155996
155997
155998
155999
