80750
80751
80752
80753
80754
80755
80757
80758
80760
80762
80763
80764
80765
80766
80769
80773
80774
80775
80776
80778
80779
80780
80781
80782
80783
80784
80786
80787
80792
80793
80794
80795
80797
80801
80803
80804
80805
80806
80807
80808
80809
80814
80815
80816
80817
80819
80820
80823
80825
80826
80827
80828
80829
80830
80840
80842
80844
80846
80847
80849
80854
80871
80872
80876
80877
80878
80886
80888
80889
80890
80891
80892
80893
80894
80895
80896
80897
80901
80903
80905
80906
80908
80909
80910
80911
80914
80915
80916
80917
80918
80919
80920
80921
80922
80923
80924
80925
80926
80927
80928
80929
80930
80931
80932
80933
80934
80935
80936
80937
80938
80939
80940
80941
80942
80943
80945
80946
80947
80948
80949
80950
80951
80952
80953
80954
80958
80959
80960
80961
80962
80963
80965
80967
80968
80969
80971
80974
80977
80978
80979
80980
80981
80988
80989
80990
80991
80993
80995
80996
80997
80998
80999
