420000
420002
420004
420005
420006
420008
420009
420010
420011
420012
420013
420015
420016
420017
420019
420020
420021
420022
420023
420024
420025
420027
420028
420029
420030
420031
420032
420035
420036
420037
420038
420039
420040
420041
420042
420043
420044
420045
420046
420047
420048
420049
420050
420051
420053
420054
420056
420057
420058
420059
420060
420061
420062
420063
420064
420065
420066
420067
420069
420070
420072
420073
420075
420076
420077
420078
420081
420082
420084
420085
420087
420090
420091
420092
420093
420094
420095
420096
420097
420098
420099
420101
420102
