29251
29252
29253
29254
29256
29257
29258
29259
29261
29262
29263
29264
29266
29267
29268
29269
29271
29272
29274
29277
29278
29279
29280
29282
29285
29286
29287
29288
29290
29293
29294
29295
29296
29297
29298
29301
29302
29305
29306
29308
29309
29310
29311
29313
29314
29315
29316
29317
29318
29319
29320
29323
29324
29325
29326
29327
29328
29331
29332
29333
29334
29335
29336
29341
29346
29347
29348
29349
29350
29351
29352
29353
29354
29357
29358
29359
29360
29362
29363
29364
29365
29366
29367
29368
29369
29370
29373
29374
29375
29377
29378
29379
29380
29381
29383
29385
29388
29389
29390
29392
29393
29394
29395
29399
29401
29402
29403
29404
29407
29408
29409
29410
29411
29412
29413
29414
29415
29416
29417
29420
29421
29422
29426
29428
29429
29430
29432
29433
29434
29438
29439
29440
29441
29442
29443
29444
29445
29446
29448
29450
29452
29453
29454
29455
29456
29457
29458
29461
29462
29463
29464
29465
29466
29468
29469
29470
29471
29472
29473
29474
29476
29480
29481
29482
29483
29484
29486
29487
29491
29492
29493
29494
29495
29497
29499
