241000
241003
241005
241006
241007
241008
241009
241010
241012
241013
241014
241015
241017
241018
241019
241020
241021
241023
241024
241025
241026
241028
241029
241030
241031
241032
241033
241034
241035
241036
241037
241038
241039
241040
241041
241042
241043
241044
241045
241046
241047
241048
241049
241050
241051
241052
241053
241054
241055
241056
241057
241058
241059
241060
241061
241062
241064
241065
241066
241067
241068
241069
241070
241071
241072
241073
241074
241075
241076
241080
241081
241082
241083
241084
241086
241087
241089
241090
241091
241092
241093
241094
241095
241098
241099
241100
241101
241103
241104
241105
241106
241107
241109
241110
241112
241113
241126
241135
241137
241138
241146
241149
241152
241156
241157
241158
241160
241161
241162
241163
241164
241166
241167
241168
241169
241171
241172
241173
241174
241177
241178
241179
241180
241181
241184
241185
241187
241188
241189
241190
241191
241192
241194
241195
241196
241197
241198
241199
241200
241201
241202
241203
241204
241205
241206
241207
241208
241209
241210
241211
241212
241213
241214
241215
241216
241217
241218
241219
241220
241221
241223
241224
241225
241226
241227
241228
241230
241231
241232
241233
241234
241235
241237
241239
241240
241241
241242
241243
241244
241245
241246
241247
241248
241249
