457500
457501
457502
457503
457504
457506
457507
457508
457509
457510
457511
457512
457513
457514
457515
457516
457517
457518
457519
457520
457521
457522
457523
457524
457525
457526
457527
457528
457529
457530
457531
457532
457533
457534
457535
457536
457537
457538
457539
457540
457541
457542
457543
457544
457545
457546
457547
457548
457549
457550
457551
457552
457553
457554
457555
457556
457557
457558
457559
457560
457561
457562
457563
457564
457565
457566
457567
457568
457569
457570
457571
457572
457574
457575
457576
457580
457581
457582
457584
457585
457586
457587
457591
457592
457593
457595
457596
457597
457598
457602
457603
457604
457606
457607
457608
457609
457613
457614
457615
457617
457618
457619
457620
457624
457625
457626
457627
457628
457630
457631
457632
457634
457635
457636
457637
457638
457639
457640
457641
457642
457643
457646
457648
457649
457650
457651
457652
457653
457654
457655
457656
457657
457658
457660
457661
457662
457663
457664
457665
457666
457667
457668
457669
457670
457671
457672
457673
457674
457675
457676
457677
457678
457679
457680
457681
457682
457684
457685
457686
457687
457689
457690
457691
457692
457694
457695
457696
457698
457699
457700
457702
457703
457704
457706
457707
457708
457709
457711
457713
457714
457715
457716
457717
457718
457719
457720
457721
457722
457723
457724
457726
457727
457728
457729
457730
457731
457732
457733
457734
457735
457737
457738
457739
457740
457741
457742
457743
457744
457745
457746
457747
457748
457749
