52500
52501
52502
52503
52504
52505
52506
52507
52508
52509
52510
52511
52512
52513
52515
52516
52518
52519
52520
52521
52523
52524
52526
52528
52529
52530
52531
52532
52533
52534
52535
52536
52537
52539
52540
52541
52542
52543
52544
52545
52546
52547
52548
52549
52550
52551
52552
52553
52556
52558
52559
52562
52563
52564
52565
52566
52567
52568
52570
52571
52572
52573
52575
52576
52590
52591
52592
52593
52594
52595
52596
52598
52599
52601
52603
52604
52605
52606
52607
52608
52609
52610
52611
52612
52613
52614
52615
52616
52617
52618
52619
52621
52622
52623
52625
52626
52627
52628
52629
52630
52631
52632
52633
52634
52635
52636
52637
52638
52639
52640
52641
52642
52643
52644
52645
52646
52647
52648
52649
52650
52651
52653
52655
52656
52657
52658
52659
52660
52661
52662
52663
52664
52665
52666
52667
52668
52669
52671
52672
52674
52675
52676
52677
52678
52679
52681
52683
52684
52685
52686
52687
52688
52690
52691
52692
52693
52694
52697
52698
52699
52700
52701
52702
52704
52705
52706
52707
52708
52709
52711
52712
52713
52715
52716
52717
52719
52720
52721
52722
52723
52724
52726
52727
52728
52730
52731
52732
52734
52735
52736
52737
52738
52739
52741
52742
52743
52746
52747
52749
