361500
361501
361502
361503
361504
361505
361506
361507
361508
361509
361510
361511
361512
361513
361514
361515
361516
361517
361518
361519
361520
361521
361522
361523
361524
361525
361526
361527
361528
361529
361530
361531
361532
361533
361534
361535
361536
361537
361538
361539
361540
361541
361542
361543
361544
361546
361548
361549
361551
361553
361554
361556
361558
361559
361561
361562
361563
361564
361566
361567
361570
361571
361572
361573
361574
361575
361576
361578
361579
361580
361581
361582
361583
361584
361585
361586
361587
361588
361589
361590
361591
361592
361593
361594
361595
361596
361597
361598
361599
361600
361601
361602
361603
361605
361606
361607
361609
361610
361611
361612
361613
361614
361615
361616
361617
361618
361619
361620
361621
361622
361623
361624
361625
361626
361627
361628
361629
361630
361631
361632
361633
361634
361635
361636
361637
361638
361640
361641
361642
361643
361645
361646
361647
361648
361649
361650
361651
361652
361653
361654
361658
361659
361660
361661
361662
361665
361668
361669
361670
361671
361672
361673
361674
361675
361678
361681
361682
361683
361684
361685
361686
361687
361688
361689
361690
361691
361692
361693
361694
361695
361696
361697
361698
361699
361700
361701
361703
361704
361705
361706
361707
361708
361709
361710
361711
361712
361713
361715
361716
361717
361719
361721
361722
361723
361725
361726
361727
361728
361729
361731
361732
361733
361734
361736
361737
361738
361739
361741
361742
361743
361744
361746
361747
361748
