152750
152751
152752
152753
152754
152755
152756
152757
152758
152759
152760
152761
152762
152763
152764
152765
152766
152767
152768
152769
152770
152771
152773
152776
152777
152778
152779
152780
152781
152783
152784
152785
152787
152788
152789
152790
152791
152795
152796
152799
152800
152801
152802
152803
152804
152805
152806
152810
152811
152813
152815
152816
152818
152819
152820
152821
152822
152824
152825
152826
152827
152829
152830
152831
152832
152834
152835
152836
152837
152839
152842
152843
152845
152846
152849
152854
152855
152856
152857
152858
152859
152860
152861
152863
152864
152865
152866
152868
152869
152871
152872
152873
152875
152878
152879
152881
152883
152884
152885
152886
152888
152889
152890
152891
152894
152895
152896
152897
152898
152899
152900
152901
152903
152906
152908
152910
152911
152912
152913
152915
152916
152917
152919
152920
152921
152922
152923
152924
152926
152927
152928
152930
152931
152932
152933
152934
152935
152936
152938
152939
152940
152941
152942
152943
152944
152946
152947
152948
152949
152950
152951
152953
152954
152955
152956
152959
152961
152962
152963
152964
152965
152966
152967
152968
152970
152971
152972
152973
152974
152976
152977
152978
152980
152981
152982
152984
152985
152986
152987
152988
152989
152990
152991
152992
152993
152994
152998
152999
