111000
111001
111002
111003
111004
111005
111006
111007
111008
111009
111010
111011
111012
111013
111014
111015
111016
111017
111018
111019
111021
111023
111025
111027
111028
111029
111030
111031
111032
111033
111034
111035
111036
111037
111038
111042
111043
111044
111045
111046
111047
111048
111049
111050
111051
111052
111053
111054
111055
111057
111058
111059
111060
111061
111062
111063
111064
111066
111068
111069
111071
111072
111073
111074
111075
111076
111077
111079
111081
111082
111083
111085
111086
111087
111089
111090
111091
111093
111094
111095
111096
111097
111098
111099
111100
111102
111104
111105
111106
111107
111108
111109
111110
111112
111113
111114
111117
111118
111119
111120
111121
111122
111123
111125
111126
111127
111128
111132
111133
111134
111135
111137
111139
111141
111142
111143
111146
111147
111149
111150
111151
111153
111154
111155
111157
111158
111159
111162
111163
111165
111166
111167
111169
111170
111171
111173
111174
111175
111176
111177
111178
111179
111180
111181
111182
111184
111185
111186
111187
111189
111191
111193
111194
111195
111196
111199
111200
111202
111203
111205
111207
111208
111210
111211
111212
111213
111214
111217
111219
111220
111221
111222
111223
111224
111225
111226
111227
111228
111229
111230
111232
111233
111234
111235
111236
111237
111238
111239
111240
111241
111242
111243
111244
111245
111246
111247
111248
111249
