456750
456751
456752
456754
456755
456756
456757
456758
456759
456760
456761
456762
456763
456764
456765
456766
456767
456769
456771
456772
456774
456776
456777
456779
456781
456782
456783
456784
456785
456786
456787
456788
456789
456790
456791
456792
456793
456794
456795
456796
456797
456800
456803
456804
456805
456806
456807
456808
456809
456811
456812
456814
456815
456817
456818
456819
456820
456821
456822
456823
456824
456826
456827
456828
456829
456830
456832
456833
456835
456836
456837
456838
456839
456840
456841
456842
456843
456844
456845
456846
456847
456848
456849
456850
456851
456852
456853
456854
456855
456856
456857
456858
456859
456860
456861
456862
456863
456864
456866
456867
456868
456869
456871
456872
456873
456874
456875
456876
456877
456878
456879
456880
456881
456882
456883
456884
456886
456887
456888
456891
456892
456893
456894
456897
456898
456899
456900
456902
456903
456904
456905
456906
456907
456908
456909
456910
456911
456912
456913
456914
456915
456916
456917
456918
456919
456921
456922
456923
456926
456927
456928
456929
456930
456932
456933
456934
456935
456936
456937
456938
456939
456940
456941
456942
456944
456945
456946
456947
456948
456950
456951
456956
456957
456958
456959
456960
456962
456963
456964
456965
456967
456968
456969
456970
456971
456972
456973
456974
456975
456976
456977
456978
456979
456980
456981
456982
456983
456984
456985
456986
456987
456988
456989
456990
456991
456992
456993
456994
456995
456996
456997
456998
456999
