458750
458751
458752
458753
458754
458755
458757
458758
458759
458760
458761
458762
458764
458765
458766
458767
458768
458769
458770
458771
458772
458773
458774
458775
458776
458777
458778
458779
458780
458781
458782
458783
458784
458785
458786
458787
458788
458789
458790
458791
458792
458793
458794
458795
458796
458797
458798
458799
458800
458801
458803
458804
458805
458806
458808
458809
458811
458812
458813
458814
458815
458816
458817
458818
458819
458820
458821
458822
458823
458824
458825
458826
458828
458829
458830
458831
458832
458833
458835
458836
458837
458838
458839
458841
458842
458843
458844
458845
458846
458847
458848
458849
458850
458851
458852
458853
458854
458855
458856
458858
458859
458860
458861
458862
458864
458865
458866
458867
458868
458869
458870
458871
458872
458873
458874
458875
458878
458879
458881
458882
458883
458884
458885
458887
458888
458889
458890
458891
458892
458893
458894
458895
458896
458898
458899
458900
458901
458902
458903
458904
458905
458906
458907
458908
458909
458910
458911
458912
458913
458914
458915
458916
458917
458918
458919
458920
458921
458923
458924
458925
458926
458927
458928
458929
458930
458931
458932
458933
458934
458935
458936
458937
458938
458939
458940
458941
458942
458943
458944
458945
458946
458948
458949
458950
458952
458953
458954
458956
458957
458958
458960
458961
458962
458963
458964
458965
458966
458967
458968
458969
458970
458971
458972
458973
458974
458975
458976
458977
458978
458979
458980
458981
458982
458983
458984
458985
458986
458987
458988
458989
458990
458993
458994
458996
458997
458999
