178250
178252
178253
178254
178255
178256
178258
178259
178260
178261
178262
178264
178265
178266
178267
178268
178270
178271
178272
178273
178274
178276
178277
178278
178279
178280
178282
178283
178284
178285
178286
178288
178289
178290
178291
178292
178294
178295
178296
178297
178298
178300
178301
178302
178303
178304
178306
178307
178308
178309
178310
178311
178312
178313
178314
178315
178317
178318
178324
178326
178327
178329
178333
178334
178336
178337
178338
178340
178341
178343
178346
178347
178348
178349
178351
178352
178353
178354
178355
178357
178358
178360
178361
178362
178363
178364
178365
178366
178367
178368
178369
178371
178372
178373
178374
178375
178376
178377
178379
178380
178381
178382
178383
178384
178386
178387
178388
178390
178391
178392
178394
178395
178396
178400
178401
178402
178403
178404
178405
178406
178407
178408
178409
178410
178411
178412
178413
178414
178415
178416
178417
178418
178419
178420
178421
178422
178423
178424
178426
178428
178429
178430
178431
178432
178434
178435
178436
178437
178438
178439
178440
178441
178442
178443
178444
178445
178446
178447
178448
178449
178450
178451
178452
178453
178454
178455
178456
178457
178458
178459
178460
178461
178462
178463
178464
178465
178466
178467
178468
178469
178470
178471
178472
178473
178474
178475
178476
178477
178478
178479
178480
178481
178482
178483
178484
178485
178486
178487
178488
178489
178490
178491
178492
178493
178494
178495
178496
178497
178498
178499
