424000
424001
424002
424003
424004
424005
424006
424007
424008
424009
424010
424011
424012
424013
424014
424015
424016
424018
424019
424020
424021
424022
424024
424025
424026
424027
424028
424029
424030
424032
424033
424034
424036
424037
424038
424039
424040
424041
424042
424043
424044
424045
424046
424047
424048
424049
424050
424051
424052
424053
424054
424055
424056
424057
424058
424059
424060
424061
424062
424063
424064
424065
424066
424067
424068
424069
424070
424071
424072
424073
424074
424075
424076
424077
424078
424079
424081
424082
424083
424084
424085
424086
424087
424088
424089
424090
424092
424093
424094
424095
424096
424097
424098
424099
424100
424101
424102
424103
424104
424105
424106
424107
424108
424109
424110
424111
424112
424113
424114
424115
424116
424117
424120
424121
424122
424123
424124
424125
424126
424127
424128
424129
424130
424131
424132
424134
424135
424136
424137
424138
424140
424141
424142
424143
424144
424145
424146
424147
424148
424149
424150
424151
424152
424153
424155
424156
424157
424158
424159
424161
424162
424163
424164
424165
424166
424168
424169
424170
424171
424172
424173
424174
424175
424176
424177
424178
424179
424180
424181
424182
424183
424185
424187
424188
424189
424190
424191
424192
424194
424195
424196
424198
424199
424200
424201
424202
424203
424204
424206
424207
424208
424209
424211
424212
424213
424215
424216
424217
424218
424219
424220
424221
424222
424223
424224
424225
424226
424227
424228
424229
424230
424231
424232
424233
424234
424235
424236
424237
424238
424239
424241
424242
424244
424245
424246
424247
424248
424249
