369250
369251
369253
369254
369256
369257
369259
369260
369262
369263
369265
369266
369268
369269
369270
369271
369273
369274
369275
369276
369277
369278
369279
369280
369281
369283
369284
369285
369286
369287
369288
369290
369291
369292
369294
369295
369296
369297
369298
369299
369300
369301
369302
369303
369304
369305
369307
369308
369309
369310
369311
369314
369315
369317
369318
369320
369321
369322
369323
369325
369326
369328
369329
369331
369332
369333
369334
369335
369336
369337
369338
369340
369341
369342
369343
369344
369345
369346
369347
369348
369349
369351
369352
369353
369354
369355
369357
369358
369359
369360
369361
369362
369365
369366
369367
369368
369369
369370
369371
369372
369373
369374
369375
369376
369377
369378
369380
369382
369383
369385
369386
369387
369388
369389
369390
369391
369392
369393
369394
369395
369396
369397
369398
369399
369400
369401
369403
369404
369405
369406
369407
369408
369409
369410
369411
369412
369413
369414
369415
369416
369417
369418
369419
369421
369422
369423
369424
369425
369426
369427
369428
369429
369430
369431
369432
369434
369435
369436
369437
369438
369439
369440
369441
369442
369444
369445
369446
369447
369448
369449
369450
369452
369453
369454
369455
369456
369457
369458
369459
369460
369461
369463
369464
369465
369466
369467
369468
369469
369470
369472
369473
369474
369476
369477
369478
369479
369480
369481
369482
369484
369485
369486
369487
369488
369489
369491
369492
369493
369494
369495
369496
369497
369498
369499
