459250
459251
459252
459253
459254
459255
459256
459257
459258
459259
459260
459261
459262
459263
459266
459267
459268
459269
459270
459273
459274
459277
459278
459279
459280
459281
459282
459283
459287
459288
459289
459294
459296
459297
459298
459299
459300
459301
459302
459303
459304
459306
459307
459308
459311
459312
459313
459314
459315
459316
459317
459318
459319
459320
459321
459322
459323
459324
459325
459326
459327
459328
459329
459330
459332
459334
459335
459336
459337
459338
459339
459340
459341
459342
459343
459344
459345
459346
459347
459348
459349
459350
459351
459352
459353
459354
459355
459356
459357
459359
459360
459361
459362
459364
459365
459366
459367
459368
459369
459370
459372
459373
459374
459375
459376
459377
459380
459381
459382
459383
459384
459385
459386
459387
459388
459389
459390
459391
459392
459393
459394
459396
459397
459399
459400
459401
459402
459404
459405
459406
459407
459411
459412
459413
459414
459415
459416
459417
459418
459419
459420
459421
459422
459423
459424
459425
459427
459428
459429
459430
459431
459432
459433
459434
459436
459437
459439
459440
459441
459442
459443
459444
459445
459446
459447
459448
459449
459450
459452
459453
459454
459455
459456
459457
459458
459459
459460
459461
459462
459463
459464
459465
459466
459467
459468
459469
459470
459471
459472
459473
459474
459475
459476
459478
459479
459480
459481
459483
459484
459485
459486
459487
459488
459489
459490
459491
459492
459493
459495
459497
459499
