9750
9751
9752
9753
9754
9755
9756
9757
9758
9759
9760
9761
9762
9763
9764
9765
9766
9767
9768
9769
9770
9771
9772
9773
9774
9777
9778
9779
9784
9786
9787
9788
9789
9791
9794
9795
9796
9797
9798
9799
9800
9801
9802
9806
9807
9808
9811
9812
9813
9814
9816
9817
9818
9819
9820
9821
9823
9825
9826
9828
9829
9830
9831
9832
9834
9835
9836
9837
9838
9840
9841
9842
9843
9844
9845
9846
9855
9856
9857
9858
9859
9860
9861
9863
9864
9865
9866
9867
9868
9870
9872
9875
9876
9877
9878
9880
9881
9882
9883
9884
9885
9886
9887
9888
9889
9890
9891
9892
9893
9894
9896
9897
9898
9899
9901
9902
9903
9904
9905
9906
9907
9908
9909
9910
9911
9912
9913
9915
9917
9919
9920
9921
9922
9923
9924
9925
9926
9927
9928
9929
9930
9931
9932
9933
9934
9935
9936
9937
9939
9940
9941
9942
9943
9944
9945
9946
9947
9948
9949
9953
9954
9955
9956
9963
9966
9973
9974
9975
9976
9977
9978
9979
9980
9981
9982
9985
9986
9987
9988
9989
9990
9992
9993
9994
9995
9997
9998
9999
