166500
166501
166503
166504
166506
166507
166509
166510
166511
166514
166515
166516
166517
166518
166519
166520
166521
166522
166523
166524
166525
166527
166528
166531
166532
166533
166534
166535
166536
166537
166538
166539
166540
166541
166542
166543
166544
166545
166546
166547
166548
166549
166550
166551
166552
166553
166555
166558
166560
166561
166562
166563
166564
166565
166566
166567
166570
166572
166573
166574
166576
166577
166578
166579
166580
166583
166584
166585
166586
166587
166588
166589
166590
166591
166592
166593
166594
166595
166596
166597
166598
166599
166600
166602
166603
166604
166605
166607
166608
166609
166610
166611
166612
166613
166614
166615
166617
166618
166619
166620
166621
166622
166623
166625
166626
166627
166628
166629
166631
166632
166633
166634
166635
166636
166637
166638
166639
166640
166641
166642
166643
166644
166645
166646
166647
166648
166649
166650
166651
166652
166653
166654
166655
166656
166657
166658
166659
166660
166661
166662
166663
166665
166666
166668
166669
166670
166672
166674
166675
166676
166678
166680
166681
166682
166684
166685
166686
166687
166688
166689
166690
166691
166692
166693
166694
166695
166696
166697
166698
166699
166700
166701
166702
166703
166704
166705
166706
166707
166708
166709
166710
166711
166712
166713
166714
166715
166716
166717
166718
166719
166720
166721
166722
166723
166724
166725
166726
166727
166728
166729
166730
166731
166732
166733
166734
166736
166738
166739
166740
166742
166744
166745
166746
166747
166749
