465750
465752
465753
465754
465755
465756
465757
465758
465759
465760
465761
465762
465763
465764
465765
465766
465767
465769
465770
465771
465772
465774
465775
465776
465777
465779
465780
465781
465782
465784
465785
465786
465787
465788
465789
465790
465791
465792
465793
465795
465796
465798
465799
465800
465801
465802
465803
465804
465805
465807
465808
465809
465810
465811
465814
465815
465816
465817
465818
465819
465820
465821
465822
465824
465825
465826
465827
465828
465829
465830
465832
465834
465835
465836
465838
465839
465840
465841
465842
465843
465844
465845
465846
465847
465848
465849
465850
465851
465853
465854
465855
465856
465857
465858
465859
465860
465861
465862
465863
465864
465865
465867
465868
465869
465870
465871
465872
465873
465874
465875
465876
465877
465878
465879
465880
465881
465882
465883
465884
465885
465886
465887
465888
465889
465890
465891
465892
465893
465894
465895
465896
465897
465898
465899
465900
465901
465902
465903
465907
465908
465909
465910
465911
465912
465913
465914
465915
465916
465917
465918
465919
465920
465921
465922
465923
465924
465925
465926
465927
465928
465929
465931
465932
465933
465934
465935
465936
465937
465939
465940
465941
465942
465943
465945
465946
465947
465948
465949
465951
465952
465953
465954
465955
465957
465958
465959
465961
465962
465963
465964
465965
465966
465967
465968
465969
465970
465971
465972
465973
465974
465975
465976
465977
465978
465985
465986
465987
465988
465989
465990
465991
465992
465993
465994
465995
465996
465997
465998
465999
