203750
203751
203752
203753
203754
203755
203756
203757
203758
203759
203760
203761
203762
203763
203764
203765
203766
203767
203768
203769
203770
203771
203772
203773
203774
203775
203776
203777
203778
203779
203781
203782
203783
203784
203785
203786
203787
203789
203790
203791
203792
203793
203794
203795
203797
203798
203799
203800
203801
203802
203803
203805
203806
203807
203808
203809
203811
203812
203813
203814
203815
203816
203818
203819
203820
203821
203822
203823
203824
203825
203826
203827
203828
203829
203830
203831
203832
203833
203834
203835
203836
203837
203838
203839
203840
203841
203842
203843
203844
203845
203846
203847
203848
203850
203851
203852
203854
203855
203856
203857
203858
203861
203862
203863
203864
203865
203868
203869
203870
203872
203873
203874
203876
203877
203878
203887
203888
203889
203890
203891
203892
203893
203894
203895
203896
203897
203898
203899
203901
203902
203903
203904
203905
203906
203907
203908
203909
203910
203911
203912
203915
203916
203917
203918
203919
203920
203921
203922
203923
203924
203927
203928
203929
203930
203931
203932
203933
203934
203935
203936
203937
203938
203941
203942
203943
203944
203945
203946
203949
203951
203953
203955
203958
203959
203960
203961
203962
203963
203964
203965
203966
203967
203968
203969
203970
203971
203972
203973
203974
203975
203976
203977
203978
203979
203980
203981
203982
203983
203984
203985
203986
203987
203988
203989
203990
203991
203992
203993
203994
203995
203996
203997
203998
203999
