454250
454251
454252
454253
454254
454255
454256
454257
454258
454259
454260
454261
454262
454264
454266
454267
454268
454269
454270
454271
454272
454277
454279
454280
454282
454283
454284
454285
454287
454288
454290
454291
454292
454293
454294
454295
454296
454297
454298
454299
454300
454301
454302
454303
454304
454305
454306
454307
454308
454309
454310
454311
454312
454313
454314
454315
454316
454317
454319
454320
454321
454322
454323
454324
454325
454326
454327
454328
454329
454330
454331
454334
454335
454337
454338
454339
454340
454342
454343
454345
454346
454347
454348
454349
454350
454351
454352
454353
454354
454355
454356
454357
454359
454360
454361
454362
454363
454365
454369
454373
454377
454380
454381
454385
454386
454387
454388
454389
454390
454391
454392
454393
454394
454395
454396
454397
454398
454399
454400
454401
454402
454403
454404
454405
454407
454413
454415
454416
454417
454418
454419
454420
454421
454422
454423
454424
454425
454426
454427
454428
454429
454430
454431
454432
454433
454434
454435
454436
454437
454438
454439
454440
454441
454442
454443
454444
454445
454446
454447
454448
454449
454450
454451
454452
454453
454454
454455
454456
454457
454458
454459
454460
454461
454462
454465
454466
454467
454468
454469
454470
454471
454472
454473
454474
454475
454476
454477
454478
454479
454480
454481
454482
454483
454484
454485
454486
454487
454488
454489
454490
454491
454492
454493
454495
454496
454497
454498
454499
