139502
139503
139504
139507
139508
139509
139510
139511
139512
139514
139515
139516
139517
139518
139520
139521
139522
139523
139524
139525
139526
139527
139528
139529
139530
139531
139532
139534
139535
139536
139537
139539
139540
139541
139542
139543
139544
139545
139546
139547
139548
139551
139552
139553
139555
139556
139558
139559
139560
139561
139562
139563
139564
139566
139567
139568
139569
139570
139571
139572
139573
139574
139575
139576
139577
139578
139580
139581
139582
139583
139584
139587
139588
139590
139591
139592
139594
139595
139596
139598
139600
139601
139603
139604
139605
139606
139607
139608
139609
139610
139611
139612
139614
139615
139618
139619
139621
139622
139623
139624
139627
139628
139629
139631
139635
139636
139640
139641
139645
139646
139647
139648
139649
139652
139653
139654
139655
139656
139658
139659
139660
139662
139668
139669
139670
139671
139672
139673
139674
139675
139676
139677
139679
139680
139681
139682
139684
139685
139686
139688
139689
139690
139691
139694
139695
139696
139698
139699
139702
139703
139704
139706
139708
139709
139710
139711
139712
139714
139715
139716
139717
139718
139719
139720
139721
139723
139724
139725
139727
139729
139730
139732
139734
139735
139736
139737
139738
139740
139741
139742
139743
139744
139745
139746
139747
139748
