4250
4254
4262
4264
4268
4270
4275
4276
4281
4282
4283
4284
4285
4287
4290
4291
4295
4296
4299
4300
4302
4308
4309
4310
4311
4312
4313
4314
4315
4316
4317
4318
4320
4324
4325
4327
4328
4329
4331
4333
4335
4336
4338
4340
4343
4344
4347
4348
4349
4350
4351
4354
4355
4357
4359
4360
4361
4363
4364
4365
4367
4371
4372
4374
4378
4379
4381
4385
4386
4387
4388
4389
4390
4391
4394
4395
4396
4397
4398
4400
4404
4405
4406
4407
4408
4409
4410
4412
4414
4416
4417
4418
4419
4423
4424
4425
4426
4427
4429
4432
4433
4435
4437
4438
4439
4440
4441
4442
4443
4444
4445
4446
4447
4448
4449
4450
4451
4452
4453
4454
4455
4456
4457
4458
4459
4460
4461
4462
4463
4464
4465
4466
4467
4469
4473
4474
4475
4476
4477
4478
4480
4481
4483
4485
4488
4492
4494
4498
4499
