444750
444752
444753
444755
444756
444758
444759
444761
444762
444764
444766
444767
444768
444769
444771
444774
444775
444776
444777
444778
444780
444781
444782
444783
444784
444785
444787
444788
444791
444792
444793
444794
444796
444797
444798
444799
444800
444802
444803
444804
444805
444806
444807
444808
444809
444811
444812
444813
444814
444815
444816
444817
444818
444820
444821
444822
444823
444824
444825
444826
444827
444829
444830
444831
444832
444833
444834
444835
444836
444838
444839
444840
444841
444842
444843
444848
444849
444850
444851
444853
444854
444855
444856
444857
444858
444859
444860
444861
444862
444863
444864
444865
444868
444870
444871
444872
444873
444874
444875
444876
444877
444878
444879
444880
444881
444882
444883
444885
444886
444887
444888
444889
444890
444891
444892
444893
444894
444895
444897
444898
444899
444900
444901
444902
444903
444904
444905
444906
444907
444909
444910
444911
444912
444913
444914
444915
444916
444917
444918
444919
444921
444922
444923
444924
444925
444926
444927
444928
444929
444930
444931
444933
444934
444935
444936
444937
444938
444939
444940
444941
444942
444943
444945
444946
444947
444948
444949
444950
444951
444952
444953
444954
444955
444957
444958
444959
444960
444961
444962
444963
444964
444965
444967
444968
444972
444973
444974
444975
444977
444978
444982
444984
444986
444987
444988
444989
444990
444991
444992
444993
444994
444995
444996
444997
444998
444999
