183501
183502
183503
183504
183506
183507
183508
183509
183510
183512
183513
183514
183515
183516
183518
183520
183521
183522
183523
183524
183526
183527
183528
183529
183530
183532
183533
183534
183536
183537
183539
183540
183541
183542
183543
183545
183546
183547
183549
183550
183551
183552
183554
183555
183557
183558
183560
183561
183563
183564
183566
183567
183568
183569
183570
183571
183572
183573
183574
183575
183576
183577
183578
183579
183580
183581
183582
183583
183584
183585
183586
183587
183588
183589
183591
183592
183593
183594
183595
183596
183597
183598
183599
183600
183601
183602
183603
183604
183605
183606
183607
183608
183609
183610
183611
183612
183613
183614
183615
183616
183618
183619
183620
183621
183622
183623
183624
183625
183626
183627
183629
183630
183631
183632
183633
183635
183636
183637
183638
183639
183640
183641
183642
183643
183645
183648
183650
183653
183656
183658
183661
183664
183666
183669
183670
183671
183672
183673
183674
183675
183676
183677
183678
183680
183681
183682
183684
183685
183686
183687
183688
183690
183691
183692
183693
183694
183695
183696
183697
183698
183699
183700
183701
183702
183705
183706
183707
183708
183710
183711
183712
183713
183714
183715
183716
183718
183719
183720
183721
183722
183723
183724
183725
183726
183728
183729
183730
183731
183732
183733
183735
183736
183737
183738
183739
183740
183741
183743
183744
183745
183746
183747
183748
183749
