157250
157251
157252
157253
157254
157255
157256
157257
157260
157261
157262
157263
157264
157265
157266
157267
157269
157270
157271
157272
157274
157275
157276
157277
157278
157279
157280
157281
157282
157284
157285
157286
157288
157289
157290
157291
157292
157293
157294
157295
157296
157297
157298
157299
157300
157303
157304
157305
157308
157309
157311
157312
157313
157315
157316
157317
157319
157320
157321
157323
157324
157325
157326
157328
157329
157330
157331
157332
157333
157334
157335
157336
157337
157338
157339
157340
157341
157342
157343
157344
157345
157346
157347
157349
157350
157351
157352
157353
157354
157355
157356
157357
157358
157359
157360
157361
157362
157363
157364
157365
157366
157367
157368
157369
157370
157371
157372
157373
157374
157375
157376
157377
157378
157379
157380
157381
157382
157383
157384
157385
157386
157387
157388
157389
157390
157391
157392
157393
157394
157395
157396
157397
157398
157399
157400
157401
157402
157403
157404
157405
157406
157407
157408
157409
157410
157411
157412
157413
157414
157417
157418
157419
157420
157421
157422
157423
157424
157425
157426
157427
157428
157429
157430
157431
157432
157433
157435
157436
157437
157439
157440
157441
157442
157443
157444
157445
157446
157447
157448
157449
157450
157451
157452
157453
157455
157456
157457
157458
157459
157460
157461
157462
157463
157464
157465
157466
157467
157468
157470
157471
157472
157473
157476
157477
157478
157479
157480
157482
157483
157484
157485
157486
157487
157488
157489
157490
157491
157492
157493
157494
157495
157496
157497
157498
157499
