307500
307501
307502
307503
307504
307505
307506
307507
307508
307509
307510
307511
307512
307513
307514
307515
307517
307518
307519
307521
307522
307523
307524
307525
307526
307527
307528
307529
307530
307531
307532
307533
307534
307535
307536
307537
307539
307540
307541
307542
307543
307544
307545
307546
307547
307548
307549
307550
307551
307552
307553
307554
307555
307557
307558
307559
307560
307561
307562
307563
307564
307566
307567
307568
307569
307570
307571
307572
307573
307574
307575
307576
307577
307578
307579
307580
307581
307582
307583
307585
307586
307587
307588
307589
307590
307591
307592
307593
307595
307596
307597
307598
307599
307600
307601
307602
307603
307604
307605
307606
307607
307608
307610
307611
307613
307614
307615
307616
307618
307619
307620
307621
307623
307624
307625
307626
307628
307629
307630
307632
307633
307634
307635
307636
307637
307638
307639
307640
307641
307642
307644
307645
307646
307647
307648
307649
307650
307651
307652
307653
307654
307655
307657
307658
307660
307661
307662
307663
307664
307665
307666
307667
307668
307669
307670
307672
307673
307674
307675
307677
307678
307679
307680
307681
307682
307683
307684
307685
307686
307687
307689
307690
307691
307692
307693
307695
307696
307697
307698
307699
307700
307701
307702
307703
307704
307705
307707
307708
307709
307710
307711
307713
307714
307715
307716
307717
307718
307719
307720
307721
307722
307723
307725
307726
307727
307729
307730
307731
307732
307733
307734
307735
307736
307737
307739
307740
307741
307742
307744
307745
307746
307747
307749
