78250
78251
78254
78255
78256
78257
78258
78262
78263
78267
78268
78269
78271
78272
78273
78274
78275
78276
78277
78278
78279
78280
78281
78282
78283
78284
78285
78286
78287
78288
78289
78293
78294
78295
78297
78298
78299
78300
78301
78302
78303
78304
78305
78306
78307
78308
78310
78311
78312
78313
78314
78315
78316
78317
78318
78319
78320
78321
78322
78323
78325
78326
78327
78328
78329
78330
78332
78333
78334
78335
78336
78337
78338
78339
78340
78341
78342
78344
78345
78346
78347
78348
78349
78350
78352
78353
78354
78355
78356
78357
78358
78359
78362
78363
78364
78366
78367
78371
78372
78373
78374
78376
78377
78378
78379
78380
78381
78382
78383
78384
78385
78386
78388
78389
78390
78391
78392
78393
78394
78395
78396
78397
78398
78399
78400
78401
78402
78404
78405
78406
78407
78408
78409
78410
78411
78413
78414
78415
78416
78417
78418
78420
78421
78422
78424
78425
78426
78427
78428
78429
78430
78432
78433
78434
78435
78436
78437
78439
78440
78441
78442
78443
78444
78445
78446
78447
78448
78449
78450
78451
78452
78453
78454
78455
78456
78457
78458
78459
78460
78461
78462
78463
78464
78465
78466
78467
78468
78470
78472
78473
78474
78475
78476
78477
78478
78479
78480
78482
78483
78484
78485
78486
78488
78489
78490
78491
78492
78494
78495
78496
78497
78498
