38000
38001
38002
38003
38006
38007
38008
38011
38013
38014
38015
38016
38017
38018
38019
38020
38021
38022
38023
38024
38026
38027
38028
38029
38030
38031
38032
38033
38034
38035
38036
38037
38038
38039
38041
38042
38043
38045
38046
38047
38049
38050
38051
38052
38054
38055
38056
38057
38058
38059
38060
38061
38063
38064
38065
38066
38067
38068
38069
38070
38071
38072
38073
38075
38076
38077
38078
38079
38081
38082
38083
38086
38087
38088
38092
38093
38094
38095
38096
38097
38098
38099
38100
38101
38102
38103
38104
38106
38108
38109
38110
38111
38112
38114
38116
38117
38118
38119
38120
38122
38124
38127
38128
38129
38130
38132
38134
38135
38136
38137
38138
38140
38142
38143
38144
38145
38146
38148
38150
38151
38152
38153
38154
38155
38156
38157
38159
38160
38161
38162
38163
38164
38165
38168
38171
38172
38173
38174
38175
38176
38179
38180
38181
38182
38184
38186
38189
38190
38193
38194
38197
38198
38200
38201
38202
38203
38204
38206
38207
38208
38209
38211
38212
38214
38215
38216
38217
38218
38219
38220
38221
38222
38223
38224
38225
38226
38227
38228
38229
38230
38231
38232
38233
38234
38235
38236
38237
38238
38239
38240
38241
38242
38243
38244
38245
38246
38247
38248
38249
