93750
93752
93753
93754
93755
93756
93758
93759
93760
93761
93762
93763
93764
93765
93766
93767
93768
93769
93770
93771
93772
93774
93775
93777
93778
93779
93780
93781
93782
93783
93785
93786
93788
93789
93790
93791
93792
93793
93794
93795
93796
93797
93798
93799
93800
93801
93802
93803
93804
93805
93806
93807
93808
93809
93810
93811
93812
93814
93815
93816
93817
93818
93819
93820
93821
93822
93823
93824
93825
93827
93828
93830
93831
93832
93834
93835
93836
93837
93838
93839
93844
93847
93852
93853
93854
93855
93856
93857
93858
93860
93861
93862
93863
93864
93865
93866
93867
93868
93869
93870
93871
93872
93873
93874
93875
93876
93877
93878
93879
93880
93881
93882
93883
93884
93885
93886
93887
93888
93889
93890
93891
93892
93893
93894
93895
93896
93897
93898
93899
93900
93901
93902
93903
93904
93905
93906
93907
93909
93910
93911
93912
93913
93914
93915
93916
93917
93918
93919
93920
93921
93922
93923
93924
93925
93926
93927
93928
93929
93930
93931
93933
93934
93935
93936
93938
93939
93940
93941
93942
93943
93944
93945
93947
93948
93949
93950
93951
93953
93954
93955
93956
93957
93959
93960
93961
93962
93963
93965
93966
93967
93968
93969
93970
93971
93972
93973
93974
93975
93976
93977
93978
93979
93980
93981
93982
93983
93984
93985
93986
93987
93988
93989
93990
93991
93992
93993
93995
93997
93998
93999
