181500
181501
181502
181503
181504
181505
181506
181507
181508
181509
181510
181511
181513
181515
181516
181517
181518
181519
181520
181521
181522
181523
181526
181527
181528
181529
181531
181532
181535
181536
181538
181539
181540
181541
181543
181544
181545
181546
181547
181548
181549
181550
181551
181552
181553
181554
181555
181556
181557
181558
181559
181562
181564
181565
181566
181568
181569
181570
181571
181573
181574
181575
181576
181577
181579
181580
181581
181582
181583
181584
181586
181587
181588
181589
181590
181591
181593
181594
181595
181596
181597
181598
181600
181601
181602
181603
181604
181605
181607
181608
181609
181610
181611
181612
181613
181614
181615
181616
181618
181619
181620
181621
181624
181626
181627
181630
181632
181633
181636
181638
181639
181642
181644
181645
181646
181647
181648
181650
181651
181654
181655
181656
181658
181660
181661
181662
181663
181664
181665
181666
181669
181670
181671
181672
181673
181674
181675
181678
181679
181680
181681
181682
181683
181684
181685
181686
181687
181688
181689
181690
181691
181692
181693
181694
181695
181696
181697
181698
181699
181700
181701
181702
181703
181704
181706
181707
181709
181710
181711
181712
181713
181714
181715
181717
181718
181719
181720
181722
181723
181724
181725
181727
181728
181729
181730
181731
181732
181733
181734
181735
181736
181737
181738
181739
181740
181741
181742
181743
181744
181745
181746
181748
181749
