392750
392751
392752
392753
392754
392756
392757
392760
392761
392764
392765
392768
392769
392772
392773
392776
392777
392780
392781
392784
392785
392787
392788
392789
392791
392792
392794
392795
392796
392797
392799
392800
392801
392802
392803
392804
392805
392806
392807
392808
392809
392810
392811
392812
392813
392814
392815
392816
392817
392818
392819
392820
392821
392822
392823
392824
392825
392826
392827
392829
392830
392831
392832
392834
392835
392836
392837
392838
392839
392840
392841
392843
392844
392845
392849
392852
392853
392854
392858
392861
392865
392868
392869
392871
392872
392873
392877
392880
392884
392887
392891
392894
392898
392901
392902
392904
392906
392907
392909
392910
392911
392912
392913
392914
392915
392916
392917
392918
392919
392920
392921
392922
392923
392924
392925
392926
392928
392929
392930
392931
392932
392933
392934
392935
392936
392937
392938
392939
392940
392941
392942
392943
392944
392946
392947
392948
392949
392950
392951
392952
392953
392954
392955
392956
392957
392958
392959
392960
392961
392962
392963
392967
392968
392969
392970
392971
392972
392973
392974
392975
392976
392977
392978
392979
392980
392981
392983
392984
392985
392986
392987
392988
392989
392990
392991
392992
392993
392994
392995
392996
392997
392998
392999
