255500
255501
255504
255505
255506
255507
255508
255510
255511
255513
255514
255515
255516
255517
255519
255520
255521
255522
255523
255524
255525
255526
255527
255530
255531
255532
255533
255534
255535
255536
255537
255538
255539
255540
255541
255542
255543
255544
255545
255546
255547
255548
255549
255550
255551
255553
255555
255557
255559
255561
255562
255563
255564
255565
255568
255569
255570
255571
255572
255574
255575
255576
255577
255578
255579
255580
255581
255582
255583
255584
255585
255586
255587
255588
255589
255590
255591
255592
255594
255595
255596
255597
255598
255600
255601
255602
255603
255604
255607
255608
255609
255610
255611
255614
255615
255617
255618
255619
255620
255622
255623
255624
255625
255626
255628
255629
255630
255631
255633
255634
255635
255636
255637
255639
255640
255641
255642
255643
255645
255646
255647
255648
255649
255651
255652
255653
255654
255655
255657
255658
255659
255663
255664
255665
255666
255668
255669
255672
255673
255674
255675
255676
255677
255678
255679
255680
255685
255686
255687
255689
255690
255691
255692
255693
255694
255695
255696
255697
255699
255700
255701
255704
255705
255707
255708
255709
255710
255711
255712
255713
255714
255715
255716
255717
255718
255719
255720
255721
255722
255723
255724
255725
255726
255727
255728
255729
255730
255731
255732
255734
255735
255736
255737
255739
255740
255741
255742
255743
255744
255745
255746
255747
255748
255749
