366750
366751
366752
366753
366754
366755
366764
366766
366767
366768
366769
366771
366772
366773
366774
366775
366776
366777
366778
366779
366780
366781
366783
366784
366785
366786
366787
366788
366789
366790
366791
366792
366793
366794
366795
366796
366797
366798
366801
366802
366803
366806
366808
366809
366810
366811
366812
366813
366814
366816
366817
366818
366820
366821
366822
366824
366825
366827
366828
366829
366830
366831
366832
366833
366834
366835
366836
366837
366839
366840
366841
366842
366844
366845
366846
366847
366848
366849
366850
366851
366852
366853
366854
366855
366856
366857
366858
366859
366860
366861
366862
366863
366864
366865
366866
366867
366868
366869
366870
366871
366872
366873
366874
366876
366877
366878
366879
366880
366883
366884
366886
366887
366890
366891
366892
366894
366895
366896
366897
366898
366899
366900
366901
366902
366903
366904
366905
366906
366907
366908
366909
366910
366911
366912
366914
366915
366916
366918
366919
366920
366922
366923
366924
366926
366927
366929
366930
366931
366935
366936
366937
366938
366941
366942
366943
366944
366945
366946
366947
366948
366949
366950
366952
366954
366955
366956
366957
366958
366959
366960
366962
366963
366964
366966
366967
366969
366970
366971
366972
366973
366974
366975
366976
366977
366978
366979
366980
366981
366982
366983
366984
366985
366986
366987
366988
366989
366990
366991
366992
366993
366994
366995
366996
366997
366998
366999
