346000
346001
346002
346003
346004
346005
346006
346008
346010
346011
346012
346013
346014
346015
346016
346017
346018
346019
346021
346022
346023
346024
346025
346026
346027
346028
346029
346030
346031
346032
346033
346034
346035
346036
346037
346038
346039
346040
346041
346043
346044
346045
346046
346047
346048
346049
346050
346051
346052
346053
346054
346056
346057
346058
346059
346060
346061
346063
346064
346065
346066
346067
346068
346070
346071
346072
346073
346074
346075
346077
346078
346079
346081
346082
346084
346085
346086
346088
346089
346090
346091
346092
346094
346095
346096
346097
346099
346100
346101
346102
346104
346105
346106
346107
346108
346109
346110
346111
346112
346113
346114
346116
346117
346118
346119
346120
346122
346123
346124
346125
346126
346127
346128
346129
346130
346131
346132
346133
346134
346135
346136
346137
346138
346139
346141
346142
346143
346144
346145
346146
346147
346148
346149
346150
346151
346152
346153
346154
346155
346156
346157
346158
346159
346160
346161
346162
346163
346164
346165
346167
346168
346169
346170
346171
346172
346174
346175
346176
346177
346178
346179
346180
346181
346182
346183
346184
346185
346186
346188
346189
346190
346191
346192
346193
346194
346195
346196
346198
346199
346200
346201
346202
346203
346204
346205
346207
346208
346209
346210
346211
346212
346215
346216
346217
346219
346220
346221
346222
346223
346224
346225
346227
346228
346229
346230
346231
346232
346233
346234
346235
346239
346240
346241
346242
346243
346244
346246
346247
346248
346249
