411000
411001
411002
411003
411004
411005
411006
411008
411009
411011
411012
411013
411015
411017
411018
411019
411020
411021
411022
411023
411024
411026
411027
411029
411030
411031
411033
411035
411036
411037
411038
411039
411040
411041
411042
411044
411045
411047
411048
411049
411051
411053
411054
411055
411056
411057
411059
411060
411062
411063
411065
411067
411068
411072
411073
411075
411076
411077
411078
411080
411081
411082
411083
411084
411086
411087
411088
411089
411091
411092
411094
411095
411096
411097
411098
411099
411100
411101
411102
411103
411104
411105
411106
411107
411108
411109
411110
411111
411112
411113
411114
411115
411116
411117
411118
411119
411120
411121
411122
411123
411124
411125
411126
411127
411128
411129
411130
411131
411132
411133
411134
411135
411136
411137
411138
411139
411140
411141
411142
411143
411144
411145
411146
411147
411148
411149
411150
411151
411152
411154
411156
411157
411158
411160
411161
411162
411163
411164
411165
411166
411167
411168
411169
411170
411171
411172
411173
411174
411177
411178
411179
411180
411181
411182
411183
411184
411185
411186
411190
411191
411192
411193
411194
411198
411199
411200
411201
411203
411204
411205
411208
411209
411212
411213
411214
411215
411217
411218
411220
411221
411223
411224
411226
411227
411228
411229
411230
411231
411232
411233
411234
411235
411237
411238
411239
411240
411241
411242
411244
411245
411246
411247
411248
411249
