242501
242502
242503
242504
242505
242506
242507
242508
242509
242510
242511
242512
242513
242514
242515
242516
242518
242519
242520
242521
242522
242523
242524
242525
242526
242527
242528
242529
242530
242531
242532
242534
242535
242536
242537
242538
242539
242540
242541
242542
242543
242544
242546
242547
242548
242549
242550
242551
242552
242553
242554
242555
242556
242557
242558
242561
242562
242564
242565
242566
242567
242568
242569
242570
242571
242572
242573
242574
242575
242576
242579
242580
242581
242582
242583
242584
242585
242587
242588
242590
242591
242592
242593
242594
242596
242597
242598
242599
242600
242601
242602
242603
242604
242605
242606
242607
242608
242609
242610
242613
242614
242617
242618
242619
242620
242621
242622
242623
242624
242625
242626
242627
242628
242629
242630
242631
242633
242634
242635
242637
242638
242639
242640
242642
242643
242644
242645
242646
242649
242650
242651
242652
242653
242657
242658
242659
242660
242661
242662
242663
242664
242666
242667
242668
242669
242670
242671
242672
242673
242674
242675
242676
242677
242678
242679
242680
242681
242682
242683
242684
242685
242686
242687
242688
242690
242691
242692
242693
242694
242695
242696
242697
242698
242699
242700
242701
242702
242703
242704
242705
242706
242707
242708
242709
242710
242711
242712
242713
242715
242716
242717
242719
242720
242721
242722
242723
242724
242725
242726
242727
242729
242730
242731
242732
242733
242735
242736
242737
242738
242739
242740
242741
242742
242743
242745
242746
242747
242748
242749
