20250
20251
20252
20253
20254
20255
20256
20257
20258
20259
20260
20261
20262
20263
20264
20265
20266
20267
20268
20269
20271
20272
20273
20274
20275
20276
20277
20278
20280
20284
20285
20286
20287
20289
20290
20291
20292
20293
20294
20296
20297
20299
20300
20301
20302
20304
20306
20307
20309
20310
20311
20312
20313
20314
20317
20318
20319
20320
20321
20322
20324
20325
20326
20327
20328
20330
20331
20332
20333
20334
20336
20337
20338
20339
20340
20342
20343
20346
20348
20349
20350
20351
20352
20353
20355
20356
20357
20358
20360
20361
20362
20363
20364
20365
20367
20368
20369
20371
20372
20373
20374
20375
20376
20377
20378
20379
20380
20381
20382
20383
20384
20386
20387
20388
20389
20390
20392
20393
20397
20398
20399
20400
20401
20402
20404
20405
20406
20407
20408
20410
20411
20412
20413
20414
20416
20420
20422
20423
20424
20425
20426
20427
20428
20429
20430
20431
20432
20433
20434
20435
20436
20437
20438
20439
20440
20441
20442
20444
20445
20446
20447
20448
20449
20450
20451
20452
20453
20454
20455
20456
20457
20458
20462
20463
20465
20467
20469
20471
20472
20473
20474
20476
20477
20478
20479
20480
20481
20483
20484
20485
20486
20487
20488
20489
20490
20492
20493
20494
20495
20496
20497
20498
20499
