27750
27751
27753
27754
27755
27756
27758
27759
27760
27761
27762
27764
27765
27767
27768
27769
27770
27771
27772
27773
27774
27775
27778
27779
27780
27781
27783
27785
27786
27787
27788
27789
27790
27791
27792
27793
27794
27796
27797
27798
27799
27800
27801
27802
27803
27804
27806
27808
27809
27810
27811
27812
27814
27815
27816
27817
27818
27819
27820
27821
27822
27823
27824
27825
27828
27829
27830
27832
27833
27834
27835
27836
27837
27838
27839
27840
27841
27842
27843
27844
27845
27846
27847
27848
27849
27850
27852
27853
27854
27855
27856
27858
27859
27860
27861
27862
27864
27865
27866
27868
27869
27870
27871
27872
27873
27874
27875
27877
27878
27879
27880
27881
27882
27883
27884
27885
27886
27888
27889
27890
27891
27892
27893
27894
27895
27896
27897
27899
27900
27901
27902
27903
27904
27905
27907
27908
27909
27912
27913
27914
27916
27917
27919
27920
27924
27925
27926
27927
27928
27929
27930
27931
27932
27934
27935
27937
27938
27939
27940
27941
27942
27943
27944
27945
27946
27947
27948
27949
27950
27952
27953
27954
27955
27957
27958
27959
27960
27962
27963
27964
27965
27967
27968
27969
27970
27971
27972
27973
27974
27975
27976
27977
27978
27979
27980
27981
27982
27983
27984
27985
27986
27987
27989
27990
27991
27993
27995
27996
27997
27998
27999
