466000
466001
466002
466003
466004
466005
466006
466008
466009
466010
466011
466012
466013
466014
466016
466017
466018
466019
466020
466021
466022
466023
466024
466025
466026
466027
466028
466029
466030
466031
466032
466034
466035
466036
466037
466039
466041
466042
466043
466044
466046
466048
466049
466050
466051
466053
466054
466055
466056
466058
466059
466060
466061
466062
466064
466065
466067
466068
466070
466071
466072
466073
466074
466075
466076
466077
466078
466079
466080
466081
466082
466083
466084
466085
466087
466088
466089
466090
466092
466094
466095
466096
466097
466098
466099
466100
466101
466102
466103
466104
466105
466106
466108
466109
466110
466111
466112
466113
466114
466115
466116
466117
466118
466119
466120
466121
466122
466123
466124
466125
466126
466128
466129
466130
466131
466132
466133
466134
466135
466136
466137
466138
466139
466140
466141
466142
466143
466144
466145
466146
466147
466148
466149
466150
466151
466152
466154
466155
466156
466157
466158
466159
466160
466161
466162
466163
466164
466165
466166
466167
466168
466169
466170
466171
466172
466174
466175
466176
466177
466178
466179
466180
466181
466182
466183
466184
466185
466186
466187
466188
466189
466190
466191
466192
466194
466195
466196
466197
466198
466199
466201
466203
466204
466205
466206
466207
466208
466210
466211
466212
466213
466214
466216
466217
466218
466219
466220
466221
466222
466223
466224
466225
466226
466227
466228
466230
466231
466232
466233
466234
466235
466236
466237
466238
466239
466240
466241
466242
466243
466244
466245
466246
466247
466248
466249
