249500
249501
249502
249503
249504
249505
249507
249508
249509
249510
249512
249513
249514
249515
249517
249518
249519
249520
249521
249523
249524
249525
249526
249527
249529
249530
249531
249532
249533
249534
249535
249536
249537
249538
249539
249540
249541
249542
249544
249545
249546
249547
249548
249549
249550
249551
249552
249553
249554
249555
249556
249557
249558
249559
249560
249561
249562
249563
249564
249565
249566
249567
249568
249570
249572
249574
249575
249576
249577
249578
249579
249580
249581
249582
249583
249584
249585
249586
249587
249588
249589
249590
249591
249592
249593
249594
249595
249596
249597
249598
249599
249600
249601
249602
249603
249604
249605
249606
249607
249608
249609
249610
249611
249612
249613
249614
249615
249616
249617
249618
249619
249620
249621
249622
249623
249624
249625
249626
249627
249628
249629
249630
249631
249632
249633
249634
249635
249636
249637
249638
249639
249640
249641
249642
249643
249644
249645
249646
249647
249648
249649
249650
249651
249652
249653
249654
249655
249656
249657
249658
249659
249660
249661
249662
249663
249664
249665
249666
249667
249668
249669
249670
249671
249672
249673
249674
249675
249677
249678
249679
249680
249681
249682
249683
249684
249686
249687
249688
249689
249690
249691
249693
249695
249696
249697
249698
249699
249700
249701
249702
249703
249705
249706
249709
249710
249713
249714
249715
249716
249717
249719
249721
249722
249724
249725
249726
249727
249730
249732
249733
249734
249735
249737
249738
249739
249740
249741
249743
249744
249745
249746
249748
249749
