330501
330502
330503
330504
330505
330508
330509
330510
330511
330512
330513
330514
330515
330518
330519
330520
330521
330522
330523
330524
330525
330528
330529
330532
330533
330537
330538
330539
330540
330541
330542
330543
330544
330545
330546
330547
330548
330549
330550
330551
330552
330553
330554
330556
330557
330558
330559
330560
330563
330565
330566
330567
330569
330570
330572
330573
330574
330575
330577
330578
330579
330580
330581
330582
330583
330584
330585
330586
330587
330588
330589
330590
330591
330592
330593
330594
330595
330596
330597
330598
330599
330600
330601
330602
330603
330604
330605
330606
330607
330608
330610
330611
330613
330614
330615
330616
330617
330618
330619
330620
330621
330622
330623
330624
330625
330626
330627
330628
330629
330631
330632
330633
330634
330635
330637
330638
330639
330641
330642
330643
330644
330646
330647
330648
330650
330651
330652
330653
330654
330655
330656
330657
330658
330659
330660
330661
330662
330663
330664
330666
330667
330669
330670
330671
330672
330673
330674
330675
330676
330677
330678
330679
330680
330681
330683
330685
330686
330687
330688
330689
330690
330691
330692
330693
330694
330695
330696
330697
330698
330700
330701
330703
330704
330705
330706
330707
330708
330710
330711
330712
330713
330714
330715
330716
330717
330718
330719
330721
330722
330723
330724
330725
330726
330727
330728
330729
330730
330731
330732
330733
330734
330735
330736
330737
330738
330739
330740
330741
330742
330743
330745
330746
330747
330748
330749
