63000
63002
63003
63004
63005
63006
63007
63008
63009
63010
63012
63013
63014
63015
63019
63020
63021
63022
63023
63025
63026
63027
63028
63029
63032
63033
63034
63035
63036
63040
63041
63042
63046
63048
63049
63050
63052
63054
63055
63056
63057
63061
63071
63073
63075
63076
63078
63079
63081
63082
63083
63084
63085
63086
63087
63088
63089
63091
63093
63094
63096
63098
63099
63101
63103
63104
63106
63108
63109
63110
63112
63113
63114
63115
63116
63117
63118
63120
63121
63122
63123
63124
63125
63126
63128
63129
63130
63131
63132
63134
63135
63136
63137
63141
63143
63144
63146
63147
63148
63149
63153
63155
63156
63158
63159
63160
63161
63165
63167
63168
63169
63170
63171
63172
63173
63174
63175
63176
63177
63182
63183
63184
63185
63186
63187
63188
63190
63193
63195
63199
63200
63201
63202
63203
63204
63205
63206
63207
63209
63210
63211
63212
63213
63214
63215
63216
63218
63219
63221
63222
63223
63224
63227
63228
63229
63230
63231
63232
63235
63236
63237
63238
63239
63240
63241
63242
63243
63245
63246
63247
63248
63249
