390501
390502
390503
390504
390505
390506
390507
390508
390509
390510
390512
390513
390514
390516
390517
390518
390519
390520
390521
390523
390524
390526
390527
390528
390530
390531
390532
390534
390535
390536
390538
390539
390540
390542
390543
390544
390546
390547
390548
390550
390551
390552
390554
390555
390556
390558
390559
390560
390561
390562
390563
390564
390566
390568
390569
390570
390572
390573
390574
390575
390576
390578
390579
390580
390581
390583
390584
390585
390586
390587
390588
390589
390590
390591
390592
390593
390594
390596
390597
390598
390599
390600
390601
390602
390603
390604
390605
390606
390607
390608
390609
390611
390612
390613
390614
390615
390616
390617
390618
390619
390620
390623
390624
390625
390626
390627
390628
390629
390630
390631
390632
390633
390634
390635
390636
390637
390638
390639
390640
390641
390642
390643
390644
390645
390646
390647
390648
390649
390650
390651
390652
390653
390654
390655
390656
390657
390658
390659
390660
390661
390662
390663
390664
390665
390666
390667
390668
390670
390671
390672
390673
390674
390676
390678
390679
390680
390681
390685
390687
390688
390689
390690
390691
390692
390693
390694
390695
390697
390698
390699
390700
390702
390703
390704
390705
390708
390709
390712
390713
390714
390715
390716
390717
390718
390720
390721
390722
390723
390724
390725
390728
390729
390730
390731
390732
390734
390735
390736
390737
390738
390739
390740
390741
390742
390743
390744
390745
390747
390748
390749
