77250
77265
77266
77267
77268
77269
77270
77271
77272
77274
77275
77276
77277
77280
77282
77286
77287
77289
77290
77292
77293
77294
77295
77296
77297
77298
77299
77300
77301
77302
77303
77304
77305
77306
77307
77308
77309
77310
77311
77312
77313
77314
77316
77317
77318
77319
77321
77322
77324
77325
77326
77327
77328
77329
77330
77331
77332
77333
77334
77335
77337
77338
77339
77340
77341
77343
77344
77348
77349
77350
77351
77352
77353
77354
77355
77356
77357
77358
77359
77360
77361
77362
77364
77365
77366
77367
77368
77371
77372
77373
77374
77375
77378
77379
77380
77381
77382
77384
77385
77387
77388
77389
77390
77391
77392
77393
77394
77395
77396
77397
77400
77401
77402
77403
77404
77405
77406
77408
77409
77411
77412
77413
77414
77415
77416
77418
77419
77420
77421
77423
77424
77425
77426
77427
77428
77429
77430
77431
77432
77433
77434
77435
77436
77437
77438
77439
77440
77441
77442
77443
77444
77446
77448
77451
77453
77454
77455
77456
77457
77459
77460
77461
77462
77463
77464
77465
77466
77467
77470
77471
77472
77473
77475
77477
77478
77479
77480
77481
77482
77483
77484
77486
77488
77489
77490
77491
77492
77493
77495
77496
77497
77498
77499
