132250
132251
132252
132253
132254
132255
132256
132257
132258
132259
132261
132262
132263
132264
132265
132267
132268
132270
132271
132274
132276
132279
132280
132281
132282
132283
132284
132285
132286
132287
132288
132289
132290
132291
132292
132294
132295
132296
132297
132298
132299
132300
132301
132302
132303
132304
132305
132307
132308
132309
132310
132311
132312
132313
132314
132315
132316
132317
132318
132319
132320
132321
132322
132323
132324
132325
132326
132327
132328
132329
132330
132331
132332
132333
132334
132335
132337
132338
132339
132340
132341
132343
132344
132345
132346
132348
132350
132352
132353
132355
132356
132357
132360
132361
132362
132363
132364
132365
132366
132367
132368
132369
132370
132371
132372
132373
132374
132375
132376
132377
132379
132380
132381
132382
132383
132384
132385
132386
132387
132388
132389
132390
132391
132392
132393
132394
132395
132396
132397
132398
132399
132400
132401
132403
132404
132405
132406
132407
132408
132409
132410
132412
132414
132415
132416
132417
132418
132419
132421
132422
132423
132424
132426
132427
132428
132429
132434
132435
132437
132438
132439
132440
132441
132443
132445
132447
132451
132452
132453
132454
132455
132456
132457
132458
132459
132460
132461
132462
132463
132464
132465
132466
132467
132468
132469
132470
132471
132472
132473
132474
132475
132477
132479
132480
132481
132482
132484
132486
132487
132488
132489
132491
132493
132494
132498
132499
