423750
423752
423754
423755
423756
423758
423759
423760
423761
423762
423764
423765
423766
423767
423768
423770
423771
423772
423773
423774
423775
423776
423778
423779
423781
423782
423783
423784
423785
423786
423787
423788
423789
423790
423792
423793
423796
423797
423798
423799
423800
423801
423802
423803
423804
423807
423808
423809
423810
423811
423812
423813
423814
423815
423818
423819
423820
423821
423822
423823
423824
423825
423826
423829
423830
423831
423832
423833
423834
423835
423836
423837
423840
423841
423842
423843
423844
423845
423846
423847
423848
423850
423852
423854
423855
423856
423857
423858
423859
423861
423862
423863
423864
423865
423866
423867
423868
423869
423870
423871
423872
423873
423874
423876
423877
423878
423879
423880
423882
423883
423884
423885
423886
423888
423889
423890
423891
423892
423893
423895
423897
423898
423899
423900
423901
423902
423903
423904
423907
423908
423909
423910
423911
423913
423914
423915
423916
423917
423920
423921
423922
423924
423926
423927
423928
423929
423930
423931
423932
423933
423934
423935
423936
423937
423938
423939
423940
423941
423942
423943
423944
423945
423947
423948
423949
423950
423951
423952
423953
423954
423955
423957
423959
423960
423961
423962
423963
423964
423965
423966
423967
423968
423969
423970
423971
423972
423973
423974
423975
423976
423977
423978
423979
423980
423981
423982
423983
423984
423986
423987
423988
423989
423990
423991
423992
423993
423994
423996
423997
423998
