427750
427751
427752
427753
427754
427755
427756
427757
427758
427759
427760
427761
427762
427764
427765
427766
427767
427768
427769
427770
427771
427772
427773
427774
427775
427776
427777
427778
427779
427780
427781
427782
427783
427784
427785
427786
427787
427788
427789
427790
427791
427792
427793
427794
427795
427796
427797
427798
427799
427800
427801
427802
427803
427804
427805
427806
427807
427808
427809
427810
427811
427812
427813
427814
427815
427816
427817
427818
427819
427820
427821
427822
427823
427824
427826
427827
427828
427829
427830
427832
427833
427834
427835
427836
427837
427838
427839
427840
427841
427842
427843
427844
427845
427846
427847
427848
427849
427850
427851
427852
427853
427855
427858
427860
427861
427862
427863
427864
427865
427866
427867
427868
427869
427870
427871
427876
427877
427881
427882
427883
427884
427885
427886
427889
427890
427891
427892
427893
427894
427895
427896
427897
427898
427899
427900
427903
427904
427905
427906
427907
427908
427909
427910
427911
427912
427913
427914
427915
427916
427917
427918
427919
427920
427922
427923
427924
427925
427926
427928
427929
427930
427931
427934
427935
427936
427937
427938
427939
427940
427941
427942
427943
427944
427945
427946
427947
427949
427950
427951
427952
427953
427954
427955
427956
427957
427958
427959
427960
427961
427963
427964
427965
427966
427967
427969
427970
427971
427972
427973
427975
427976
427977
427978
427979
427980
427981
427982
427983
427984
427985
427986
427987
427988
427989
427990
427991
427992
427994
427995
427996
427997
427998
427999
