394500
394501
394502
394503
394505
394506
394507
394508
394509
394510
394511
394513
394514
394515
394516
394517
394518
394519
394520
394521
394522
394523
394524
394525
394526
394527
394528
394531
394533
394534
394535
394537
394538
394539
394540
394544
394548
394550
394551
394552
394553
394554
394555
394556
394558
394560
394561
394562
394563
394564
394565
394568
394569
394570
394571
394572
394573
394574
394575
394576
394578
394579
394582
394583
394584
394587
394588
394589
394590
394591
394592
394593
394594
394595
394596
394597
394598
394599
394600
394602
394603
394604
394606
394607
394608
394610
394611
394612
394613
394618
394620
394621
394622
394624
394625
394628
394630
394631
394632
394633
394634
394636
394637
394638
394639
394640
394642
394643
394644
394645
394646
394647
394648
394649
394650
394651
394652
394653
394654
394655
394656
394657
394658
394659
394660
394661
394662
394663
394664
394665
394666
394667
394668
394669
394670
394671
394672
394673
394675
394677
394678
394679
394681
394682
394683
394685
394686
394687
394689
394690
394691
394693
394695
394696
394698
394699
394700
394701
394702
394704
394705
394706
394708
394709
394710
394711
394712
394714
394715
394716
394717
394718
394719
394720
394721
394723
394724
394725
394726
394727
394728
394729
394730
394731
394732
394733
394734
394735
394736
394737
394738
394739
394740
394741
394742
394743
394745
394746
394748
