219500
219502
219503
219504
219505
219506
219508
219509
219510
219511
219512
219513
219514
219515
219516
219517
219518
219519
219521
219522
219523
219524
219525
219526
219528
219529
219530
219532
219534
219535
219536
219537
219553
219557
219558
219559
219560
219561
219562
219563
219568
219573
219574
219575
219576
219578
219579
219580
219581
219582
219583
219585
219589
219591
219592
219593
219595
219596
219597
219598
219600
219601
219602
219603
219604
219605
219607
219608
219609
219610
219611
219612
219614
219615
219616
219617
219619
219620
219621
219622
219623
219624
219625
219626
219627
219628
219629
219630
219631
219632
219633
219634
219635
219636
219637
219638
219639
219640
219641
219643
219644
219647
219648
219649
219651
219652
219654
219655
219656
219657
219659
219660
219661
219662
219663
219664
219665
219666
219667
219669
219670
219671
219672
219673
219674
219676
219677
219679
219680
219681
219684
219686
219687
219688
219689
219690
219691
219692
219693
219694
219695
219697
219698
219700
219703
219705
219706
219707
219708
219709
219710
219711
219712
219713
219714
219715
219717
219718
219720
219722
219723
219724
219725
219726
219727
219728
219729
219731
219732
219733
219734
219735
219736
219737
219738
219739
219740
219741
219742
219743
219744
219746
219747
219748
219749
