251250
251251
251252
251253
251254
251255
251257
251258
251260
251261
251262
251265
251266
251267
251268
251270
251271
251272
251273
251274
251276
251278
251279
251280
251281
251282
251284
251286
251287
251288
251289
251290
251291
251292
251293
251294
251295
251296
251297
251298
251300
251301
251302
251303
251305
251306
251307
251308
251310
251311
251312
251313
251314
251315
251316
251318
251319
251320
251321
251322
251323
251324
251325
251326
251327
251328
251329
251330
251331
251332
251333
251334
251335
251336
251339
251341
251342
251343
251345
251346
251348
251350
251352
251354
251356
251357
251358
251359
251360
251361
251362
251363
251364
251365
251366
251367
251368
251369
251370
251371
251372
251373
251374
251375
251376
251377
251379
251380
251381
251382
251383
251384
251385
251386
251388
251389
251390
251391
251392
251393
251394
251395
251397
251398
251399
251401
251402
251403
251404
251405
251407
251408
251409
251410
251411
251412
251413
251414
251415
251416
251417
251418
251419
251420
251421
251422
251423
251425
251426
251427
251428
251429
251430
251431
251432
251433
251434
251435
251437
251438
251439
251440
251441
251443
251444
251445
251446
251447
251450
251455
251456
251457
251458
251459
251462
251464
251465
251467
251468
251469
251470
251471
251472
251473
251474
251475
251476
251477
251478
251479
251480
251481
251482
251483
251484
251485
251486
251487
251488
251489
251490
251491
251492
251493
251494
251495
251496
251497
251499
