376500
376501
376502
376503
376504
376506
376507
376508
376509
376511
376512
376513
376514
376515
376516
376517
376518
376519
376520
376522
376523
376524
376525
376526
376527
376528
376530
376531
376532
376533
376535
376536
376537
376538
376539
376540
376541
376542
376543
376544
376545
376546
376547
376548
376549
376550
376551
376552
376553
376554
376555
376556
376557
376558
376559
376560
376561
376562
376563
376565
376566
376567
376568
376570
376571
376572
376573
376574
376575
376576
376577
376578
376579
376580
376581
376582
376583
376585
376586
376587
376588
376590
376591
376592
376593
376594
376595
376596
376597
376598
376599
376600
376601
376602
376603
376604
376605
376606
376607
376608
376609
376610
376611
376612
376613
376614
376615
376616
376617
376618
376619
376620
376622
376623
376624
376625
376627
376628
376629
376630
376631
376632
376633
376634
376635
376636
376638
376639
376640
376641
376643
376644
376645
376646
376647
376648
376649
376650
376651
376652
376653
376654
376655
376656
376657
376658
376659
376660
376661
376663
376665
376666
376667
376670
376672
376674
376675
376677
376679
376680
376681
376682
376683
376684
376685
376686
376687
376688
376689
376690
376691
376692
376694
376695
376696
376698
376699
376700
376701
376702
376703
376704
376705
376706
376707
376708
376709
376710
376711
376712
376713
376714
376715
376717
376718
376720
376721
376724
376726
376727
376728
376729
376731
376732
376733
376734
376735
376736
376737
376739
376740
376741
376742
376743
376745
376746
376747
376748
376749
