266250
266251
266252
266253
266254
266255
266257
266258
266259
266260
266261
266262
266263
266264
266265
266266
266267
266268
266269
266270
266271
266272
266273
266274
266275
266276
266277
266278
266279
266280
266281
266282
266283
266284
266285
266286
266287
266288
266289
266290
266291
266292
266293
266294
266295
266296
266297
266298
266299
266300
266301
266302
266303
266304
266305
266306
266307
266308
266309
266310
266311
266312
266313
266314
266315
266316
266317
266318
266319
266320
266321
266322
266323
266324
266325
266326
266327
266328
266329
266330
266331
266332
266333
266334
266335
266336
266337
266338
266339
266340
266341
266342
266343
266344
266345
266346
266347
266348
266349
266350
266351
266352
266353
266354
266355
266356
266357
266358
266359
266360
266361
266362
266363
266364
266365
266366
266367
266368
266369
266370
266371
266372
266373
266374
266375
266376
266377
266378
266379
266380
266381
266382
266383
266384
266385
266386
266387
266388
266389
266390
266391
266393
266394
266395
266396
266397
266398
266399
266400
266402
266404
266405
266406
266407
266408
266409
266410
266411
266413
266414
266415
266416
266417
266418
266420
266421
266422
266423
266424
266425
266427
266428
266429
266430
266431
266433
266434
266435
266436
266437
266438
266442
266443
266444
266445
266446
266447
266449
266450
266452
266453
266454
266455
266456
266457
266458
266459
266460
266462
266463
266464
266466
266467
266468
266469
266470
266473
266474
266475
266477
266478
266479
266480
266481
266484
266485
266486
266487
266488
266490
266491
266493
266495
266496
266497
266498
