191250
191251
191252
191254
191255
191256
191257
191258
191259
191260
191262
191263
191264
191265
191266
191267
191268
191269
191270
191271
191272
191273
191274
191276
191277
191279
191280
191281
191283
191284
191286
191287
191288
191289
191291
191292
191293
191294
191295
191297
191298
191299
191301
191302
191303
191305
191306
191307
191308
191309
191310
191311
191312
191313
191316
191317
191318
191319
191320
191322
191325
191326
191327
191328
191329
191330
191331
191332
191333
191334
191335
191336
191337
191339
191341
191342
191343
191344
191345
191346
191347
191348
191350
191351
191352
191354
191355
191356
191357
191358
191360
191361
191362
191363
191364
191366
191367
191368
191369
191370
191371
191372
191373
191374
191375
191376
191377
191378
191379
191380
191381
191382
191383
191385
191386
191388
191389
191390
191391
191392
191394
191395
191399
191400
191401
191402
191404
191406
191407
191408
191409
191410
191411
191412
191413
191414
191415
191416
191417
191418
191419
191421
191422
191423
191424
191426
191427
191428
191429
191431
191432
191433
191434
191436
191437
191438
191439
191441
191442
191443
191446
191447
191448
191449
191450
191451
191453
191454
191455
191456
191457
191458
191459
191460
191461
191462
191463
191464
191465
191468
191469
191471
191472
191473
191474
191475
191476
191478
191479
191480
191481
191482
191483
191485
191486
191487
191488
191489
191491
191492
191494
191497
191498
