405750
405751
405752
405753
405754
405755
405756
405757
405761
405763
405767
405769
405773
405775
405776
405777
405778
405783
405785
405789
405791
405795
405796
405798
405799
405800
405801
405803
405804
405805
405806
405808
405809
405811
405812
405813
405814
405815
405819
405820
405822
405824
405825
405826
405827
405828
405829
405830
405831
405832
405834
405835
405836
405837
405839
405841
405842
405843
405844
405846
405847
405848
405849
405851
405852
405853
405854
405855
405856
405857
405859
405860
405861
405862
405863
405865
405866
405867
405868
405869
405870
405871
405872
405874
405875
405876
405878
405879
405881
405882
405883
405884
405885
405886
405887
405889
405891
405892
405893
405895
405897
405898
405899
405900
405901
405902
405903
405904
405905
405906
405907
405908
405909
405911
405912
405913
405914
405915
405916
405917
405920
405921
405922
405923
405924
405925
405926
405927
405928
405929
405930
405931
405932
405933
405934
405935
405936
405937
405938
405939
405940
405941
405942
405943
405944
405945
405946
405947
405948
405949
405950
405951
405952
405953
405954
405955
405956
405959
405960
405961
405962
405963
405964
405966
405967
405968
405970
405971
405972
405973
405974
405975
405976
405977
405978
405979
405980
405981
405982
405983
405986
405987
405988
405989
405990
405991
405992
405993
405994
405995
405998
405999
