200000
200001
200002
200003
200004
200005
200006
200007
200008
200009
200010
200011
200012
200013
200014
200015
200016
200017
200018
200019
200020
200022
200024
200026
200027
200028
200030
200031
200032
200033
200034
200035
200036
200037
200038
200039
200040
200041
200042
200043
200044
200045
200046
200047
200048
200049
200050
200051
200052
200053
200054
200055
200056
200058
200059
200060
200061
200062
200063
200064
200065
200066
200068
200069
200070
200071
200072
200073
200074
200075
200076
200078
200079
200080
200081
200082
200083
200084
200085
200086
200088
200089
200090
200091
200092
200093
200094
200095
200096
200097
200098
200099
200101
200102
200103
200104
200105
200108
200111
200114
200115
200116
200117
200118
200119
200120
200121
200122
200123
200127
200128
200130
200131
200133
200134
200135
200136
200137
200139
200140
200141
200143
200144
200147
200148
200151
200154
200155
200157
200158
200159
200160
200161
200162
200164
200165
200168
200169
200172
200173
200174
200177
200178
200180
200181
200183
200184
200185
200186
200187
200188
200189
200190
200192
200193
200194
200195
200196
200197
200198
200200
200201
200203
200204
200205
200206
200208
200209
200210
200211
200212
200213
200214
200215
200216
200217
200218
200219
200220
200221
200223
200224
200225
200226
200227
200229
200230
200231
200232
200233
200235
200236
200237
200238
200240
200241
200242
200243
200245
200246
200247
200248
