168750
168751
168752
168753
168754
168755
168757
168759
168760
168761
168762
168763
168764
168765
168766
168767
168768
168769
168770
168771
168772
168773
168774
168775
168776
168777
168778
168779
168780
168781
168782
168783
168784
168785
168786
168787
168788
168789
168790
168791
168792
168793
168794
168795
168796
168797
168798
168799
168800
168801
168802
168803
168804
168805
168806
168808
168809
168810
168811
168812
168813
168814
168815
168816
168817
168818
168819
168820
168821
168822
168823
168824
168827
168828
168829
168831
168832
168833
168834
168835
168837
168838
168839
168840
168841
168843
168844
168845
168846
168848
168849
168850
168851
168852
168853
168854
168855
168856
168857
168858
168859
168860
168861
168862
168863
168864
168865
168866
168867
168871
168873
168874
168875
168879
168880
168881
168882
168883
168885
168886
168887
168891
168892
168893
168894
168895
168896
168897
168899
168900
168901
168902
168903
168905
168906
168908
168909
168911
168912
168914
168915
168917
168918
168921
168922
168923
168927
168928
168929
168930
168931
168932
168933
168935
168936
168937
168939
168941
168942
168943
168947
168948
168949
168950
168951
168953
168954
168955
168959
168960
168961
168962
168963
168964
168965
168966
168967
168969
168970
168971
168972
168973
168975
168976
168977
168978
168979
168980
168982
168984
168985
168986
168987
168988
168989
168991
168992
168993
168994
168995
168997
168998
168999
