221500
221501
221502
221504
221508
221509
221510
221511
221512
221513
221514
221516
221517
221518
221519
221520
221521
221522
221523
221524
221525
221526
221527
221529
221530
221531
221532
221533
221534
221535
221536
221537
221538
221539
221540
221541
221542
221543
221544
221545
221546
221548
221549
221550
221551
221552
221553
221554
221555
221557
221558
221559
221561
221562
221563
221564
221565
221567
221568
221570
221571
221573
221574
221575
221576
221577
221578
221579
221580
221581
221582
221583
221584
221585
221586
221587
221588
221589
221590
221592
221593
221594
221595
221596
221597
221598
221599
221600
221601
221602
221603
221604
221605
221606
221607
221608
221609
221610
221611
221612
221613
221614
221615
221616
221617
221619
221620
221621
221622
221623
221624
221625
221627
221629
221630
221631
221632
221633
221634
221637
221638
221639
221640
221641
221642
221645
221646
221648
221649
221650
221651
221652
221653
221654
221657
221658
221659
221660
221663
221664
221665
221666
221669
221670
221672
221674
221675
221676
221677
221678
221679
221680
221681
221682
221683
221684
221685
221686
221687
221688
221689
221690
221691
221692
221693
221694
221695
221696
221697
221698
221699
221700
221701
221702
221703
221704
221705
221706
221707
221708
221709
221710
221711
221712
221713
221714
221715
221716
221717
221718
221719
221720
221721
221722
221723
221724
221725
221726
221727
221728
221729
221730
221731
221732
221733
221734
221737
221738
221739
221740
221741
221742
221743
221744
221745
221746
221747
221748
221749
