186000
186001
186002
186003
186004
186005
186006
186007
186008
186009
186010
186011
186012
186013
186014
186015
186016
186017
186018
186020
186021
186022
186024
186025
186026
186028
186029
186030
186031
186033
186035
186037
186038
186039
186040
186041
186042
186045
186046
186047
186048
186049
186050
186051
186052
186053
186055
186056
186057
186058
186059
186060
186061
186062
186064
186065
186066
186067
186068
186069
186070
186071
186073
186074
186076
186077
186078
186079
186081
186083
186084
186085
186087
186089
186090
186091
186095
186098
186101
186105
186106
186107
186109
186110
186111
186112
186113
186114
186115
186116
186117
186118
186119
186120
186121
186122
186123
186124
186125
186126
186127
186128
186129
186130
186131
186132
186133
186134
186135
186136
186137
186139
186141
186142
186144
186145
186146
186147
186148
186150
186151
186152
186153
186154
186156
186157
186158
186159
186163
186164
186165
186166
186167
186168
186169
186171
186173
186174
186175
186176
186177
186178
186179
186180
186181
186182
186183
186184
186185
186186
186187
186188
186191
186192
186193
186194
186196
186198
186199
186201
186202
186203
186204
186205
186207
186208
186210
186211
186212
186213
186214
186215
186216
186217
186218
186219
186220
186221
186222
186223
186224
186226
186227
186228
186229
186230
186231
186232
186233
186234
186238
186242
186246
