315750
315751
315752
315753
315754
315755
315756
315757
315758
315759
315760
315761
315762
315763
315764
315765
315766
315767
315768
315769
315770
315771
315772
315773
315774
315775
315776
315777
315778
315779
315780
315781
315782
315783
315784
315785
315786
315787
315788
315789
315791
315792
315794
315795
315796
315797
315798
315799
315800
315801
315804
315807
315808
315809
315810
315811
315812
315814
315815
315816
315818
315819
315820
315821
315822
315823
315825
315826
315827
315830
315831
315833
315834
315835
315836
315837
315839
315840
315841
315842
315843
315845
315846
315847
315848
315849
315850
315851
315852
315853
315854
315855
315856
315857
315858
315859
315860
315862
315863
315864
315865
315866
315867
315868
315869
315870
315871
315873
315874
315875
315876
315877
315878
315879
315880
315881
315882
315883
315884
315885
315886
315887
315889
315890
315891
315892
315893
315894
315895
315896
315897
315898
315899
315900
315901
315903
315905
315906
315908
315909
315910
315911
315912
315913
315914
315915
315916
315917
315918
315919
315920
315921
315922
315923
315924
315925
315926
315927
315928
315929
315930
315932
315933
315934
315935
315936
315937
315938
315939
315940
315941
315942
315943
315944
315945
315946
315947
315948
315949
315950
315951
315952
315953
315954
315956
315957
315958
315959
315960
315961
315963
315964
315965
315966
315967
315968
315969
315970
315971
315972
315973
315974
315975
315977
315978
315979
315980
315981
315982
315983
315984
315985
315986
315988
315989
315990
315991
315993
315994
315995
315997
315999
