232250
232251
232252
232253
232254
232255
232256
232257
232259
232260
232261
232263
232264
232265
232267
232268
232269
232271
232272
232273
232275
232276
232277
232278
232279
232280
232281
232282
232284
232285
232286
232288
232289
232290
232292
232293
232294
232295
232296
232297
232298
232299
232300
232301
232302
232303
232305
232306
232307
232310
232311
232312
232313
232314
232315
232316
232317
232318
232319
232320
232321
232322
232323
232324
232325
232326
232327
232328
232329
232330
232331
232332
232333
232334
232335
232336
232337
232338
232339
232340
232341
232342
232343
232344
232345
232346
232348
232349
232350
232351
232352
232355
232356
232358
232359
232361
232362
232364
232365
232366
232368
232369
232370
232371
232372
232374
232376
232377
232378
232380
232381
232382
232388
232391
232392
232394
232395
232396
232397
232398
232399
232400
232402
232403
232404
232405
232408
232409
232410
232411
232412
232413
232416
232417
232419
232420
232421
232422
232423
232425
232426
232427
232429
232430
232431
232432
232433
232434
232435
232436
232437
232438
232439
232441
232442
232443
232444
232445
232446
232447
232448
232449
232450
232451
232452
232453
232454
232455
232456
232457
232459
232460
232461
232462
232463
232464
232465
232466
232467
232468
232469
232470
232471
232472
232473
232474
232475
232476
232477
232478
232479
232480
232481
232482
232484
232485
232486
232487
232488
232489
232491
232492
232493
232494
