391500
391501
391502
391503
391504
391505
391506
391507
391508
391509
391510
391511
391512
391513
391514
391515
391516
391517
391518
391519
391520
391521
391522
391523
391524
391526
391527
391528
391529
391530
391531
391532
391533
391535
391536
391537
391538
391539
391540
391541
391542
391543
391544
391545
391547
391548
391549
391550
391552
391553
391554
391556
391557
391558
391559
391560
391561
391562
391563
391564
391565
391566
391567
391568
391569
391570
391571
391572
391573
391574
391575
391576
391577
391578
391579
391580
391581
391582
391583
391584
391585
391586
391587
391588
391589
391590
391591
391592
391593
391594
391595
391596
391597
391598
391599
391600
391601
391602
391603
391604
391605
391606
391607
391608
391609
391610
391611
391612
391613
391614
391615
391616
391617
391618
391619
391620
391621
391622
391624
391625
391626
391627
391628
391629
391630
391631
391632
391633
391634
391636
391637
391638
391640
391642
391643
391645
391647
391648
391649
391650
391651
391652
391653
391654
391655
391656
391657
391658
391660
391662
391663
391664
391666
391667
391668
391669
391670
391671
391672
391673
391674
391675
391676
391678
391679
391680
391682
391683
391684
391685
391686
391687
391688
391689
391690
391691
391692
391693
391694
391695
391696
391697
391698
391699
391700
391701
391702
391703
391704
391705
391706
391707
391708
391709
391710
391711
391712
391714
391716
391718
391719
391720
391721
391722
391725
391727
391729
391730
391732
391734
391735
391736
391737
391738
391739
391740
391741
391742
391743
391744
391745
391746
391747
391748
391749
