165502
165505
165506
165507
165508
165510
165511
165512
165513
165515
165516
165517
165518
165519
165520
165521
165522
165523
165524
165525
165526
165528
165529
165530
165531
165532
165533
165534
165535
165536
165537
165538
165539
165540
165541
165542
165543
165544
165545
165546
165547
165548
165549
165552
165553
165554
165555
165556
165558
165559
165560
165561
165563
165564
165565
165566
165567
165568
165569
165570
165571
165573
165574
165575
165578
165579
165582
165583
165584
165585
165586
165587
165588
165589
165591
165592
165593
165594
165595
165596
165597
165598
165599
165600
165601
165604
165605
165606
165609
165610
165611
165614
165615
165616
165618
165619
165620
165621
165622
165623
165627
165632
165633
165634
165635
165636
165637
165638
165639
165641
165642
165643
165646
165647
165649
165650
165651
165652
165653
165654
165655
165656
165657
165658
165659
165660
165661
165662
165663
165664
165665
165666
165668
165669
165670
165671
165672
165673
165674
165675
165676
165677
165680
165681
165682
165683
165684
165685
165689
165690
165691
165692
165693
165695
165696
165697
165698
165699
165700
165702
165703
165704
165705
165707
165708
165709
165711
165712
165713
165714
165715
165716
165717
165718
165719
165720
165721
165722
165724
165725
165727
165728
165729
165730
165731
165732
165734
165735
165736
165737
165738
165739
165740
165742
165744
165745
165748
165749
