124000
124001
124002
124003
124004
124005
124006
124007
124008
124009
124010
124012
124013
124014
124015
124016
124017
124018
124020
124021
124022
124023
124025
124026
124027
124030
124031
124032
124033
124035
124036
124037
124039
124041
124042
124043
124044
124045
124046
124048
124049
124050
124051
124052
124053
124055
124056
124057
124058
124059
124060
124061
124062
124063
124065
124066
124068
124069
124071
124072
124073
124074
124075
124076
124077
124078
124079
124080
124081
124082
124083
124084
124085
124086
124087
124089
124090
124091
124092
124094
124096
124098
124099
124100
124101
124103
124105
124106
124107
124108
124111
124112
124113
124115
124116
124117
124118
124120
124123
124124
124127
124128
124129
124130
124131
124132
124133
124134
124135
124136
124139
124140
124141
124142
124143
124144
124145
124148
124149
124150
124151
124152
124153
124154
124155
124156
124157
124158
124161
124162
124163
124164
124165
124166
124167
124170
124171
124172
124173
124174
124175
124176
124177
124178
124179
124180
124181
124182
124183
124184
124185
124186
124187
124189
124190
124191
124192
124193
124194
124195
124196
124197
124198
124199
124200
124201
124202
124205
124206
124207
124208
124210
124212
124213
124214
124215
124216
124218
124220
124221
124222
124223
124225
124226
124227
124228
124229
124230
124231
124232
124233
124234
124235
124236
124237
124238
124242
124243
124245
124247
124248
124249
