413000
413001
413002
413003
413004
413005
413006
413007
413008
413009
413010
413011
413013
413014
413015
413016
413017
413018
413019
413020
413022
413023
413024
413025
413026
413027
413028
413029
413030
413031
413032
413033
413034
413035
413036
413037
413038
413039
413040
413042
413043
413045
413046
413047
413048
413049
413050
413051
413052
413054
413055
413056
413057
413058
413060
413061
413062
413063
413064
413065
413066
413067
413068
413069
413070
413071
413072
413073
413074
413075
413076
413077
413078
413079
413080
413081
413082
413083
413084
413085
413086
413087
413088
413089
413090
413091
413092
413093
413094
413095
413096
413097
413098
413099
413100
413102
413103
413104
413105
413106
413107
413109
413110
413111
413112
413113
413114
413115
413116
413117
413118
413119
413120
413121
413122
413123
413124
413125
413126
413127
413128
413129
413132
413133
413134
413135
413136
413137
413138
413139
413140
413141
413142
413143
413144
413145
413146
413147
413148
413149
413150
413151
413152
413153
413154
413155
413156
413157
413158
413159
413160
413161
413162
413163
413164
413165
413166
413167
413168
413169
413170
413171
413172
413173
413174
413175
413176
413177
413178
413179
413180
413181
413182
413183
413184
413185
413186
413187
413188
413189
413190
413191
413192
413193
413194
413195
413196
413197
413198
413199
413200
413201
413202
413203
413204
413205
413206
413207
413208
413209
413210
413211
413212
413213
413214
413215
413216
413217
413218
413220
413221
413222
413223
413224
413225
413226
413227
413228
413229
413230
413231
413232
413234
413235
413236
413239
413240
413241
413242
413243
413244
413246
413247
413248
