751
753
754
755
756
757
758
759
760
761
762
763
764
770
771
772
773
775
778
779
781
782
783
784
788
790
791
798
799
800
801
802
803
804
805
806
807
808
809
811
812
813
814
816
817
818
819
820
821
822
823
824
825
826
827
828
829
830
831
832
833
834
835
836
837
838
839
841
843
844
845
846
848
849
850
851
852
853
855
858
859
861
862
864
865
866
867
868
869
870
872
873
874
875
877
878
879
880
881
882
885
887
888
889
890
891
892
893
894
898
903
906
907
908
909
910
911
913
914
915
917
920
924
926
927
928
929
930
934
936
937
938
940
941
942
943
944
946
962
965
968
969
971
972
976
978
979
982
985
988
989
990
991
992
994
995
996
997
998
999
