110250
110251
110252
110254
110255
110256
110257
110258
110260
110261
110262
110263
110264
110266
110267
110268
110269
110270
110272
110273
110274
110275
110276
110278
110279
110280
110283
110284
110285
110287
110289
110290
110293
110295
110296
110298
110302
110303
110304
110305
110306
110307
110308
110309
110310
110311
110312
110313
110314
110315
110317
110318
110319
110320
110321
110323
110324
110325
110326
110327
110329
110332
110333
110334
110335
110336
110337
110338
110339
110340
110341
110342
110343
110344
110346
110347
110348
110349
110350
110352
110353
110354
110355
110356
110357
110358
110359
110362
110363
110365
110366
110367
110368
110369
110370
110371
110372
110373
110374
110375
110376
110377
110378
110379
110380
110383
110384
110385
110386
110389
110390
110391
110392
110393
110394
110395
110396
110397
110398
110399
110400
110401
110402
110403
110404
110406
110407
110408
110409
110410
110411
110412
110413
110414
110415
110416
110417
110418
110419
110420
110422
110423
110424
110425
110427
110428
110429
110430
110431
110432
110433
110434
110436
110437
110438
110439
110440
110441
110442
110443
110444
110445
110446
110449
110452
110453
110454
110455
110456
110458
110459
110460
110470
110471
110476
110477
110479
110480
110481
110482
110483
110484
110485
110486
110491
110492
110493
110495
110496
110497
110498
