317000
317001
317002
317003
317005
317006
317008
317009
317010
317011
317012
317013
317015
317016
317018
317019
317020
317021
317022
317023
317025
317026
317028
317029
317030
317031
317032
317033
317036
317038
317039
317040
317041
317042
317043
317046
317048
317049
317050
317051
317052
317054
317055
317056
317057
317058
317059
317060
317061
317062
317063
317064
317065
317066
317067
317068
317069
317070
317073
317074
317075
317076
317078
317079
317080
317081
317082
317084
317085
317086
317088
317089
317090
317092
317093
317094
317096
317100
317101
317103
317105
317106
317107
317108
317109
317110
317111
317112
317113
317114
317115
317116
317117
317118
317120
317121
317122
317123
317124
317125
317126
317127
317128
317129
317131
317132
317133
317134
317135
317136
317137
317138
317139
317140
317142
317143
317144
317145
317146
317147
317148
317149
317151
317152
317153
317154
317155
317157
317158
317159
317160
317161
317162
317163
317165
317166
317168
317169
317170
317171
317172
317173
317174
317176
317177
317179
317180
317181
317182
317183
317184
317185
317187
317188
317190
317191
317192
317193
317194
317195
317196
317204
317205
317207
317208
317209
317210
317211
317212
317213
317214
317215
317217
317220
317222
317223
317224
317226
317228
317229
317230
317231
317232
317233
317234
317235
317236
317238
317239
317240
317241
317243
317244
317246
317247
317248
317249
