185500
185501
185502
185503
185504
185506
185508
185509
185510
185511
185513
185514
185515
185516
185517
185519
185521
185522
185523
185524
185526
185527
185528
185529
185530
185532
185534
185535
185536
185537
185539
185540
185541
185542
185543
185545
185547
185548
185549
185550
185551
185552
185553
185554
185555
185556
185558
185559
185560
185561
185562
185563
185565
185566
185567
185568
185569
185570
185571
185572
185574
185575
185576
185577
185578
185580
185581
185582
185583
185584
185585
185587
185588
185589
185590
185592
185593
185594
185595
185597
185599
185600
185601
185602
185603
185604
185606
185607
185608
185609
185611
185612
185613
185614
185615
185617
185618
185619
185620
185621
185623
185624
185626
185627
185629
185630
185632
185633
185635
185636
185637
185639
185640
185641
185642
185643
185644
185646
185647
185648
185649
185650
185651
185652
185653
185654
185655
185656
185657
185659
185660
185661
185662
185663
185664
185665
185666
185667
185670
185671
185673
185674
185675
185676
185678
185679
185680
185681
185683
185684
185685
185686
185687
185688
185689
185690
185691
185692
185693
185694
185695
185696
185697
185698
185699
185701
185702
185704
185706
185707
185710
185712
185714
185715
185716
185717
185718
185719
185722
185724
185725
185726
185728
185729
185730
185732
185733
185734
185735
185736
185737
185738
185739
185741
185742
185743
185744
185747
