431750
431751
431754
431755
431756
431757
431758
431759
431760
431761
431762
431766
431767
431768
431769
431770
431771
431772
431773
431774
431775
431776
431777
431778
431783
431784
431785
431786
431787
431788
431789
431790
431791
431792
431793
431794
431795
431796
431797
431798
431799
431800
431801
431802
431803
431804
431805
431806
431807
431808
431809
431810
431811
431813
431814
431815
431816
431817
431818
431819
431821
431822
431824
431825
431826
431827
431828
431829
431830
431831
431832
431833
431834
431835
431838
431839
431840
431841
431842
431843
431844
431846
431847
431848
431849
431850
431851
431852
431853
431854
431855
431856
431860
431861
431862
431863
431864
431865
431866
431867
431868
431869
431870
431871
431872
431873
431876
431877
431878
431879
431880
431881
431882
431883
431884
431885
431887
431888
431889
431890
431891
431892
431893
431894
431895
431896
431897
431898
431899
431900
431901
431902
431903
431904
431907
431908
431909
431910
431911
431912
431913
431914
431915
431917
431918
431919
431921
431922
431923
431925
431926
431927
431928
431929
431931
431932
431933
431934
431936
431937
431938
431940
431941
431942
431944
431945
431946
431948
431949
431950
431951
431952
431953
431954
431956
431957
431958
431959
431960
431961
431962
431963
431965
431966
431967
431968
431969
431970
431971
431972
431974
431975
431976
431977
431978
431979
431980
431981
431982
431984
431985
431986
431987
431989
431990
431991
431992
431993
431995
431996
431997
431998
431999
