119250
119251
119252
119254
119255
119256
119257
119258
119259
119260
119262
119263
119264
119265
119266
119267
119268
119270
119271
119272
119273
119274
119275
119276
119279
119280
119281
119282
119283
119284
119285
119289
119290
119291
119292
119293
119295
119296
119298
119300
119301
119303
119304
119305
119306
119308
119309
119310
119311
119312
119314
119316
119317
119319
119320
119322
119323
119325
119326
119327
119328
119331
119332
119333
119334
119335
119336
119337
119338
119339
119340
119342
119343
119344
119345
119346
119347
119348
119349
119350
119351
119352
119353
119354
119355
119361
119363
119364
119365
119367
119368
119369
119370
119371
119372
119373
119374
119375
119376
119377
119378
119380
119381
119383
119384
119385
119386
119387
119389
119390
119391
119392
119393
119394
119396
119398
119400
119401
119403
119405
119406
119407
119409
119410
119412
119413
119415
119416
119417
119418
119419
119420
119421
119423
119425
119427
119429
119431
119433
119435
119436
119437
119439
119440
119441
119442
119443
119445
119449
119450
119451
119452
119453
119454
119455
119456
119457
119458
119459
119460
119461
119462
119463
119465
119466
119468
119473
119474
119475
119477
119478
119479
119480
119481
119482
119483
119485
119486
119488
119489
119490
119491
119493
119494
119495
119496
119497
119498
119499
