109250
109253
109254
109258
109259
109261
109262
109263
109264
109265
109266
109267
109268
109269
109270
109271
109272
109273
109274
109275
109276
109277
109278
109279
109280
109282
109283
109284
109285
109286
109287
109289
109290
109291
109292
109293
109295
109296
109298
109299
109300
109301
109305
109306
109307
109308
109309
109310
109311
109312
109313
109314
109315
109316
109317
109318
109319
109320
109322
109323
109324
109325
109326
109327
109328
109329
109330
109331
109332
109333
109334
109337
109339
109340
109344
109345
109347
109348
109349
109350
109351
109352
109353
109354
109355
109356
109357
109358
109359
109360
109361
109362
109363
109364
109365
109366
109367
109368
109370
109371
109372
109373
109374
109375
109376
109378
109379
109380
109381
109382
109383
109384
109385
109386
109388
109389
109390
109391
109392
109393
109395
109396
109397
109398
109399
109400
109401
109403
109404
109406
109407
109409
109411
109412
109413
109414
109415
109416
109417
109418
109419
109420
109421
109422
109423
109425
109426
109427
109428
109430
109431
109433
109434
109435
109436
109437
109438
109439
109441
109442
109443
109444
109445
109446
109447
109448
109449
109450
109451
109452
109453
109454
109455
109456
109457
109458
109459
109460
109461
109462
109464
109465
109466
109467
109468
109469
109470
109471
109472
109473
109474
109475
109476
109478
109479
109480
109481
109482
109483
109484
109485
109486
109487
109488
109489
109490
109491
109492
109493
109494
109495
109497
109498
