243250
243251
243252
243253
243254
243255
243257
243258
243259
243260
243262
243263
243264
243265
243266
243267
243268
243269
243270
243271
243273
243274
243275
243276
243278
243279
243280
243281
243282
243283
243284
243285
243286
243287
243289
243290
243291
243292
243294
243295
243296
243297
243298
243299
243300
243301
243302
243303
243304
243305
243306
243307
243308
243309
243310
243311
243312
243313
243314
243316
243324
243325
243326
243327
243328
243329
243330
243331
243332
243333
243335
243338
243339
243340
243342
243343
243345
243347
243348
243349
243350
243351
243352
243353
243354
243355
243357
243358
243359
243360
243361
243363
243364
243365
243366
243368
243369
243370
243371
243372
243373
243374
243375
243376
243379
243380
243381
243382
243383
243384
243386
243387
243388
243389
243391
243392
243393
243394
243395
243396
243397
243399
243400
243401
243402
243404
243405
243406
243407
243409
243410
243411
243412
243413
243414
243415
243416
243417
243418
243419
243420
243422
243423
243424
243425
243426
243427
243428
243429
243430
243433
243434
243435
243436
243437
243438
243439
243440
243441
243442
243443
243444
243446
243447
243448
243449
243450
243451
243454
243455
243457
243458
243461
243462
243465
243466
243467
243468
243469
243470
243471
243472
243473
243474
243476
243479
243480
243481
243482
243483
243486
243487
243488
243489
243490
243491
243492
243493
243494
243495
243496
243497
243499
