458250
458251
458252
458253
458254
458255
458258
458259
458260
458261
458262
458263
458264
458265
458266
458269
458270
458271
458273
458274
458276
458277
458278
458279
458280
458281
458282
458283
458284
458285
458286
458287
458288
458289
458290
458291
458292
458293
458295
458297
458298
458299
458300
458301
458303
458304
458306
458307
458309
458310
458312
458315
458316
458317
458318
458319
458321
458322
458323
458324
458325
458327
458328
458329
458331
458333
458334
458335
458337
458338
458339
458340
458341
458342
458343
458344
458345
458346
458348
458349
458350
458351
458352
458354
458355
458357
458358
458359
458360
458361
458362
458363
458366
458367
458369
458370
458371
458372
458373
458374
458375
458376
458377
458378
458380
458381
458382
458383
458384
458386
458387
458388
458390
458391
458392
458393
458394
458395
458396
458397
458398
458400
458401
458403
458404
458405
458407
458408
458409
458410
458424
458425
458426
458427
458428
458429
458430
458431
458432
458433
458434
458435
458436
458437
458438
458439
458440
458441
458442
458443
458444
458445
458446
458447
458448
458449
458450
458451
458452
458453
458454
458455
458457
458458
458459
458460
458461
458462
458463
458464
458465
458466
458467
458468
458469
458470
458471
458472
458473
458474
458475
458476
458477
458478
458479
458480
458481
458482
458483
458484
458485
458486
458487
458488
458490
458491
458492
458493
458494
458495
458496
458497
458498
458499
