469500
469501
469502
469503
469504
469505
469507
469508
469509
469510
469511
469512
469513
469514
469516
469517
469518
469519
469520
469521
469522
469523
469524
469525
469526
469527
469528
469529
469530
469531
469533
469536
469537
469538
469539
469540
469541
469542
469544
469545
469546
469547
469548
469549
469551
469552
469553
469554
469555
469556
469558
469559
469560
469561
469566
469567
469568
469569
469570
469571
469572
469574
469575
469576
469577
469578
469579
469580
469581
469582
469583
469584
469585
469586
469587
469588
469589
469590
469591
469592
469593
469594
469595
469596
469597
469598
469599
469600
469601
469602
469603
469604
469605
469606
469607
469608
469609
469610
469611
469612
469613
469614
469615
469616
469617
469618
469619
469620
469621
469622
469623
469625
469626
469627
469628
469629
469631
469632
469633
469634
469635
469637
469638
469639
469640
469641
469643
469645
469647
469649
469650
469651
469653
469654
469655
469656
469657
469658
469659
469660
469661
469662
469663
469664
469666
469667
469668
469670
469671
469672
469673
469674
469675
469676
469677
469678
469679
469680
469681
469682
469683
469685
469687
469688
469689
469690
469691
469692
469694
469696
469697
469699
469701
469702
469703
469704
469705
469706
469707
469708
469709
469710
469712
469713
469714
469715
469716
469717
469718
469719
469720
469721
469722
469723
469724
469726
469728
469729
469730
469731
469732
469734
469736
469737
469738
469739
469741
469742
469743
469744
469746
469747
469748
469749
