105000
105001
105003
105005
105006
105007
105009
105010
105012
105013
105015
105016
105018
105019
105020
105021
105023
105024
105025
105026
105027
105028
105029
105030
105031
105032
105034
105035
105036
105037
105038
105039
105041
105042
105043
105044
105045
105046
105047
105053
105059
105060
105061
105063
105064
105065
105066
105067
105068
105069
105071
105072
105073
105074
105076
105077
105078
105079
105081
105084
105085
105086
105087
105088
105089
105090
105092
105093
105095
105096
105098
105099
105100
105101
105102
105103
105104
105105
105106
105107
105108
105109
105110
105111
105112
105113
105114
105115
105116
105117
105118
105119
105120
105121
105122
105124
105126
105128
105129
105131
105132
105133
105134
105135
105136
105137
105138
105140
105141
105142
105143
105144
105145
105146
105147
105148
105149
105150
105151
105152
105153
105154
105155
105156
105157
105158
105159
105160
105161
105164
105165
105166
105168
105170
105171
105172
105175
105176
105177
105178
105179
105180
105181
105182
105183
105184
105185
105186
105187
105188
105189
105190
105191
105192
105193
105195
105196
105197
105198
105199
105200
105201
105202
105203
105204
105205
105206
105207
105208
105209
105210
105211
105215
105216
105217
105218
105219
105220
105221
105222
105223
105225
105226
105227
105228
105229
105230
105231
105232
105234
105235
105236
105237
105238
105239
105240
105241
105242
105243
105245
105246
105247
105248
