332500
332501
332502
332503
332504
332505
332506
332507
332510
332511
332512
332513
332514
332515
332516
332517
332518
332519
332520
332521
332522
332523
332524
332526
332527
332529
332532
332533
332534
332535
332536
332538
332539
332540
332541
332543
332544
332545
332546
332548
332549
332550
332551
332553
332554
332555
332556
332557
332558
332559
332560
332562
332563
332564
332565
332567
332568
332571
332572
332573
332574
332575
332576
332579
332580
332583
332584
332587
332588
332591
332592
332593
332594
332595
332596
332597
332598
332600
332601
332602
332603
332604
332605
332606
332607
332608
332611
332614
332617
332620
332623
332624
332625
332626
332627
332629
332630
332631
332632
332633
332634
332635
332636
332637
332638
332639
332640
332641
332642
332643
332644
332645
332646
332647
332648
332649
332650
332651
332652
332653
332654
332655
332656
332657
332658
332659
332660
332661
332662
332663
332664
332665
332666
332667
332668
332669
332670
332671
332672
332673
332674
332678
332680
332681
332682
332684
332685
332686
332687
332688
332689
332690
332691
332692
332693
332694
332695
332696
332697
332698
332699
332700
332701
332702
332703
332704
332705
332706
332707
332708
332709
332710
332711
332712
332713
332714
332715
332716
332717
332718
332719
332720
332721
332722
332723
332724
332725
332726
332727
332728
332729
332730
332731
332732
332733
332734
332735
332736
332737
332738
332739
332740
332741
332742
332743
332744
332745
332746
332747
332748
332749
