95250
95251
95252
95253
95254
95255
95256
95257
95258
95259
95260
95261
95262
95263
95264
95265
95266
95267
95269
95270
95273
95274
95277
95279
95282
95285
95286
95288
95289
95291
95292
95294
95295
95296
95297
95298
95299
95300
95301
95302
95304
95305
95306
95307
95308
95309
95310
95311
95313
95314
95315
95316
95317
95319
95321
95324
95325
95329
95330
95332
95333
95334
95335
95336
95338
95339
95340
95342
95343
95344
95345
95346
95348
95349
95350
95352
95353
95354
95355
95356
95357
95358
95359
95360
95362
95363
95364
95365
95367
95368
95369
95370
95371
95372
95373
95374
95375
95376
95377
95378
95379
95380
95381
95385
95387
95388
95389
95390
95391
95392
95393
95394
95395
95396
95397
95398
95399
95401
95402
95403
95404
95405
95406
95407
95408
95409
95410
95411
95412
95413
95414
95415
95416
95417
95418
95419
95420
95421
95423
95424
95426
95427
95428
95430
95432
95433
95435
95436
95437
95439
95440
95441
95442
95443
95444
95446
95447
95448
95449
95456
95457
95458
95460
95461
95462
95464
95465
95467
95468
95473
95474
95477
95478
95481
95482
95483
95484
95487
95488
95489
95490
95491
95492
95493
95494
95495
95496
95497
95498
95499
