118500
118501
118502
118503
118505
118506
118507
118509
118510
118511
118512
118513
118514
118515
118516
118518
118519
118522
118523
118524
118525
118526
118529
118530
118531
118532
118533
118534
118535
118536
118537
118538
118539
118540
118541
118542
118543
118544
118545
118546
118547
118548
118549
118550
118552
118553
118554
118555
118556
118557
118558
118559
118560
118561
118562
118563
118565
118568
118570
118571
118572
118573
118574
118575
118576
118578
118580
118581
118584
118585
118586
118587
118588
118589
118591
118592
118593
118594
118596
118597
118601
118602
118603
118604
118605
118606
118608
118609
118610
118612
118613
118615
118616
118617
118620
118621
118623
118625
118626
118627
118628
118629
118630
118631
118632
118633
118634
118635
118636
118637
118638
118639
118640
118641
118643
118644
118645
118647
118648
118649
118650
118651
118652
118653
118654
118655
118656
118657
118658
118659
118660
118661
118662
118663
118664
118665
118666
118667
118668
118669
118670
118671
118672
118673
118674
118675
118676
118677
118682
118683
118684
118686
118689
118691
118692
118693
118694
118695
118696
118697
118698
118699
118700
118701
118702
118703
118704
118705
118706
118708
118709
118711
118712
118713
118714
118716
118717
118718
118720
118722
118723
118726
118727
118728
118729
118730
118731
118732
118734
118735
118736
118737
118738
118741
118742
118743
118744
118745
118746
118747
118748
118749
