6500
6501
6502
6503
6504
6505
6506
6507
6508
6509
6510
6511
6512
6513
6514
6515
6516
6517
6518
6523
6524
6525
6526
6527
6528
6529
6530
6531
6532
6533
6534
6535
6536
6537
6538
6539
6540
6541
6542
6543
6544
6545
6546
6547
6549
6550
6551
6552
6553
6554
6555
6556
6557
6558
6559
6560
6561
6562
6563
6564
6565
6567
6568
6570
6571
6572
6573
6574
6575
6576
6577
6578
6580
6582
6585
6586
6587
6588
6589
6590
6593
6594
6597
6598
6599
6600
6601
6604
6605
6607
6608
6611
6614
6615
6616
6617
6618
6620
6624
6625
6626
6627
6628
6629
6630
6631
6633
6635
6636
6637
6638
6641
6642
6643
6647
6648
6650
6651
6652
6653
6654
6655
6656
6657
6658
6659
6661
6662
6663
6664
6666
6667
6668
6669
6671
6672
6673
6676
6677
6678
6679
6680
6681
6682
6683
6684
6685
6686
6688
6689
6690
6691
6692
6693
6695
6696
6697
6698
6699
6700
6701
6702
6703
6704
6707
6709
6711
6712
6713
6715
6718
6719
6720
6722
6723
6724
6725
6727
6728
6729
6730
6732
6733
6734
6736
6740
6744
6748
