291250
291251
291252
291253
291254
291255
291256
291257
291258
291259
291260
291261
291262
291263
291264
291266
291267
291268
291270
291271
291272
291273
291274
291277
291283
291284
291285
291286
291287
291288
291289
291290
291292
291293
291295
291296
291297
291298
291299
291300
291301
291302
291303
291304
291305
291306
291307
291309
291310
291311
291312
291313
291314
291317
291318
291321
291322
291325
291326
291329
291330
291331
291332
291333
291334
291335
291336
291337
291338
291342
291343
291344
291346
291347
291348
291349
291350
291351
291352
291354
291355
291356
291357
291358
291359
291360
291361
291362
291363
291364
291365
291366
291367
291368
291369
291370
291371
291372
291373
291374
291375
291376
291378
291379
291380
291381
291382
291389
291390
291391
291392
291393
291394
291395
291396
291397
291398
291400
291401
291403
291404
291405
291406
291407
291408
291409
291410
291411
291412
291413
291414
291415
291416
291417
291418
291419
291420
291421
291422
291425
291426
291427
291428
291430
291431
291432
291433
291434
291435
291436
291437
291438
291439
291440
291441
291442
291443
291444
291445
291446
291447
291448
291449
291450
291452
291453
291454
291455
291456
291457
291458
291459
291460
291461
291462
291463
291464
291465
291467
291468
291469
291470
291471
291472
291473
291474
291475
291476
291477
291478
291479
291480
291481
291482
291483
291484
291485
291486
291489
291490
291491
291494
291495
291497
291498
291499
