11500
11501
11502
11503
11504
11506
11507
11508
11509
11511
11512
11513
11514
11515
11516
11517
11518
11519
11520
11521
11522
11523
11525
11526
11528
11529
11531
11532
11533
11534
11536
11537
11538
11539
11540
11541
11542
11543
11544
11545
11546
11547
11548
11549
11550
11551
11552
11553
11554
11555
11556
11557
11558
11559
11561
11562
11563
11564
11566
11567
11568
11569
11570
11571
11572
11573
11574
11575
11576
11577
11578
11579
11581
11582
11583
11584
11586
11587
11588
11589
11591
11592
11593
11594
11595
11596
11597
11598
11599
11600
11601
11602
11603
11604
11605
11606
11607
11608
11609
11610
11611
11612
11614
11615
11616
11617
11619
11620
11621
11622
11623
11624
11625
11626
11628
11630
11631
11632
11633
11634
11635
11636
11637
11639
11641
11642
11643
11644
11645
11646
11647
11648
11650
11652
11653
11654
11655
11656
11657
11658
11659
11661
11663
11664
11665
11666
11667
11668
11669
11670
11672
11674
11675
11676
11677
11678
11679
11680
11681
11683
11685
11686
11687
11688
11690
11691
11692
11694
11696
11698
11699
11702
11703
11704
11706
11707
11708
11709
11710
11711
11712
11715
11716
11717
11718
11720
11721
11722
11723
11724
11725
11726
11728
11729
11730
11731
11732
11733
11734
11735
11736
11737
11738
11739
11740
11741
11742
11743
11744
11745
11746
11747
11748
11749
