33000
33002
33003
33004
33005
33006
33007
33008
33009
33010
33011
33012
33013
33016
33017
33018
33019
33020
33021
33022
33023
33024
33025
33026
33027
33028
33029
33030
33032
33033
33034
33035
33036
33038
33040
33041
33042
33043
33045
33046
33047
33048
33049
33050
33051
33052
33053
33054
33055
33056
33058
33059
33064
33065
33067
33068
33069
33070
33071
33072
33073
33074
33075
33076
33077
33078
33079
33080
33082
33085
33087
33088
33089
33090
33092
33093
33094
33095
33096
33097
33098
33099
33100
33101
33102
33103
33104
33105
33106
33107
33108
33109
33110
33111
33112
33113
33114
33116
33117
33118
33119
33122
33123
33124
33125
33126
33127
33128
33129
33130
33131
33132
33133
33134
33135
33136
33137
33138
33139
33140
33141
33142
33143
33144
33145
33146
33147
33148
33149
33150
33151
33152
33153
33155
33156
33157
33158
33159
33160
33161
33163
33164
33166
33167
33168
33169
33171
33175
33176
33177
33178
33179
33180
33182
33183
33185
33187
33188
33189
33190
33191
33193
33194
33195
33196
33197
33199
33200
33201
33202
33203
33204
33205
33206
33208
33211
33212
33213
33214
33215
33216
33218
33220
33222
33224
33225
33226
33227
33228
33229
33230
33232
33233
33235
33236
33237
33238
33239
33244
33245
33246
