106000
106001
106002
106003
106004
106006
106008
106013
106014
106015
106016
106017
106018
106019
106020
106023
106024
106025
106026
106027
106028
106029
106030
106031
106032
106033
106034
106035
106036
106037
106039
106042
106043
106044
106045
106046
106047
106049
106050
106051
106052
106053
106054
106055
106056
106057
106059
106061
106062
106063
106065
106067
106068
106069
106070
106071
106072
106073
106074
106075
106076
106078
106080
106081
106082
106083
106084
106085
106086
106087
106089
106090
106091
106092
106094
106096
106097
106098
106099
106100
106101
106102
106103
106104
106105
106106
106107
106108
106109
106111
106112
106114
106115
106116
106117
106118
106119
106120
106121
106122
106123
106125
106126
106127
106129
106130
106131
106132
106134
106135
106137
106138
106139
106140
106141
106142
106143
106145
106147
106149
106150
106151
106152
106153
106154
106155
106156
106157
106158
106159
106160
106161
106162
106164
106165
106166
106167
106168
106169
106170
106172
106173
106174
106175
106176
106178
106179
106180
106183
106185
106186
106187
106188
106189
106190
106191
106192
106193
106194
106195
106196
106197
106199
106200
106201
106203
106205
106209
106210
106211
106216
106217
106222
106223
106224
106225
106226
106227
106228
106229
106230
106231
106232
106233
106234
106235
106236
106237
106238
106240
106241
106242
106243
106245
106246
106247
106248
106249
