85750
85751
85752
85753
85754
85755
85756
85757
85759
85760
85762
85763
85764
85765
85766
85767
85769
85770
85771
85772
85773
85774
85775
85776
85777
85778
85779
85780
85781
85782
85783
85784
85785
85786
85787
85788
85789
85790
85791
85792
85793
85794
85795
85796
85797
85798
85799
85800
85801
85802
85803
85804
85807
85810
85811
85812
85815
85816
85818
85819
85820
85821
85822
85825
85826
85828
85829
85832
85833
85835
85836
85839
85840
85842
85843
85844
85845
85846
85847
85850
85851
85853
85854
85857
85858
85860
85861
85864
85865
85867
85868
85869
85870
85873
85874
85875
85877
85879
85880
85881
85882
85883
85884
85885
85886
85887
85888
85889
85890
85891
85892
85893
85894
85895
85896
85897
85898
85899
85900
85901
85902
85903
85904
85905
85906
85907
85908
85909
85910
85911
85912
85913
85914
85915
85916
85917
85918
85919
85920
85921
85922
85923
85924
85925
85926
85927
85928
85929
85930
85931
85932
85933
85934
85935
85936
85937
85938
85939
85940
85941
85942
85943
85944
85945
85946
85947
85948
85949
85950
85952
85953
85954
85955
85956
85957
85959
85960
85962
85963
85964
85967
85968
85969
85970
85972
85973
85974
85977
85978
85979
85980
85982
85983
85984
85987
85988
85989
85990
85991
85992
85993
85994
85995
85998
85999
