261750
261751
261752
261753
261754
261755
261756
261758
261760
261761
261762
261763
261764
261765
261766
261767
261768
261769
261770
261771
261772
261773
261774
261775
261776
261777
261778
261779
261780
261781
261782
261783
261784
261785
261786
261788
261789
261790
261791
261792
261793
261794
261795
261796
261797
261798
261800
261801
261802
261803
261804
261806
261807
261808
261809
261810
261811
261813
261815
261816
261817
261819
261820
261821
261823
261825
261826
261827
261828
261829
261830
261831
261833
261834
261835
261836
261837
261839
261840
261841
261843
261844
261845
261847
261848
261849
261850
261851
261852
261853
261854
261855
261856
261857
261858
261859
261860
261861
261862
261864
261865
261867
261868
261870
261871
261872
261873
261874
261875
261876
261877
261878
261879
261880
261881
261882
261883
261884
261885
261886
261888
261889
261890
261891
261892
261893
261894
261895
261896
261897
261898
261901
261902
261903
261904
261905
261906
261907
261908
261909
261910
261911
261912
261913
261914
261915
261916
261917
261918
261919
261921
261922
261923
261924
261925
261926
261927
261928
261929
261930
261931
261932
261933
261934
261935
261936
261937
261938
261939
261940
261941
261943
261944
261945
261947
261948
261949
261950
261951
261952
261953
261954
261957
261959
261960
261961
261962
261963
261964
261965
261967
261968
261970
261971
261972
261973
261975
261976
261977
261978
261979
261980
261981
261982
261983
261984
261985
261986
261987
261988
261989
261990
261991
261992
261993
261994
261995
261996
261997
261998
