69750
69751
69752
69754
69755
69756
69757
69758
69759
69760
69761
69763
69764
69765
69766
69767
69768
69769
69770
69772
69774
69775
69777
69778
69779
69780
69782
69783
69786
69787
69788
69789
69790
69791
69792
69793
69795
69796
69797
69798
69799
69801
69802
69803
69805
69806
69807
69810
69811
69812
69813
69815
69816
69817
69819
69820
69821
69822
69823
69824
69825
69826
69827
69830
69831
69832
69833
69834
69835
69836
69837
69838
69839
69840
69841
69842
69843
69844
69845
69846
69847
69848
69849
69850
69851
69852
69853
69854
69855
69856
69857
69858
69859
69860
69861
69862
69863
69864
69867
69868
69872
69873
69874
69875
69876
69877
69878
69879
69880
69882
69883
69884
69885
69886
69887
69888
69889
69890
69891
69894
69895
69896
69897
69898
69899
69900
69901
69902
69903
69904
69905
69907
69908
69909
69910
69911
69912
69913
69914
69915
69918
69919
69921
69922
69923
69924
69925
69926
69927
69928
69929
69930
69931
69932
69933
69934
69935
69936
69937
69938
69939
69940
69941
69942
69943
69944
69945
69946
69947
69948
69949
69950
69951
69952
69953
69954
69955
69956
69957
69958
69959
69960
69961
69962
69963
69965
69966
69967
69969
69970
69971
69972
69973
69975
69976
69977
69978
69979
69980
69981
69982
69983
69984
69985
69986
69987
69988
69989
69990
69991
69992
69993
69994
69995
69996
69998
69999
