454000
454002
454003
454005
454006
454007
454008
454010
454011
454012
454013
454014
454015
454017
454018
454019
454021
454022
454023
454024
454026
454027
454029
454030
454031
454032
454033
454034
454035
454036
454037
454038
454039
454041
454042
454043
454044
454045
454046
454047
454048
454049
454050
454051
454052
454053
454054
454055
454056
454057
454058
454059
454060
454061
454062
454063
454064
454065
454066
454068
454069
454070
454071
454073
454074
454075
454076
454077
454078
454080
454081
454082
454083
454084
454085
454086
454087
454088
454090
454092
454093
454094
454096
454097
454098
454099
454100
454101
454103
454105
454106
454107
454108
454109
454110
454111
454112
454113
454114
454115
454116
454117
454118
454119
454120
454121
454122
454123
454124
454125
454126
454127
454128
454129
454130
454132
454133
454134
454135
454136
454137
454138
454139
454140
454141
454142
454143
454144
454145
454146
454147
454148
454149
454150
454151
454152
454154
454155
454156
454157
454158
454159
454161
454163
454164
454165
454166
454167
454168
454169
454170
454171
454172
454173
454175
454176
454177
454179
454180
454181
454182
454183
454184
454185
454186
454188
454189
454190
454193
454194
454195
454196
454199
454200
454201
454203
454204
454206
454209
454210
454211
454213
454214
454215
454216
454217
454220
454221
454222
454223
454224
454225
454226
454227
454228
454230
454231
454232
454233
454234
454235
454236
454237
454238
454239
454240
454241
454242
454243
454244
454245
454246
454247
454248
454249
