442251
442252
442253
442254
442255
442256
442258
442259
442260
442261
442262
442263
442264
442265
442266
442267
442268
442269
442270
442271
442272
442273
442274
442275
442277
442279
442280
442281
442282
442283
442284
442285
442286
442287
442288
442289
442290
442291
442292
442293
442294
442295
442296
442297
442298
442299
442300
442301
442302
442303
442304
442305
442306
442307
442308
442309
442310
442311
442312
442313
442314
442315
442316
442317
442318
442320
442321
442324
442325
442326
442328
442330
442331
442332
442333
442334
442336
442337
442338
442339
442340
442341
442342
442343
442344
442346
442347
442348
442349
442350
442351
442352
442353
442354
442355
442356
442357
442358
442359
442360
442361
442362
442364
442365
442367
442368
442369
442370
442371
442372
442373
442374
442375
442376
442379
442380
442381
442382
442383
442384
442389
442391
442392
442393
442394
442395
442397
442398
442399
442401
442403
442404
442405
442406
442407
442408
442410
442411
442412
442414
442415
442416
442417
442419
442420
442421
442422
442423
442424
442425
442426
442428
442429
442430
442431
442432
442433
442434
442435
442436
442437
442438
442439
442440
442441
442442
442443
442444
442445
442446
442447
442448
442449
442450
442451
442452
442453
442454
442455
442456
442457
442458
442460
442461
442462
442463
442464
442465
442466
442467
442468
442470
442471
442472
442473
442475
442476
442477
442478
442479
442480
442481
442482
442483
442484
442485
442486
442487
442488
442489
442490
442491
442492
442494
442497
442498
442499
