277000
277003
277004
277005
277006
277008
277009
277010
277011
277012
277013
277014
277017
277018
277019
277020
277021
277022
277023
277026
277027
277029
277030
277031
277033
277034
277035
277036
277037
277038
277039
277040
277042
277043
277044
277045
277046
277047
277048
277049
277050
277051
277052
277053
277054
277055
277056
277057
277058
277059
277060
277061
277062
277063
277064
277065
277066
277067
277068
277069
277070
277071
277072
277073
277074
277075
277076
277077
277078
277079
277080
277081
277082
277083
277084
277085
277086
277087
277088
277089
277091
277092
277093
277094
277095
277096
277097
277098
277099
277102
277103
277104
277105
277106
277108
277109
277111
277112
277113
277114
277116
277117
277118
277119
277121
277124
277128
277132
277136
277137
277138
277139
277140
277142
277143
277144
277145
277146
277147
277148
277149
277150
277151
277152
277153
277156
277157
277158
277159
277160
277161
277162
277163
277165
277166
277167
277168
277169
277171
277173
277174
277175
277176
277177
277178
277179
277181
277182
277183
277185
277186
277187
277189
277190
277191
277192
277193
277194
277195
277196
277197
277198
277199
277200
277201
277202
277203
277204
277205
277206
277208
277209
277210
277211
277213
277215
277216
277217
277218
277220
277222
277223
277224
277225
277226
277227
277228
277229
277230
277231
277232
277233
277234
277235
277236
277238
277239
277241
277243
277246
277248
277249
