373250
373251
373252
373253
373254
373257
373258
373259
373260
373261
373262
373263
373264
373265
373266
373267
373268
373269
373270
373271
373272
373273
373274
373275
373276
373278
373279
373280
373281
373283
373284
373286
373287
373288
373289
373290
373291
373292
373293
373294
373295
373296
373297
373298
373299
373300
373301
373302
373305
373306
373307
373308
373310
373311
373312
373313
373314
373315
373316
373318
373319
373320
373321
373322
373323
373324
373327
373328
373329
373330
373331
373332
373333
373335
373336
373337
373338
373339
373340
373342
373343
373344
373345
373346
373347
373349
373351
373352
373353
373356
373357
373358
373359
373361
373362
373363
373364
373365
373366
373367
373368
373369
373370
373371
373372
373373
373374
373376
373377
373378
373379
373381
373382
373407
373408
373409
373412
373413
373414
373415
373418
373419
373420
373421
373424
373425
373426
373427
373429
373430
373431
373433
373434
373435
373437
373440
373441
373442
373443
373444
373445
373446
373447
373448
373449
373450
373451
373452
373463
373465
373466
373471
373473
373474
373476
373477
373478
373479
373481
373482
373483
373484
373486
373487
373488
373489
373490
373491
373492
373493
373494
373495
373496
373497
373498
373499
