55000
55001
55002
55003
55004
55005
55006
55007
55008
55009
55010
55011
55012
55013
55017
55018
55022
55023
55024
55028
55029
55030
55031
55032
55033
55034
55035
55036
55037
55038
55042
55044
55046
55048
55049
55050
55051
55053
55054
55055
55056
55058
55059
55060
55061
55062
55063
55064
55065
55066
55067
55068
55070
55071
55072
55073
55074
55075
55076
55077
55079
55080
55081
55082
55083
55084
55085
55086
55087
55088
55089
55091
55092
55093
55099
55100
55101
55102
55104
55105
55107
55112
55113
55115
55116
55118
55120
55121
55122
55124
55125
55126
55127
55128
55129
55130
55131
55132
55133
55134
55135
55136
55139
55140
55141
55143
55144
55145
55146
55147
55148
55150
55151
55152
55154
55155
55156
55157
55159
55162
55163
55164
55165
55166
55167
55168
55169
55170
55171
55172
55174
55175
55176
55177
55178
55180
55181
55182
55184
55185
55186
55188
55189
55191
55192
55193
55194
55196
55197
55199
55200
55201
55202
55204
55205
55207
55208
55209
55210
55212
55213
55215
55216
55217
55218
55219
55220
55221
55222
55224
55225
55226
55227
55229
55230
55231
55232
55233
55234
55238
55239
55240
55241
55242
55243
55244
55245
55246
55247
55248
55249
