173750
173756
173757
173758
173759
173760
173761
173764
173765
173767
173768
173769
173770
173771
173772
173773
173774
173775
173776
173777
173778
173779
173783
173784
173785
173786
173787
173788
173790
173791
173792
173793
173794
173795
173796
173797
173798
173799
173801
173805
173806
173807
173808
173813
173814
173815
173817
173819
173820
173821
173822
173823
173824
173825
173826
173827
173828
173830
173832
173836
173840
173841
173842
173843
173844
173845
173846
173847
173848
173849
173850
173851
173852
173853
173854
173855
173856
173857
173858
173859
173862
173863
173864
173865
173866
173867
173868
173869
173870
173873
173874
173875
173876
173877
173878
173879
173880
173881
173883
173884
173885
173886
173890
173891
173892
173893
173895
173896
173897
173898
173899
173900
173901
173902
173903
173904
173905
173907
173909
173910
173911
173913
173914
173915
173916
173918
173919
173920
173921
173923
173924
173927
173928
173929
173930
173931
173932
173933
173934
173936
173937
173938
173939
173940
173942
173945
173946
173947
173948
173949
173952
173954
173955
173956
173957
173958
173959
173960
173962
173965
173966
173967
173970
173979
173980
173981
173983
173984
173992
173993
173994
173995
173996
173997
