155253
155257
155259
155260
155261
155262
155263
155264
155265
155267
155268
155272
155273
155274
155275
155277
155280
155283
155285
155286
155289
155290
155294
155295
155296
155300
155301
155302
155303
155304
155305
155306
155307
155308
155309
155310
155311
155312
155313
155314
155315
155317
155318
155319
155320
155321
155322
155323
155324
155325
155326
155328
155330
155331
155332
155333
155334
155335
155336
155337
155338
155339
155340
155341
155343
155344
155345
155347
155348
155349
155351
155353
155354
155357
155358
155359
155361
155362
155363
155366
155367
155368
155369
155370
155371
155372
155373
155374
155375
155376
155377
155378
155379
155380
155381
155382
155383
155384
155385
155386
155387
155388
155389
155390
155391
155392
155393
155394
155395
155396
155397
155398
155400
155401
155402
155403
155413
155414
155415
155416
155417
155419
155420
155421
155422
155423
155424
155426
155428
155429
155430
155431
155432
155433
155436
155437
155438
155439
155440
155441
155442
155444
155445
155446
155447
155448
155449
155450
155451
155452
155453
155454
155455
155456
155457
155458
155459
155460
155461
155462
155463
155464
155465
155466
155468
155469
155470
155471
155472
155473
155474
155475
155476
155477
155478
155479
155480
155481
155482
155483
155484
155486
155488
155489
155490
155491
155492
155494
155495
155496
155497
155498
155499
