393500
393501
393502
393503
393504
393506
393507
393508
393509
393510
393511
393512
393513
393514
393515
393516
393517
393518
393519
393521
393522
393524
393525
393526
393527
393528
393529
393531
393532
393534
393535
393536
393537
393538
393539
393540
393541
393542
393543
393544
393547
393548
393549
393550
393551
393552
393554
393555
393556
393557
393558
393559
393560
393561
393562
393564
393565
393566
393567
393568
393570
393571
393572
393573
393574
393575
393576
393577
393578
393579
393580
393581
393582
393583
393584
393586
393587
393588
393589
393590
393592
393593
393594
393595
393597
393598
393599
393601
393603
393604
393605
393606
393607
393608
393609
393610
393611
393612
393613
393614
393615
393617
393619
393620
393621
393622
393623
393624
393625
393626
393627
393628
393629
393630
393631
393634
393635
393636
393637
393638
393639
393640
393641
393642
393643
393644
393646
393647
393648
393652
393654
393655
393657
393658
393659
393660
393661
393662
393663
393664
393665
393666
393667
393668
393669
393670
393671
393672
393673
393674
393675
393677
393679
393680
393681
393682
393683
393684
393685
393686
393688
393689
393690
393691
393692
393693
393694
393695
393697
393698
393699
393700
393701
393702
393703
393704
393705
393708
393709
393710
393712
393713
393714
393716
393717
393719
393720
393721
393725
393726
393727
393730
393731
393732
393733
393734
393735
393736
393737
393738
393739
393740
393741
393742
393743
393747
393748
393749
