281500
281501
281502
281503
281504
281505
281506
281507
281509
281510
281511
281512
281514
281515
281516
281517
281518
281519
281520
281521
281522
281524
281525
281526
281527
281529
281531
281532
281533
281534
281535
281537
281538
281539
281540
281541
281543
281544
281545
281546
281547
281549
281550
281551
281552
281553
281555
281556
281557
281558
281559
281560
281561
281562
281563
281564
281565
281568
281570
281571
281572
281573
281574
281575
281576
281577
281578
281579
281580
281581
281582
281583
281584
281585
281586
281587
281588
281589
281590
281591
281592
281593
281594
281595
281597
281598
281599
281601
281602
281603
281604
281605
281606
281607
281609
281610
281612
281613
281614
281615
281616
281617
281618
281619
281620
281623
281624
281625
281626
281627
281628
281630
281631
281633
281634
281635
281637
281638
281640
281641
281642
281645
281646
281648
281649
281650
281651
281652
281653
281654
281655
281656
281657
281659
281660
281661
281662
281664
281665
281666
281667
281668
281669
281670
281671
281672
281673
281674
281675
281676
281677
281678
281679
281680
281682
281683
281684
281685
281686
281687
281688
281689
281690
281691
281694
281696
281697
281698
281699
281701
281702
281703
281704
281706
281707
281708
281709
281711
281712
281713
281714
281715
281716
281718
281719
281721
281722
281723
281724
281725
281726
281727
281728
281729
281730
281731
281732
281734
281738
281739
281740
281741
281742
281743
281744
281745
281746
281747
281749
