349250
349251
349252
349253
349254
349255
349256
349257
349258
349259
349260
349261
349264
349265
349266
349267
349268
349269
349270
349271
349272
349273
349274
349277
349278
349279
349280
349282
349284
349285
349286
349288
349290
349291
349292
349293
349294
349295
349296
349297
349298
349299
349300
349301
349303
349304
349305
349306
349307
349309
349310
349311
349312
349313
349314
349317
349318
349319
349320
349322
349323
349324
349325
349326
349327
349328
349329
349330
349331
349332
349333
349334
349335
349336
349337
349338
349339
349340
349341
349343
349344
349345
349347
349348
349349
349350
349352
349354
349355
349356
349357
349363
349365
349366
349367
349368
349369
349370
349371
349372
349373
349374
349375
349376
349377
349379
349380
349382
349383
349385
349386
349388
349390
349392
349393
349394
349395
349396
349397
349398
349400
349401
349402
349403
349407
349408
349409
349410
349411
349412
349413
349414
349416
349417
349418
349419
349420
349421
349422
349423
349425
349426
349427
349428
349429
349430
349431
349432
349433
349434
349435
349436
349437
349438
349439
349440
349441
349442
349443
349445
349446
349447
349448
349449
349450
349451
349452
349453
349454
349455
349456
349457
349458
349459
349460
349461
349462
349463
349464
349465
349466
349467
349468
349469
349470
349471
349472
349473
349474
349475
349476
349477
349478
349479
349480
349481
349482
349483
349484
349485
349486
349487
349488
349489
349490
349491
349492
349493
349494
349495
349496
349497
349498
349499
