386500
386501
386502
386503
386504
386505
386506
386508
386509
386510
386511
386514
386515
386516
386517
386518
386520
386521
386522
386523
386524
386526
386527
386528
386529
386530
386531
386532
386533
386534
386535
386536
386537
386538
386539
386540
386541
386542
386543
386544
386545
386546
386547
386548
386549
386550
386551
386552
386553
386554
386556
386557
386558
386559
386560
386561
386562
386563
386564
386565
386566
386567
386568
386569
386570
386571
386572
386573
386575
386576
386577
386578
386579
386580
386581
386582
386583
386584
386585
386586
386587
386588
386589
386590
386591
386592
386593
386594
386595
386596
386598
386601
386604
386606
386607
386608
386609
386610
386611
386612
386613
386616
386617
386620
386621
386623
386624
386625
386626
386627
386629
386630
386631
386632
386633
386636
386639
386640
386643
386644
386646
386647
386648
386649
386650
386651
386652
386653
386654
386655
386656
386657
386658
386659
386660
386661
386662
386663
386664
386665
386666
386667
386668
386669
386670
386671
386672
386673
386674
386675
386676
386677
386678
386679
386680
386681
386682
386683
386684
386685
386686
386687
386688
386689
386690
386691
386692
386694
386695
386696
386697
386698
386699
386700
386701
386704
386705
386706
386707
386708
386709
386710
386711
386712
386713
386714
386716
386717
386719
386720
386721
386722
386723
386724
386725
386726
386727
386728
386729
386730
386731
386732
386733
386734
386738
386739
386740
386741
386742
386743
386744
386745
386746
386747
386748
386749
