364750
364751
364752
364760
364761
364762
364763
364764
364765
364766
364767
364768
364769
364770
364771
364772
364773
364774
364775
364776
364777
364778
364779
364780
364781
364782
364784
364785
364786
364787
364788
364789
364796
364797
364801
364802
364803
364804
364805
364806
364807
364808
364810
364811
364813
364814
364815
364821
364822
364823
364825
364826
364827
364830
364831
364832
364835
364836
364837
364838
364839
364840
364842
364843
364844
364845
364846
364847
364848
364849
364850
364851
364852
364853
364854
364855
364856
364857
364858
364859
364860
364862
364863
364864
364865
364868
364869
364876
364877
364879
364880
364881
364882
364883
364884
364885
364888
364889
364890
364891
364893
364894
364896
364897
364898
364899
364900
364901
364902
364903
364905
364906
364908
364909
364910
364911
364913
364914
364916
364917
364919
364920
364922
364923
364925
364926
364928
364931
364934
364935
364936
364938
364939
364940
364941
364942
364943
364944
364945
364946
364950
364952
364953
364954
364955
364956
364957
364958
364959
364960
364961
364963
364964
364965
364966
364967
364968
364971
364972
364973
364974
364977
364978
364979
364982
364983
364986
364987
364988
364989
364990
364991
364992
364993
364994
364996
364997
364998
364999
