274751
274752
274753
274754
274755
274756
274757
274758
274759
274762
274763
274764
274765
274766
274767
274768
274769
274770
274771
274772
274773
274774
274775
274779
274780
274781
274782
274783
274784
274785
274786
274787
274788
274789
274790
274793
274795
274796
274797
274798
274800
274801
274802
274803
274804
274807
274808
274814
274816
274817
274818
274819
274820
274821
274822
274823
274824
274825
274826
274827
274828
274829
274830
274831
274832
274833
274834
274835
274836
274837
274838
274839
274840
274841
274842
274843
274845
274847
274848
274849
274851
274853
274854
274855
274856
274857
274859
274860
274861
274862
274863
274864
274865
274866
274867
274868
274870
274871
274872
274873
274874
274875
274876
274877
274878
274879
274880
274881
274882
274884
274886
274887
274888
274889
274890
274891
274892
274893
274894
274895
274897
274898
274899
274900
274902
274903
274905
274906
274907
274909
274910
274911
274912
274913
274914
274915
274916
274917
274918
274919
274920
274922
274923
274924
274925
274927
274928
274929
274930
274931
274932
274933
274935
274936
274937
274938
274939
274941
274942
274944
274945
274946
274947
274948
274949
274951
274954
274955
274956
274958
274959
274961
274962
274963
274964
274965
274966
274967
274968
274969
274971
274972
274973
274974
274975
274976
274977
274978
274979
274980
274981
274982
274983
274985
274986
274987
274988
274989
274990
274991
274992
274993
274994
274995
274996
274997
274998
274999
