290750
290751
290752
290754
290755
290757
290758
290759
290761
290762
290764
290765
290766
290772
290773
290774
290776
290777
290778
290779
290780
290782
290783
290784
290785
290787
290788
290789
290790
290792
290793
290794
290795
290797
290798
290799
290800
290802
290803
290804
290805
290807
290808
290809
290810
290811
290812
290813
290814
290815
290817
290818
290819
290820
290822
290823
290824
290825
290826
290827
290828
290829
290830
290831
290832
290834
290835
290837
290838
290840
290841
290842
290843
290846
290847
290848
290849
290853
290856
290857
290858
290859
290860
290863
290864
290865
290866
290867
290868
290869
290870
290873
290874
290875
290876
290877
290878
290879
290880
290881
290882
290883
290884
290885
290886
290889
290890
290891
290892
290893
290894
290897
290898
290899
290902
290903
290904
290905
290906
290907
290908
290911
290912
290913
290914
290916
290917
290918
290919
290920
290921
290922
290924
290925
290929
290932
290936
290939
290941
290942
290944
290945
290946
290947
290948
290950
290951
290952
290953
290954
290956
290957
290958
290959
290960
290962
290963
290964
290965
290966
290967
290968
290969
290970
290971
290972
290973
290975
290976
290977
290978
290979
290980
290981
290982
290983
290984
290985
290988
290989
290990
290991
290992
290993
290994
290996
290997
290998
290999
