116501
116502
116503
116504
116505
116506
116507
116508
116509
116511
116512
116513
116514
116516
116517
116518
116519
116520
116521
116522
116523
116525
116526
116528
116529
116533
116534
116535
116536
116537
116538
116539
116540
116541
116542
116543
116544
116545
116546
116547
116548
116549
116550
116551
116553
116554
116555
116556
116557
116559
116560
116561
116562
116563
116564
116565
116567
116568
116569
116570
116573
116574
116575
116576
116577
116578
116579
116580
116581
116582
116583
116584
116585
116586
116587
116588
116589
116590
116591
116592
116593
116594
116595
116596
116597
116598
116599
116600
116601
116602
116603
116607
116608
116611
116612
116613
116614
116615
116616
116617
116618
116619
116620
116621
116622
116623
116624
116625
116626
116627
116628
116629
116630
116631
116632
116633
116634
116635
116636
116637
116638
116639
116640
116641
116642
116643
116644
116645
116646
116647
116648
116649
116650
116651
116652
116653
116654
116655
116656
116657
116658
116659
116661
116663
116664
116665
116666
116667
116669
116670
116671
116672
116673
116674
116675
116676
116677
116678
116679
116680
116681
116682
116683
116684
116685
116686
116687
116688
116689
116691
116693
116695
116696
116698
116699
116700
116702
116704
116706
116708
116709
116710
116711
116712
116713
116714
116715
116716
116717
116718
116719
116720
116721
116722
116723
116724
116725
116726
116727
116728
116729
116730
116733
116734
116735
116736
116737
116738
116739
116740
116741
116742
116743
116744
116745
116746
