176000
176001
176002
176004
176005
176010
176011
176012
176013
176014
176015
176016
176017
176018
176020
176021
176022
176023
176024
176026
176027
176028
176029
176030
176031
176032
176033
176034
176035
176036
176037
176038
176039
176040
176042
176043
176044
176045
176046
176047
176048
176049
176050
176051
176052
176053
176054
176055
176056
176057
176058
176059
176060
176061
176062
176063
176064
176065
176066
176067
176068
176069
176071
176072
176073
176074
176075
176076
176077
176078
176079
176080
176081
176082
176083
176085
176086
176087
176088
176089
176090
176091
176093
176094
176095
176096
176097
176098
176099
176101
176102
176103
176104
176105
176106
176107
176109
176110
176111
176112
176113
176114
176115
176116
176117
176118
176119
176121
176122
176123
176125
176126
176127
176129
176130
176131
176132
176133
176134
176136
176137
176138
176139
176140
176141
176142
176143
176144
176145
176146
176147
176148
176149
176151
176152
176153
176155
176156
176157
176159
176160
176161
176164
176165
176166
176167
176168
176169
176170
176171
176172
176173
176175
176176
176177
176179
176180
176181
176182
176183
176184
176186
176187
176188
176191
176192
176193
176195
176196
176197
176198
176199
176200
176201
176202
176203
176204
176205
176206
176207
176208
176210
176211
176212
176213
176215
176216
176218
176219
176222
176223
176225
176226
176229
176230
176232
176233
176236
176237
176238
176239
176240
176243
176244
176245
176246
176247
176248
176249
