398500
398501
398502
398504
398505
398507
398508
398509
398510
398511
398512
398513
398514
398515
398516
398517
398518
398519
398520
398521
398522
398523
398524
398525
398526
398527
398528
398529
398530
398531
398532
398533
398534
398535
398536
398537
398538
398539
398540
398541
398542
398543
398544
398545
398546
398547
398548
398549
398550
398551
398552
398554
398555
398557
398558
398559
398560
398561
398562
398564
398565
398566
398568
398570
398571
398572
398573
398574
398575
398576
398577
398578
398579
398580
398581
398582
398583
398584
398585
398586
398587
398590
398592
398593
398594
398595
398597
398598
398599
398600
398601
398603
398604
398605
398607
398608
398609
398610
398611
398612
398613
398614
398615
398616
398617
398618
398619
398620
398621
398622
398624
398625
398626
398628
398629
398630
398631
398632
398633
398634
398635
398636
398637
398638
398639
398640
398641
398642
398643
398644
398645
398646
398647
398648
398649
398650
398651
398652
398653
398654
398655
398656
398657
398658
398659
398660
398661
398662
398663
398664
398665
398666
398667
398668
398669
398670
398671
398672
398673
398674
398675
398676
398677
398678
398679
398680
398681
398682
398683
398684
398685
398686
398687
398689
398690
398691
398692
398693
398694
398695
398696
398697
398698
398699
398700
398701
398702
398703
398704
398705
398706
398707
398709
398710
398712
398714
398715
398717
398718
398719
398721
398722
398723
398724
398725
398726
398727
398728
398729
398730
398731
398732
398733
398734
398735
398736
398737
398739
398740
398741
398743
398744
398745
398746
398748
398749
