207000
207001
207002
207004
207007
207009
207011
207013
207015
207017
207018
207019
207020
207022
207023
207024
207025
207026
207027
207028
207029
207030
207031
207032
207033
207034
207035
207036
207037
207038
207039
207040
207041
207042
207043
207044
207045
207046
207047
207048
207049
207050
207051
207052
207053
207054
207055
207056
207057
207058
207059
207061
207062
207064
207065
207066
207067
207068
207069
207072
207073
207074
207075
207076
207077
207078
207079
207080
207081
207082
207083
207084
207085
207086
207087
207088
207089
207090
207091
207092
207093
207094
207095
207096
207097
207098
207099
207100
207101
207102
207104
207105
207106
207107
207108
207109
207110
207111
207112
207113
207114
207115
207116
207117
207121
207123
207124
207125
207126
207127
207128
207129
207130
207131
207132
207133
207134
207135
207136
207138
207139
207140
207141
207142
207143
207147
207148
207149
207150
207151
207152
207153
207154
207155
207156
207157
207158
207159
207163
207166
207167
207168
207169
207170
207171
207172
207173
207174
207175
207176
207177
207178
207179
207180
207181
207182
207184
207185
207186
207187
207188
207189
207190
207191
207192
207193
207194
207195
207196
207197
207198
207199
207200
207201
207202
207203
207204
207205
207206
207207
207208
207209
207210
207211
207212
207213
207214
207215
207216
207217
207218
207219
207220
207221
207222
207223
207224
207226
207227
207228
207229
207230
207232
207234
207235
207240
207244
207248
