432250
432251
432253
432254
432255
432256
432257
432258
432260
432261
432262
432263
432264
432265
432266
432267
432268
432269
432270
432271
432276
432278
432280
432281
432283
432284
432285
432286
432287
432288
432289
432290
432291
432292
432293
432294
432295
432296
432297
432298
432299
432300
432302
432304
432305
432307
432308
432309
432311
432312
432313
432314
432315
432316
432317
432319
432320
432321
432322
432324
432325
432328
432330
432331
432332
432333
432334
432335
432336
432337
432338
432339
432340
432341
432342
432343
432344
432345
432346
432347
432348
432349
432350
432351
432352
432353
432354
432355
432357
432358
432359
432360
432362
432363
432364
432365
432367
432368
432369
432370
432371
432372
432373
432374
432375
432376
432377
432378
432379
432380
432381
432382
432383
432384
432385
432386
432387
432388
432389
432390
432391
432392
432393
432394
432395
432396
432397
432398
432399
432400
432401
432402
432403
432404
432405
432407
432408
432409
432410
432411
432412
432414
432415
432416
432417
432418
432419
432420
432422
432423
432424
432425
432426
432427
432428
432429
432430
432432
432433
432434
432435
432436
432437
432438
432440
432441
432442
432443
432444
432445
432446
432448
432449
432450
432451
432452
432453
432454
432456
432457
432458
432459
432460
432461
432462
432464
432466
432467
432468
432469
432470
432471
432472
432473
432474
432475
432476
432479
432480
432481
432482
432483
432484
432487
432488
432489
432490
432491
432492
432495
432496
432497
432498
432499
