308250
308251
308252
308253
308255
308257
308258
308259
308261
308262
308263
308264
308265
308267
308269
308270
308271
308272
308273
308274
308275
308276
308277
308278
308279
308280
308281
308282
308283
308287
308288
308289
308290
308291
308292
308293
308294
308295
308296
308298
308299
308300
308301
308302
308303
308304
308305
308306
308307
308308
308309
308310
308311
308312
308313
308314
308315
308316
308317
308318
308319
308320
308321
308322
308323
308324
308325
308326
308327
308328
308330
308331
308332
308333
308334
308335
308336
308338
308339
308340
308341
308343
308345
308346
308347
308348
308349
308351
308352
308353
308354
308355
308356
308357
308358
308359
308360
308361
308362
308363
308364
308365
308366
308367
308368
308369
308370
308371
308372
308373
308374
308375
308376
308377
308378
308379
308380
308381
308382
308383
308384
308385
308386
308387
308388
308389
308391
308392
308393
308394
308396
308397
308398
308399
308400
308401
308402
308403
308404
308405
308406
308407
308408
308409
308410
308411
308412
308413
308414
308415
308416
308417
308418
308419
308420
308423
308426
308427
308428
308430
308431
308432
308433
308434
308435
308436
308438
308440
308443
308444
308445
308447
308449
308450
308451
308452
308453
308454
308455
308456
308457
308458
308459
308462
308463
308464
308465
308466
308467
308468
308470
308472
308473
308474
308476
308477
308478
308479
308481
308482
308484
308485
308486
308487
308489
308490
308491
308492
308493
308494
308495
308496
308497
308498
308499
