104250
104251
104252
104253
104254
104255
104256
104257
104258
104259
104260
104261
104262
104263
104264
104265
104266
104267
104268
104269
104270
104272
104273
104274
104275
104276
104278
104279
104280
104281
104282
104284
104285
104287
104288
104289
104291
104292
104293
104295
104296
104297
104299
104301
104302
104303
104305
104307
104308
104309
104311
104313
104314
104315
104317
104318
104319
104320
104321
104322
104323
104324
104325
104326
104327
104328
104329
104330
104331
104332
104333
104334
104335
104336
104337
104341
104342
104343
104344
104345
104346
104347
104351
104355
104357
104359
104363
104364
104365
104366
104367
104376
104377
104379
104380
104382
104383
104393
104394
104395
104396
104397
104398
104399
104400
104401
104402
104404
104405
104406
104407
104408
104409
104410
104411
104412
104414
104415
104419
104423
104424
104425
104426
104427
104428
104429
104430
104431
104432
104433
104434
104435
104436
104437
104438
104439
104440
104441
104442
104443
104447
104451
104452
104453
104454
104455
104456
104457
104458
104459
104460
104461
104462
104463
104465
104466
104467
104468
104469
104470
104471
104473
104474
104475
104477
104478
104479
104480
104481
104482
104483
104485
104486
104487
104488
104489
104490
104491
104492
104493
104494
104495
104496
104497
104498
104499
