360500
360501
360502
360503
360505
360506
360507
360508
360510
360511
360512
360513
360515
360516
360517
360518
360519
360520
360522
360523
360524
360525
360526
360528
360529
360530
360531
360532
360533
360534
360536
360537
360538
360539
360540
360541
360542
360543
360544
360545
360546
360547
360548
360550
360551
360552
360553
360554
360555
360557
360559
360561
360562
360563
360564
360565
360567
360568
360569
360571
360573
360574
360575
360576
360577
360578
360579
360580
360581
360582
360583
360584
360586
360588
360589
360590
360591
360592
360593
360594
360595
360596
360597
360598
360599
360600
360601
360602
360603
360604
360605
360608
360609
360610
360611
360612
360613
360614
360615
360616
360617
360619
360620
360621
360622
360623
360624
360625
360626
360627
360628
360629
360630
360631
360632
360633
360634
360635
360636
360637
360638
360639
360640
360641
360642
360643
360644
360645
360646
360649
360650
360651
360654
360655
360656
360657
360658
360659
360660
360661
360663
360664
360665
360666
360667
360668
360669
360670
360671
360672
360673
360674
360675
360676
360677
360678
360679
360680
360681
360682
360683
360684
360685
360686
360687
360688
360689
360690
360691
360692
360693
360694
360695
360696
360697
360698
360699
360700
360701
360702
360703
360704
360705
360706
360707
360708
360709
360710
360711
360712
360713
360714
360715
360716
360717
360718
360719
360720
360721
360724
360725
360726
360727
360728
360729
360730
360731
360732
360733
360734
360737
360738
360739
360741
360742
360743
360744
360746
360747
360748
360749
