34001
34002
34003
34004
34005
34007
34009
34010
34011
34012
34013
34015
34017
34018
34019
34020
34021
34023
34025
34026
34027
34029
34030
34031
34032
34034
34035
34036
34037
34038
34039
34040
34042
34044
34045
34046
34048
34049
34050
34052
34053
34054
34055
34058
34060
34061
34062
34063
34064
34065
34067
34069
34070
34071
34072
34073
34074
34075
34076
34077
34078
34079
34080
34081
34083
34084
34085
34086
34088
34091
34093
34100
34101
34102
34103
34104
34106
34107
34109
34110
34111
34112
34113
34114
34115
34116
34117
34118
34119
34120
34121
34122
34123
34124
34125
34126
34127
34128
34129
34130
34131
34133
34135
34136
34137
34138
34140
34141
34142
34143
34144
34145
34170
34171
34172
34173
34174
34175
34176
34177
34179
34181
34182
34183
34184
34186
34187
34189
34190
34192
34193
34194
34196
34197
34198
34199
34200
34201
34202
34203
34205
34206
34207
34208
34210
34211
34212
34213
34215
34216
34217
34218
34220
34221
34222
34223
34225
34226
34228
34229
34230
34231
34232
34233
34234
34235
34237
34238
34239
34240
34241
34243
34244
34245
34246
34247
34248
34249
