452500
452501
452502
452503
452504
452505
452506
452507
452508
452509
452510
452511
452512
452513
452514
452515
452516
452517
452519
452528
452530
452531
452532
452534
452535
452536
452537
452538
452539
452560
452561
452562
452564
452565
452566
452567
452568
452569
452570
452571
452572
452574
452575
452576
452577
452578
452579
452580
452581
452582
452583
452585
452586
452587
452588
452589
452590
452592
452594
452595
452597
452598
452600
452603
452604
452605
452606
452607
452608
452609
452610
452611
452612
452613
452614
452615
452616
452617
452618
452619
452620
452621
452622
452623
452624
452625
452626
452627
452628
452629
452630
452631
452632
452633
452634
452635
452636
452637
452638
452639
452641
452642
452643
452644
452646
452648
452649
452650
452651
452653
452655
452656
452657
452658
452660
452662
452663
452664
452665
452667
452669
452671
452673
452674
452675
452676
452677
452679
452681
452683
452685
452687
452688
452689
452693
452695
452696
452697
452698
452699
452700
452701
452702
452703
452704
452705
452706
452707
452708
452709
452710
452711
452712
452713
452714
452715
452716
452717
452718
452719
452720
452721
452722
452723
452724
452725
452726
452727
452728
452729
452730
452731
452732
452733
452734
452735
452736
452737
452738
452739
452740
452741
452742
452743
452745
452747
452749
