48250
48252
48256
48262
48263
48264
48265
48267
48269
48272
48273
48274
48275
48276
48277
48278
48279
48280
48281
48282
48283
48284
48285
48286
48287
48288
48289
48290
48291
48292
48293
48295
48296
48297
48298
48299
48300
48301
48302
48303
48304
48305
48308
48309
48310
48311
48312
48313
48314
48315
48316
48317
48318
48319
48320
48322
48323
48324
48325
48326
48327
48328
48330
48331
48332
48334
48335
48336
48337
48338
48339
48340
48341
48342
48343
48344
48345
48346
48347
48348
48349
48350
48363
48364
48365
48368
48369
48370
48371
48372
48373
48374
48375
48376
48377
48378
48379
48380
48381
48382
48383
48384
48385
48386
48387
48388
48389
48390
48391
48392
48393
48394
48395
48396
48397
48398
48400
48401
48402
48403
48404
48406
48407
48408
48409
48410
48411
48412
48414
48416
48417
48420
48421
48422
48423
48424
48425
48426
48427
48428
48429
48430
48431
48432
48433
48434
48435
48436
48437
48438
48439
48443
48444
48445
48446
48447
48448
48449
48450
48451
48452
48453
48454
48455
48457
48458
48459
48460
48461
48462
48463
48464
48465
48466
48467
48468
48470
48471
48472
48473
48474
48475
48476
48478
48479
48481
48483
48484
48485
48486
48487
48488
48489
48490
48491
48492
48493
48494
48495
48496
48497
48498
48499
