369757
369758
369760
369761
369763
369764
369765
369766
369768
369769
369770
369771
369772
369773
369774
369775
369776
369777
369778
369779
369780
369782
369783
369784
369785
369786
369787
369788
369789
369790
369791
369792
369793
369794
369795
369796
369797
369798
369800
369801
369802
369803
369804
369805
369806
369807
369808
369809
369812
369813
369814
369815
369816
369817
369818
369819
369821
369822
369823
369825
369826
369827
369829
369830
369831
369833
369834
369835
369837
369838
369839
369841
369842
369843
369845
369846
369847
369849
369850
369851
369853
369854
369855
369857
369858
369859
369861
369862
369863
369865
369866
369867
369869
369870
369871
369873
369874
369875
369877
369878
369879
369881
369882
369883
369885
369886
369887
369889
369890
369891
369893
369894
369895
369897
369898
369899
369901
369902
369903
369904
369905
369906
369907
369908
369909
369910
369911
369912
369913
369914
369915
369919
369920
369921
369922
369923
369924
369925
369926
369927
369928
369929
369930
369931
369932
369933
369934
369935
369936
369937
369938
369939
369940
369941
369942
369944
369946
369947
369948
369949
369950
369952
369953
369954
369956
369957
369958
369959
369960
369961
369962
369963
369964
369965
369967
369968
369969
369970
369974
369975
369976
369977
369978
369979
369980
369981
369982
369983
369984
369985
369987
369988
369989
369990
369991
369992
369993
369994
369995
369996
369998
369999
