16000
16001
16002
16003
16004
16007
16008
16009
16012
16013
16014
16016
16017
16018
16020
16022
16023
16024
16025
16027
16028
16029
16031
16032
16033
16035
16036
16037
16039
16040
16041
16043
16044
16045
16047
16048
16049
16051
16053
16054
16055
16056
16058
16059
16060
16062
16063
16064
16066
16067
16068
16070
16071
16072
16074
16075
16076
16078
16079
16080
16082
16083
16084
16086
16087
16088
16090
16091
16092
16094
16095
16096
16097
16099
16102
16103
16104
16107
16109
16110
16111
16112
16113
16114
16115
16116
16117
16118
16119
16121
16122
16124
16126
16127
16129
16131
16132
16134
16135
16136
16137
16139
16140
16141
16142
16143
16144
16145
16146
16147
16148
16149
16150
16152
16153
16154
16155
16156
16157
16158
16159
16161
16162
16163
16166
16167
16168
16171
16172
16175
16177
16179
16181
16182
16183
16185
16186
16187
16188
16189
16192
16194
16195
16196
16197
16198
16199
16201
16202
16203
16204
16205
16208
16209
16210
16211
16212
16213
16214
16215
16216
16217
16218
16219
16220
16221
16222
16223
16224
16225
16226
16227
16228
16229
16230
16231
16232
16233
16234
16236
16237
16238
16241
16242
16243
16244
16245
16246
16248
16249
