228501
228502
228503
228505
228506
228507
228508
228509
228510
228511
228512
228513
228514
228515
228517
228518
228519
228520
228521
228522
228523
228524
228525
228526
228527
228528
228529
228530
228531
228532
228533
228534
228536
228537
228539
228540
228541
228543
228544
228545
228546
228547
228548
228549
228550
228551
228553
228554
228555
228556
228557
228558
228559
228560
228561
228562
228563
228565
228566
228567
228568
228569
228570
228571
228572
228574
228575
228576
228577
228579
228580
228581
228582
228584
228585
228586
228588
228589
228590
228591
228592
228593
228594
228596
228597
228598
228599
228600
228601
228602
228603
228605
228606
228607
228610
228611
228614
228615
228616
228617
228619
228620
228621
228623
228624
228625
228626
228627
228628
228629
228632
228635
228636
228637
228640
228641
228642
228643
228644
228645
228646
228647
228648
228650
228652
228653
228654
228655
228656
228657
228658
228659
228660
228661
228662
228663
228664
228665
228666
228667
228668
228669
228670
228672
228673
228674
228676
228677
228678
228679
228680
228682
228683
228684
228686
228687
228688
228689
228690
228692
228693
228694
228696
228697
228698
228699
228700
228701
228703
228704
228706
228707
228708
228709
228710
228711
228712
228713
228714
228715
228716
228717
228718
228719
228720
228721
228722
228723
228724
228725
228728
228729
228731
228734
228735
228736
228737
228738
228739
228740
228742
228743
228744
228746
228747
228748
228749
