101750
101751
101752
101753
101754
101756
101758
101759
101760
101761
101763
101764
101765
101766
101768
101769
101770
101772
101773
101775
101776
101777
101778
101779
101780
101781
101782
101783
101784
101785
101786
101787
101788
101789
101790
101791
101792
101793
101794
101795
101796
101797
101798
101799
101800
101801
101802
101803
101804
101805
101806
101807
101808
101809
101810
101811
101812
101813
101814
101815
101816
101817
101818
101819
101820
101821
101822
101823
101824
101825
101826
101827
101830
101831
101832
101834
101835
101836
101837
101840
101841
101842
101844
101847
101848
101849
101850
101851
101852
101853
101854
101855
101857
101858
101859
101861
101862
101863
101864
101865
101866
101867
101868
101869
101870
101871
101872
101873
101874
101875
101876
101877
101878
101879
101880
101881
101882
101883
101884
101885
101886
101887
101888
101889
101890
101891
101893
101894
101895
101896
101897
101898
101899
101900
101901
101902
101903
101904
101905
101906
101908
101910
101912
101913
101914
101915
101916
101917
101918
101919
101920
101921
101922
101923
101924
101925
101926
101927
101928
101929
101931
101932
101934
101935
101937
101938
101940
101941
101942
101943
101945
101946
101947
101948
101949
101950
101951
101952
101953
101954
101955
101956
101957
101959
101960
101961
101962
101963
101964
101965
101966
101967
101968
101969
101970
101971
101972
101973
101974
101975
101976
101977
101979
101980
101981
101982
101984
101985
101986
101987
101988
101989
101992
101993
101994
101995
101996
101997
101998
101999
