175000
175001
175002
175003
175004
175005
175006
175007
175008
175009
175010
175012
175013
175014
175015
175017
175018
175020
175021
175022
175023
175027
175028
175029
175033
175034
175036
175037
175038
175039
175040
175042
175043
175044
175045
175046
175048
175049
175050
175052
175055
175056
175057
175058
175060
175061
175062
175063
175064
175065
175068
175069
175071
175072
175075
175076
175077
175078
175079
175081
175082
175083
175085
175086
175087
175088
175089
175090
175092
175093
175094
175096
175097
175098
175108
175110
175111
175113
175114
175115
175116
175122
175123
175125
175126
175128
175130
175131
175133
175134
175136
175137
175139
175140
175142
175143
175144
175145
175146
175149
175150
175152
175153
175154
175155
175156
175157
175160
175161
175162
175163
175165
175166
175167
175168
175169
175170
175171
175172
175173
175174
175175
175177
175179
175180
175182
175183
175184
175185
175186
175189
175190
175191
175193
175195
175196
175198
175199
175201
175202
175204
175205
175206
175207
175208
175209
175213
175214
175215
175219
175220
175221
175222
175223
175224
175225
175226
175227
175228
175229
175231
175232
175233
175234
175235
175236
175238
175239
175240
175241
175242
175243
175245
175246
175247
175248
175249
