287000
287001
287002
287003
287004
287005
287010
287011
287012
287013
287014
287015
287016
287017
287018
287019
287020
287021
287022
287023
287024
287025
287026
287027
287028
287029
287030
287031
287032
287033
287034
287037
287038
287040
287041
287043
287044
287045
287046
287047
287049
287050
287051
287053
287054
287056
287057
287058
287059
287060
287061
287062
287063
287064
287065
287066
287067
287068
287069
287070
287071
287072
287073
287074
287075
287076
287077
287078
287079
287080
287081
287082
287083
287084
287085
287086
287087
287088
287089
287091
287092
287093
287094
287095
287096
287098
287099
287100
287102
287103
287105
287106
287107
287108
287109
287110
287111
287113
287115
287116
287118
287120
287121
287123
287125
287126
287128
287130
287131
287133
287134
287136
287138
287141
287142
287143
287144
287145
287146
287148
287149
287150
287151
287152
287153
287154
287156
287157
287158
287159
287160
287161
287162
287163
287164
287165
287168
287169
287170
287171
287172
287173
287174
287175
287176
287177
287178
287179
287180
287182
287183
287184
287185
287186
287187
287188
287190
287192
287193
287194
287195
287196
287197
287198
287199
287200
287201
287202
287203
287204
287205
287206
287207
287208
287210
287212
287213
287214
287215
287217
287218
287219
287220
287222
287224
287225
287226
287227
287228
287229
287230
287232
287233
287234
287236
287237
287238
287239
287240
287241
287242
287243
287244
287245
287246
287247
287248
287249
