410000
410003
410004
410005
410006
410007
410008
410009
410010
410011
410012
410013
410015
410016
410017
410018
410019
410020
410021
410022
410023
410024
410025
410026
410027
410028
410029
410030
410031
410032
410033
410034
410035
410036
410037
410038
410039
410040
410041
410042
410043
410044
410045
410046
410047
410048
410049
410050
410051
410052
410053
410054
410055
410056
410057
410058
410059
410060
410061
410062
410063
410064
410065
410066
410067
410068
410069
410070
410071
410072
410073
410074
410075
410076
410077
410078
410079
410080
410081
410082
410083
410084
410085
410086
410087
410088
410089
410090
410091
410092
410093
410094
410095
410096
410097
410098
410099
410100
410101
410102
410103
410104
410105
410106
410107
410108
410110
410112
410113
410114
410115
410116
410117
410119
410120
410121
410122
410123
410124
410125
410126
410127
410128
410129
410130
410131
410133
410135
410136
410137
410138
410139
410140
410141
410142
410143
410145
410146
410147
410148
410150
410151
410152
410153
410154
410155
410156
410157
410158
410159
410160
410161
410162
410163
410164
410165
410166
410167
410168
410169
410170
410171
410172
410173
410175
410177
410178
410179
410180
410181
410182
410183
410184
410185
410186
410187
410188
410189
410190
410191
410192
410193
410195
410198
410199
410200
410201
410202
410203
410204
410205
410208
410209
410212
410213
410214
410215
410216
410217
410218
410219
410222
410225
410226
410227
410228
410231
410232
410233
410234
410237
410238
410239
410240
410243
410244
410245
410246
410249
