230751
230752
230753
230755
230756
230757
230758
230759
230760
230761
230762
230763
230764
230765
230766
230767
230768
230769
230770
230773
230774
230777
230778
230779
230780
230781
230782
230783
230784
230785
230786
230787
230788
230789
230790
230792
230793
230794
230795
230796
230797
230798
230799
230800
230801
230802
230804
230805
230806
230807
230808
230809
230810
230811
230813
230814
230815
230816
230817
230818
230819
230820
230822
230823
230824
230825
230826
230827
230828
230829
230831
230832
230833
230834
230835
230836
230837
230838
230840
230841
230842
230843
230844
230845
230846
230847
230849
230850
230851
230852
230853
230854
230855
230856
230858
230859
230860
230861
230862
230863
230864
230865
230866
230867
230869
230870
230871
230872
230873
230874
230875
230876
230878
230879
230880
230881
230882
230883
230884
230885
230887
230888
230889
230890
230891
230892
230893
230895
230896
230898
230899
230900
230901
230903
230904
230906
230907
230908
230909
230911
230912
230917
230918
230919
230920
230921
230923
230924
230925
230926
230927
230928
230929
230931
230932
230933
230934
230935
230936
230937
230938
230940
230941
230942
230943
230944
230945
230946
230947
230949
230950
230951
230952
230955
230956
230957
230958
230959
230960
230962
230963
230964
230965
230966
230967
230968
230969
230971
230972
230973
230974
230975
230976
230977
230978
230980
230981
230982
230983
230984
230985
230986
230987
230989
230990
230991
230992
230993
230994
230995
230996
230998
230999
