79500
79501
79502
79503
79504
79505
79506
79507
79508
79509
79511
79512
79513
79514
79515
79516
79517
79518
79519
79520
79521
79522
79523
79533
79534
79535
79536
79537
79538
79539
79541
79542
79543
79544
79545
79546
79547
79548
79550
79551
79552
79553
79554
79555
79556
79557
79558
79559
79560
79561
79562
79563
79564
79566
79567
79568
79569
79571
79572
79573
79575
79576
79577
79578
79580
79581
79582
79583
79584
79585
79586
79587
79588
79589
79590
79591
79592
79593
79594
79595
79596
79597
79598
79599
79600
79601
79602
79603
79604
79605
79606
79607
79609
79610
79611
79612
79613
79614
79615
79616
79617
79620
79621
79624
79625
79626
79627
79628
79629
79630
79631
79632
79633
79634
79635
79636
79639
79640
79641
79642
79644
79645
79646
79647
79648
79649
79650
79651
79652
79653
79656
79657
79658
79659
79660
79661
79664
79666
79667
79669
79670
79672
79673
79676
79677
79678
79679
79680
79683
79684
79685
79686
79687
79688
79689
79691
79692
79694
79695
79696
79697
79699
79700
79701
79702
79703
79704
79705
79706
79707
79708
79709
79713
79715
79717
79719
79720
79721
79723
79724
79725
79726
79727
79728
79729
79730
79734
79735
79736
79737
79738
79739
79740
79742
79744
79745
79746
79747
79748
79749
