42750
42752
42753
42754
42755
42756
42757
42758
42759
42760
42761
42762
42763
42764
42765
42766
42767
42768
42769
42770
42771
42773
42774
42776
42777
42779
42782
42783
42785
42786
42787
42789
42791
42792
42793
42794
42795
42800
42801
42802
42803
42804
42805
42806
42807
42808
42810
42811
42812
42814
42815
42816
42818
42819
42822
42823
42827
42831
42833
42834
42835
42836
42837
42838
42839
42840
42841
42842
42844
42845
42846
42847
42848
42849
42851
42852
42853
42858
42859
42860
42861
42862
42863
42864
42868
42869
42871
42872
42873
42874
42875
42876
42877
42878
42879
42880
42881
42882
42883
42885
42886
42887
42889
42890
42891
42892
42894
42895
42896
42897
42898
42899
42900
42901
42902
42903
42904
42905
42906
42907
42908
42911
42912
42913
42914
42915
42916
42917
42918
42919
42920
42921
42922
42926
42927
42928
42930
42931
42932
42933
42934
42936
42937
42938
42939
42940
42941
42942
42943
42944
42946
42947
42948
42949
42950
42951
42953
42954
42955
42956
42957
42958
42965
42967
42968
42969
42971
42972
42973
42974
42975
42976
42977
42978
42981
42984
42987
42988
42989
