398250
398251
398253
398254
398255
398256
398257
398258
398259
398260
398261
398262
398263
398264
398265
398269
398273
398277
398281
398285
398289
398293
398294
398295
398296
398297
398298
398299
398301
398303
398304
398305
398306
398307
398308
398309
398310
398313
398314
398315
398316
398317
398318
398319
398320
398321
398322
398323
398324
398325
398326
398327
398328
398329
398330
398331
398332
398333
398334
398335
398336
398337
398338
398339
398341
398342
398343
398344
398345
398346
398347
398348
398349
398350
398354
398356
398357
398358
398359
398360
398362
398364
398365
398366
398367
398368
398371
398372
398373
398374
398375
398376
398377
398378
398379
398380
398381
398382
398383
398384
398385
398386
398387
398388
398390
398391
398392
398393
398394
398395
398396
398397
398399
398400
398402
398403
398405
398407
398409
398410
398411
398412
398413
398414
398415
398417
398418
398419
398420
398421
398422
398423
398424
398425
398426
398427
398430
398432
398433
398434
398435
398437
398438
398439
398440
398441
398442
398443
398444
398445
398446
398449
398450
398451
398453
398454
398457
398460
398461
398464
398466
398467
398468
398469
398470
398471
398472
398473
398474
398475
398476
398477
398478
398479
398480
398481
398482
398483
398484
398485
398486
398487
398488
398490
398491
398492
398493
398494
398495
398496
398497
398498
398499
