263750
263751
263753
263754
263755
263756
263757
263758
263759
263760
263761
263762
263763
263764
263765
263767
263768
263769
263770
263771
263772
263773
263774
263775
263776
263777
263778
263779
263780
263781
263782
263783
263785
263786
263787
263788
263789
263790
263791
263792
263793
263794
263795
263796
263797
263798
263800
263801
263802
263804
263805
263806
263807
263808
263810
263811
263812
263814
263815
263816
263817
263818
263819
263820
263821
263822
263823
263825
263826
263827
263828
263829
263830
263831
263832
263835
263836
263837
263838
263839
263840
263841
263842
263843
263844
263845
263846
263847
263848
263850
263851
263852
263853
263854
263855
263856
263857
263858
263859
263860
263861
263862
263863
263864
263865
263866
263867
263868
263870
263871
263872
263873
263874
263875
263876
263877
263878
263879
263880
263881
263882
263883
263884
263885
263886
263887
263889
263890
263891
263892
263893
263895
263897
263898
263899
263900
263901
263902
263904
263905
263906
263907
263908
263909
263911
263914
263916
263918
263920
263922
263924
263926
263927
263928
263929
263930
263931
263932
263933
263934
263935
263936
263937
263938
263940
263941
263942
263943
263944
263946
263947
263948
263949
263950
263951
263952
263953
263954
263955
263956
263957
263958
263959
263960
263961
263962
263964
263965
263966
263967
263968
263969
263970
263971
263972
263973
263974
263975
263976
263977
263979
263980
263981
263982
263984
263985
263986
263988
263990
263991
263992
263994
263995
263996
263997
263998
263999
