344500
344502
344504
344505
344506
344507
344509
344510
344511
344512
344513
344514
344515
344516
344517
344518
344520
344521
344522
344523
344524
344526
344527
344528
344529
344530
344531
344532
344533
344534
344535
344536
344537
344538
344539
344540
344541
344542
344543
344544
344545
344546
344548
344550
344552
344553
344554
344555
344556
344557
344558
344559
344560
344561
344562
344563
344564
344565
344566
344567
344568
344570
344571
344572
344573
344574
344575
344576
344578
344580
344581
344582
344583
344584
344585
344586
344587
344588
344589
344590
344592
344593
344594
344595
344596
344597
344598
344599
344601
344602
344603
344604
344605
344606
344607
344608
344609
344610
344611
344612
344614
344615
344616
344617
344618
344619
344621
344622
344623
344624
344625
344626
344627
344629
344630
344631
344632
344635
344636
344637
344638
344639
344640
344641
344642
344643
344644
344645
344646
344647
344648
344649
344650
344651
344652
344653
344654
344656
344657
344658
344660
344661
344662
344663
344664
344665
344666
344668
344669
344670
344671
344672
344673
344674
344675
344676
344677
344678
344679
344680
344681
344682
344683
344684
344685
344686
344690
344691
344692
344694
344697
344698
344699
344700
344702
344705
344706
344707
344708
344710
344713
344714
344715
344716
344720
344723
344724
344725
344726
344727
344728
344729
344732
344735
344738
344739
344740
344741
344742
344743
344744
344745
344746
344747
344748
344749
