16750
16751
16752
16753
16755
16756
16757
16758
16759
16760
16762
16763
16766
16767
16768
16769
16770
16771
16772
16773
16774
16776
16777
16778
16779
16780
16781
16783
16784
16785
16786
16787
16788
16789
16791
16792
16795
16796
16798
16799
16800
16801
16802
16810
16811
16812
16813
16814
16815
16816
16817
16818
16819
16820
16821
16822
16823
16824
16825
16826
16827
16829
16830
16831
16832
16834
16835
16836
16837
16838
16839
16842
16843
16844
16846
16847
16848
16849
16850
16851
16852
16853
16854
16855
16856
16857
16858
16859
16860
16861
16862
16863
16864
16865
16866
16869
16870
16871
16872
16875
16876
16877
16878
16879
16880
16881
16882
16883
16884
16885
16886
16887
16888
16889
16890
16891
16892
16893
16894
16895
16896
16897
16898
16900
16901
16902
16911
16915
16917
16920
16921
16923
16924
16925
16926
16927
16928
16929
16930
16931
16933
16934
16936
16937
16938
16939
16941
16943
16944
16945
16946
16948
16949
16950
16951
16952
16953
16956
16957
16959
16962
16963
16964
16966
16967
16973
16974
16976
16977
16978
16979
16981
16982
16983
16984
16985
16986
16987
16988
16989
16990
16991
16992
16993
16994
16995
16996
16997
16998
16999
