103500
103501
103502
103503
103504
103505
103506
103507
103508
103509
103510
103511
103512
103513
103514
103515
103516
103517
103518
103522
103523
103527
103528
103529
103530
103532
103533
103534
103535
103537
103539
103540
103541
103542
103543
103544
103545
103546
103547
103548
103551
103553
103556
103558
103561
103563
103564
103565
103566
103569
103571
103572
103573
103574
103575
103576
103577
103579
103581
103582
103583
103584
103585
103586
103587
103589
103590
103591
103595
103598
103601
103603
103604
103605
103606
103607
103608
103609
103610
103611
103612
103613
103614
103615
103616
103617
103618
103619
103620
103621
103623
103624
103625
103626
103627
103628
103629
103630
103631
103632
103633
103634
103636
103637
103638
103639
103640
103641
103642
103643
103644
103646
103647
103648
103650
103651
103652
103654
103656
103657
103658
103659
103660
103663
103664
103665
103666
103667
103668
103669
103670
103672
103674
103675
103676
103678
103679
103680
103681
103683
103684
103685
103687
103688
103689
103691
103692
103693
103694
103695
103696
103697
103698
103699
103700
103701
103702
103703
103704
103705
103706
103707
103708
103709
103710
103714
103718
103719
103720
103721
103722
103723
103724
103726
103729
103730
103731
103732
103733
103735
103736
103738
103740
103741
103742
103743
