268250
268251
268252
268253
268255
268256
268258
268260
268261
268264
268265
268267
268268
268269
268270
268271
268272
268273
268275
268276
268277
268278
268279
268280
268281
268282
268283
268284
268285
268287
268288
268289
268290
268291
268292
268294
268295
268296
268297
268298
268299
268300
268301
268302
268303
268304
268305
268308
268309
268310
268311
268313
268314
268315
268316
268317
268318
268319
268320
268321
268324
268325
268326
268327
268328
268329
268330
268331
268332
268333
268334
268336
268337
268338
268339
268340
268341
268342
268344
268345
268346
268347
268348
268349
268351
268352
268353
268354
268355
268356
268357
268359
268361
268363
268364
268365
268367
268368
268369
268370
268372
268373
268374
268375
268376
268377
268378
268379
268380
268381
268382
268383
268385
268386
268389
268390
268391
268393
268394
268396
268399
268400
268401
268404
268406
268407
268408
268409
268412
268414
268415
268416
268417
268418
268419
268420
268422
268423
268424
268426
268428
268430
268432
268433
268435
268436
268437
268438
268439
268440
268441
268442
268443
268444
268445
268446
268447
268450
268452
268453
268454
268456
268457
268458
268460
268461
268462
268463
268465
268466
268467
268468
268469
268470
268471
268472
268473
268474
268475
268476
268478
268479
268480
268481
268482
268483
268484
268486
268487
268488
268489
268490
268491
268492
268493
268494
268495
268496
268498
268499
