288501
288502
288503
288504
288506
288507
288508
288509
288510
288511
288512
288513
288514
288515
288516
288517
288518
288520
288521
288525
288527
288528
288529
288530
288531
288533
288534
288535
288536
288537
288539
288540
288541
288542
288543
288544
288545
288547
288549
288550
288551
288553
288554
288555
288557
288558
288559
288561
288563
288564
288565
288566
288567
288569
288570
288571
288573
288574
288575
288576
288577
288578
288581
288582
288583
288585
288586
288587
288588
288591
288592
288593
288594
288595
288596
288597
288598
288599
288600
288601
288602
288604
288605
288606
288608
288609
288610
288611
288612
288613
288614
288615
288617
288618
288619
288620
288621
288622
288624
288625
288627
288628
288629
288630
288632
288633
288634
288635
288636
288637
288638
288639
288640
288641
288642
288643
288644
288645
288646
288647
288649
288650
288651
288652
288653
288654
288655
288656
288657
288658
288659
288660
288662
288663
288665
288666
288667
288668
288670
288671
288673
288674
288675
288676
288677
288678
288679
288680
288681
288682
288683
288684
288685
288686
288687
288689
288690
288691
288692
288693
288694
288695
288696
288697
288698
288699
288700
288701
288703
288704
288705
288706
288708
288709
288710
288711
288712
288713
288715
288716
288717
288718
288719
288720
288721
288722
288723
288724
288725
288726
288727
288728
288729
288731
288732
288733
288734
288735
288736
288739
288740
288741
288742
288743
288744
288745
288746
288748
288749
