440750
440752
440754
440756
440758
440761
440762
440763
440764
440767
440768
440769
440770
440771
440772
440773
440774
440775
440777
440778
440780
440781
440782
440784
440785
440786
440787
440790
440791
440792
440794
440795
440796
440797
440798
440799
440800
440801
440802
440804
440805
440807
440808
440809
440810
440812
440813
440814
440815
440816
440817
440818
440819
440820
440822
440823
440824
440825
440826
440827
440828
440829
440830
440831
440832
440833
440835
440836
440837
440838
440841
440842
440843
440844
440845
440846
440847
440848
440849
440850
440852
440854
440855
440856
440857
440859
440860
440861
440862
440863
440864
440866
440867
440868
440869
440870
440871
440873
440874
440876
440877
440878
440879
440880
440881
440882
440883
440885
440886
440887
440888
440889
440890
440892
440893
440895
440896
440897
440898
440899
440900
440901
440902
440903
440904
440905
440906
440907
440908
440913
440914
440915
440916
440917
440918
440919
440920
440921
440922
440923
440924
440925
440926
440927
440929
440930
440931
440932
440933
440934
440935
440936
440937
440938
440939
440940
440941
440942
440943
440944
440945
440946
440947
440948
440949
440950
440951
440952
440953
440954
440955
440956
440957
440958
440960
440961
440962
440963
440965
440966
440967
440969
440970
440971
440972
440973
440974
440975
440976
440980
440981
440982
440983
440984
440985
440987
440988
440989
440990
440991
440992
440993
440994
440995
440996
440997
440998
440999
