356001
356002
356003
356004
356005
356006
356007
356010
356011
356012
356013
356014
356015
356017
356018
356019
356020
356021
356022
356023
356024
356025
356028
356029
356032
356033
356036
356037
356040
356041
356044
356045
356048
356049
356052
356053
356056
356057
356058
356059
356060
356061
356062
356063
356064
356067
356068
356071
356072
356073
356074
356075
356076
356077
356078
356081
356082
356085
356086
356087
356088
356089
356090
356091
356092
356093
356095
356096
356097
356099
356101
356102
356103
356104
356105
356107
356108
356109
356110
356111
356112
356113
356114
356115
356116
356117
356118
356119
356120
356121
356122
356123
356124
356125
356126
356127
356128
356132
356133
356134
356135
356136
356137
356138
356139
356140
356141
356142
356143
356144
356145
356146
356147
356148
356149
356150
356151
356152
356153
356154
356155
356156
356157
356158
356159
356160
356161
356162
356163
356164
356165
356166
356167
356168
356169
356171
356172
356173
356174
356175
356176
356177
356178
356179
356180
356181
356182
356183
356184
356185
356186
356187
356188
356190
356191
356192
356193
356194
356195
356196
356197
356198
356200
356201
356202
356203
356204
356206
356207
356208
356209
356210
356211
356212
356213
356215
356216
356217
356219
356220
356221
356222
356223
356224
356225
356226
356227
356228
356229
356230
356232
356233
356234
356235
356236
356237
356238
356239
356240
356241
356242
356243
356244
356245
356246
356247
356248
356249
