412500
412501
412502
412503
412504
412505
412506
412507
412508
412509
412510
412511
412512
412513
412514
412515
412516
412517
412518
412519
412520
412521
412522
412524
412525
412526
412527
412528
412529
412530
412531
412532
412533
412534
412535
412536
412537
412539
412541
412543
412544
412546
412547
412548
412549
412550
412551
412552
412553
412554
412555
412556
412557
412558
412561
412562
412563
412564
412566
412567
412570
412571
412572
412573
412575
412576
412577
412578
412579
412580
412581
412582
412583
412584
412585
412586
412587
412589
412591
412593
412594
412595
412597
412598
412599
412600
412601
412602
412603
412604
412605
412606
412607
412608
412609
412610
412613
412614
412615
412616
412617
412618
412619
412621
412622
412623
412624
412626
412627
412628
412629
412632
412633
412634
412635
412636
412637
412639
412640
412641
412644
412645
412646
412649
412650
412651
412652
412653
412654
412655
412656
412659
412660
412661
412662
412663
412664
412665
412666
412667
412668
412669
412670
412671
412672
412675
412677
412678
412679
412680
412681
412682
412683
412684
412685
412686
412687
412688
412689
412690
412691
412692
412693
412695
412696
412698
412699
412701
412702
412703
412704
412705
412706
412707
412708
412709
412711
412712
412713
412714
412715
412717
412720
412723
412726
412727
412728
412729
412730
412731
412732
412733
412734
412735
412736
412737
412738
412739
412740
412741
412742
412743
412744
412745
412746
412747
412748
412749
