386000
386001
386002
386003
386004
386005
386007
386008
386009
386011
386012
386013
386015
386016
386017
386018
386019
386020
386021
386023
386024
386025
386026
386027
386028
386029
386032
386033
386034
386035
386036
386038
386040
386041
386042
386043
386044
386045
386046
386047
386048
386049
386050
386051
386052
386054
386056
386058
386059
386060
386061
386062
386063
386064
386065
386066
386067
386068
386070
386072
386073
386075
386077
386078
386080
386082
386083
386084
386085
386086
386087
386088
386089
386090
386091
386092
386093
386094
386095
386096
386097
386098
386099
386102
386103
386104
386105
386107
386108
386109
386110
386111
386112
386113
386116
386118
386120
386121
386123
386125
386126
386127
386128
386129
386130
386131
386132
386133
386134
386135
386136
386137
386138
386139
386140
386141
386142
386143
386144
386145
386147
386148
386149
386150
386151
386152
386153
386154
386155
386157
386160
386161
386162
386163
386164
386165
386166
386167
386169
386170
386171
386172
386173
386175
386177
386179
386180
386181
386182
386183
386184
386185
386186
386187
386189
386190
386191
386192
386193
386194
386195
386196
386197
386198
386199
386200
386201
386202
386203
386204
386205
386206
386208
386209
386210
386211
386213
386214
386215
386217
386218
386219
386220
386221
386222
386223
386224
386225
386227
386228
386229
386231
386232
386233
386235
386237
386238
386240
386242
386243
386245
386246
386247
386248
386249
