463750
463751
463752
463753
463754
463755
463756
463757
463758
463759
463760
463761
463763
463764
463765
463766
463767
463768
463769
463770
463771
463772
463773
463778
463779
463780
463781
463782
463783
463784
463785
463786
463787
463788
463789
463790
463791
463792
463793
463794
463797
463798
463799
463800
463801
463802
463804
463805
463806
463808
463809
463810
463811
463812
463813
463814
463815
463817
463818
463819
463820
463821
463822
463823
463824
463826
463827
463828
463829
463830
463831
463832
463833
463835
463836
463837
463838
463839
463840
463841
463842
463844
463845
463846
463847
463848
463849
463850
463851
463853
463854
463855
463856
463857
463858
463859
463860
463861
463863
463864
463865
463866
463868
463869
463870
463871
463872
463873
463874
463875
463876
463877
463878
463879
463880
463881
463882
463883
463884
463885
463886
463887
463888
463889
463890
463891
463892
463893
463894
463895
463896
463898
463899
463900
463901
463902
463903
463904
463906
463907
463908
463909
463910
463911
463912
463913
463915
463916
463917
463918
463919
463920
463921
463922
463923
463924
463925
463926
463928
463929
463930
463932
463933
463934
463936
463937
463938
463940
463941
463942
463943
463944
463947
463949
463950
463952
463953
463954
463955
463957
463958
463960
463961
463962
463963
463964
463965
463966
463967
463968
463969
463970
463972
463973
463974
463975
463976
463977
463978
463979
463980
463981
463982
463983
463984
463985
463986
463987
463988
463989
463990
463991
463992
463993
463994
463995
463996
463997
463998
463999
