426000
426002
426003
426004
426005
426006
426007
426008
426009
426010
426011
426012
426013
426014
426015
426016
426017
426018
426019
426020
426021
426022
426023
426024
426025
426026
426027
426028
426030
426031
426033
426034
426036
426037
426038
426039
426040
426041
426042
426045
426048
426050
426051
426052
426054
426055
426056
426057
426058
426059
426060
426061
426062
426063
426064
426065
426066
426067
426068
426069
426070
426071
426072
426073
426074
426076
426077
426078
426079
426080
426081
426082
426083
426084
426085
426086
426087
426088
426092
426093
426096
426097
426098
426102
426103
426106
426107
426108
426109
426110
426111
426112
426113
426114
426115
426116
426117
426118
426120
426121
426123
426124
426125
426126
426127
426128
426129
426130
426131
426133
426134
426135
426136
426137
426138
426139
426140
426141
426142
426143
426144
426145
426146
426147
426148
426149
426150
426151
426152
426153
426156
426158
426159
426160
426161
426164
426165
426166
426167
426168
426169
426171
426173
426174
426176
426178
426179
426180
426182
426184
426186
426187
426188
426189
426190
426194
426195
426210
426212
426214
426215
426216
426217
426218
426219
426220
426221
426222
426223
426224
426225
426226
426227
426228
426229
426230
426231
426232
426233
426234
426235
426236
426237
426239
426240
426241
426242
426244
426245
426246
426247
