46750
46751
46752
46753
46754
46760
46761
46763
46764
46765
46766
46767
46768
46769
46771
46772
46774
46775
46776
46777
46778
46779
46780
46781
46782
46783
46785
46787
46788
46789
46790
46791
46792
46793
46794
46795
46800
46801
46802
46811
46814
46815
46816
46817
46818
46819
46820
46821
46822
46823
46824
46825
46826
46827
46828
46829
46830
46831
46832
46833
46834
46835
46836
46837
46838
46839
46840
46841
46842
46843
46844
46845
46846
46847
46848
46850
46851
46853
46854
46855
46856
46857
46858
46859
46860
46861
46862
46863
46864
46865
46866
46868
46869
46876
46877
46878
46880
46882
46884
46885
46886
46887
46888
46890
46892
46893
46894
46895
46896
46897
46898
46899
46900
46901
46902
46903
46905
46909
46910
46911
46912
46913
46914
46915
46916
46917
46918
46919
46920
46923
46924
46925
46926
46927
46928
46929
46930
46931
46932
46933
46934
46935
46936
46937
46938
46939
46941
46942
46943
46944
46945
46946
46947
46948
46949
46950
46951
46952
46953
46954
46955
46956
46957
46958
46959
46960
46962
46963
46964
46965
46966
46967
46968
46970
46971
46973
46974
46975
46976
46977
46979
46980
46981
46982
46984
46991
46992
46993
46994
46995
46996
46997
46998
46999
