257500
257502
257503
257504
257505
257506
257507
257508
257509
257510
257511
257512
257513
257515
257516
257517
257518
257519
257520
257521
257522
257523
257527
257528
257531
257532
257533
257534
257535
257536
257537
257538
257539
257540
257541
257543
257544
257545
257546
257547
257548
257549
257550
257551
257552
257553
257554
257555
257556
257557
257558
257559
257560
257561
257562
257564
257566
257567
257568
257569
257570
257572
257573
257574
257575
257576
257577
257579
257580
257581
257582
257583
257584
257585
257586
257587
257590
257592
257594
257595
257596
257597
257598
257599
257600
257601
257602
257603
257604
257605
257606
257607
257610
257611
257612
257613
257614
257615
257616
257618
257619
257620
257621
257622
257623
257624
257625
257626
257627
257628
257629
257630
257631
257632
257633
257635
257637
257638
257639
257640
257641
257642
257643
257644
257647
257648
257649
257651
257652
257655
257656
257657
257659
257660
257661
257662
257663
257665
257666
257667
257668
257670
257672
257673
257674
257676
257677
257678
257682
257683
257684
257685
257686
257687
257688
257689
257691
257692
257693
257694
257696
257697
257698
257699
257701
257702
257704
257706
257707
257708
257709
257710
257711
257712
257713
257714
257715
257717
257718
257719
257720
257721
257723
257724
257725
257726
257727
257728
257729
257730
257731
257733
257734
257735
257736
257737
257739
257740
257741
257742
257744
257746
257747
257748
257749
