36750
36752
36753
36755
36756
36757
36759
36760
36761
36762
36764
36765
36766
36768
36769
36770
36771
36773
36774
36775
36777
36778
36779
36780
36783
36784
36793
36795
36796
36798
36799
36800
36801
36805
36806
36807
36808
36809
36810
36812
36813
36817
36820
36821
36824
36825
36826
36827
36828
36829
36830
36831
36833
36834
36835
36836
36837
36838
36840
36843
36846
36849
36852
36853
36854
36855
36856
36857
36858
36859
36860
36861
36862
36863
36865
36866
36868
36869
36870
36871
36872
36873
36878
36879
36880
36881
36882
36883
36884
36885
36887
36888
36889
36890
36891
36892
36893
36894
36895
36896
36897
36899
36902
36903
36904
36906
36907
36909
36910
36911
36912
36913
36916
36917
36918
36919
36920
36922
36923
36927
36928
36929
36930
36931
36932
36933
36934
36935
36936
36937
36939
36940
36942
36943
36944
36946
36948
36950
36951
36952
36953
36954
36955
36956
36957
36958
36959
36960
36962
36963
36965
36966
36968
36969
36974
36978
36982
36986
36988
36989
36990
36991
36992
36994
36995
36996
36997
36998
36999
