177000
177001
177002
177003
177004
177005
177006
177007
177008
177009
177010
177011
177012
177013
177014
177020
177021
177022
177023
177024
177025
177026
177027
177028
177029
177030
177031
177032
177033
177034
177035
177037
177038
177042
177043
177044
177045
177046
177047
177048
177051
177052
177053
177055
177056
177057
177058
177059
177060
177063
177064
177065
177067
177068
177069
177072
177074
177075
177076
177078
177079
177080
177081
177082
177083
177084
177085
177086
177087
177088
177089
177090
177091
177092
177093
177094
177095
177096
177097
177098
177099
177100
177101
177102
177103
177104
177105
177106
177108
177109
177110
177112
177113
177115
177117
177119
177120
177122
177123
177125
177127
177128
177130
177131
177133
177135
177136
177138
177139
177141
177143
177144
177146
177147
177149
177151
177152
177154
177155
177156
177157
177158
177159
177160
177161
177162
177163
177164
177165
177166
177167
177168
177169
177170
177171
177172
177173
177174
177175
177176
177177
177178
177179
177180
177181
177182
177183
177184
177185
177186
177188
177189
177190
177191
177192
177193
177195
177196
177197
177198
177199
177200
177202
177203
177204
177206
177207
177208
177209
177210
177211
177212
177213
177214
177215
177216
177217
177218
177219
177220
177221
177222
177223
177225
177228
177229
177230
177231
177233
177236
177237
177238
177239
177241
177244
177245
177246
177248
177249
