36251
36253
36254
36255
36256
36257
36258
36259
36260
36261
36262
36264
36265
36266
36267
36268
36269
36270
36271
36272
36273
36274
36276
36277
36278
36279
36280
36281
36284
36285
36286
36287
36288
36289
36290
36291
36292
36293
36294
36295
36297
36298
36299
36300
36301
36309
36314
36317
36318
36319
36320
36321
36322
36324
36326
36327
36328
36329
36330
36331
36332
36333
36334
36335
36336
36339
36340
36341
36342
36343
36344
36346
36347
36348
36352
36353
36354
36355
36356
36357
36359
36360
36361
36362
36364
36365
36367
36369
36370
36371
36372
36373
36374
36376
36377
36378
36379
36385
36387
36389
36391
36393
36394
36397
36398
36399
36400
36401
36402
36404
36406
36407
36408
36410
36411
36412
36413
36414
36415
36416
36417
36418
36419
36420
36421
36423
36424
36426
36427
36428
36429
36430
36431
36432
36436
36438
36439
36440
36441
36442
36443
36444
36445
36446
36447
36448
36449
36450
36452
36454
36455
36456
36457
36458
36459
36460
36461
36462
36463
36464
36465
36466
36467
36468
36469
36470
36472
36473
36474
36475
36476
36477
36478
36479
36480
36481
36482
36483
36484
36485
36486
36487
36488
36489
36490
36492
36493
36494
36495
36496
36498
