64250
64251
64252
64254
64255
64256
64257
64258
64259
64260
64262
64265
64268
64271
64272
64274
64275
64277
64278
64279
64283
64284
64285
64286
64288
64290
64291
64292
64294
64296
64297
64298
64299
64301
64302
64304
64305
64306
64307
64309
64310
64311
64312
64313
64314
64315
64316
64317
64319
64320
64321
64322
64323
64324
64325
64327
64329
64330
64331
64332
64333
64334
64335
64336
64337
64338
64339
64340
64341
64342
64343
64344
64345
64346
64347
64348
64349
64350
64351
64352
64353
64354
64355
64356
64357
64358
64361
64362
64363
64366
64368
64370
64371
64372
64373
64374
64375
64376
64377
64378
64379
64380
64381
64382
64383
64384
64385
64386
64387
64388
64389
64390
64391
64392
64393
64394
64396
64397
64398
64399
64400
64401
64402
64403
64404
64405
64406
64407
64408
64409
64410
64411
64412
64413
64414
64415
64416
64417
64418
64419
64420
64421
64422
64423
64424
64425
64426
64427
64428
64429
64430
64431
64432
64433
64434
64435
64437
64438
64439
64441
64443
64444
64446
64447
64448
64449
64450
64451
64452
64453
64454
64456
64457
64458
64459
64460
64462
64463
64464
64466
64468
64469
64470
64471
64474
64475
64476
64477
64478
64479
64480
64481
64482
64489
64490
64491
64492
64494
64496
64497
64498
64499
