415000
415001
415002
415003
415004
415005
415006
415007
415008
415011
415012
415013
415014
415015
415016
415018
415019
415021
415022
415023
415024
415025
415026
415027
415028
415029
415030
415031
415032
415033
415034
415035
415036
415037
415038
415039
415040
415041
415042
415043
415044
415045
415046
415047
415048
415049
415050
415051
415052
415053
415054
415055
415056
415057
415059
415060
415061
415062
415064
415066
415068
415069
415070
415071
415072
415073
415074
415075
415077
415078
415079
415081
415083
415084
415086
415087
415088
415091
415092
415094
415095
415096
415099
415100
415101
415102
415103
415104
415105
415107
415108
415109
415110
415112
415113
415115
415116
415117
415118
415119
415120
415121
415122
415123
415124
415125
415126
415127
415128
415129
415130
415131
415132
415133
415134
415135
415136
415137
415138
415139
415140
415141
415142
415143
415144
415145
415146
415147
415148
415149
415150
415151
415152
415153
415154
415155
415156
415158
415160
415161
415162
415163
415164
415165
415166
415167
415168
415169
415170
415171
415174
415175
415176
415177
415178
415180
415181
415182
415183
415184
415185
415186
415187
415188
415189
415190
415191
415192
415193
415194
415196
415197
415198
415199
415201
415202
415204
415205
415206
415208
415209
415211
415212
415213
415215
415216
415221
415222
415223
415225
415226
415227
415228
415229
415230
415231
415232
415233
415234
415235
415236
415237
415238
415239
415240
415241
415242
415244
415245
415247
415248
415249
