266750
266751
266752
266753
266754
266755
266756
266757
266758
266759
266760
266761
266762
266763
266764
266765
266766
266767
266768
266769
266770
266771
266772
266773
266774
266775
266776
266777
266778
266780
266781
266782
266784
266785
266788
266789
266790
266791
266792
266795
266796
266797
266798
266799
266802
266803
266804
266805
266806
266809
266810
266811
266812
266813
266814
266815
266817
266818
266819
266821
266822
266823
266824
266825
266829
266830
266834
266835
266840
266841
266842
266843
266844
266845
266846
266847
266848
266849
266850
266854
266855
266856
266857
266858
266859
266860
266861
266862
266863
266864
266865
266866
266867
266868
266869
266870
266871
266872
266873
266874
266875
266876
266877
266878
266879
266880
266881
266882
266883
266884
266885
266886
266887
266888
266889
266890
266891
266892
266893
266894
266895
266896
266897
266898
266899
266900
266901
266902
266903
266904
266905
266906
266907
266908
266909
266910
266912
266913
266914
266915
266917
266918
266919
266920
266921
266922
266923
266924
266925
266926
266927
266928
266929
266930
266931
266932
266933
266934
266935
266936
266937
266939
266940
266941
266942
266943
266944
266945
266946
266947
266949
266950
266951
266952
266953
266954
266956
266957
266958
266959
266960
266961
266962
266963
266964
266965
266966
266967
266968
266970
266971
266972
266973
266974
266976
266978
266980
266981
266983
266984
266985
266986
266987
266988
266989
266990
266991
266992
266993
266994
266995
266997
266998
266999
