323750
323751
323752
323753
323754
323755
323757
323758
323759
323760
323761
323762
323763
323764
323765
323766
323767
323768
323769
323770
323771
323772
323773
323774
323775
323776
323777
323778
323779
323781
323782
323783
323784
323785
323786
323787
323788
323789
323790
323791
323792
323793
323794
323795
323796
323797
323798
323799
323800
323801
323802
323803
323804
323806
323807
323808
323809
323810
323812
323814
323815
323816
323818
323819
323820
323821
323822
323823
323824
323825
323826
323827
323828
323829
323830
323831
323832
323833
323834
323835
323836
323837
323838
323839
323841
323842
323843
323844
323846
323847
323848
323850
323851
323852
323853
323854
323855
323856
323859
323860
323861
323862
323863
323864
323865
323866
323867
323868
323869
323873
323874
323875
323876
323877
323878
323879
323880
323882
323883
323884
323885
323887
323888
323889
323890
323891
323892
323893
323894
323895
323896
323897
323898
323899
323900
323901
323902
323904
323905
323906
323907
323909
323912
323913
323915
323916
323917
323918
323919
323920
323921
323922
323923
323924
323925
323926
323927
323928
323929
323931
323932
323933
323934
323935
323936
323937
323938
323939
323940
323941
323942
323943
323944
323945
323946
323947
323948
323949
323950
323951
323952
323953
323954
323957
323959
323961
323962
323963
323965
323966
323968
323970
323971
323973
323974
323975
323976
323977
323978
323979
323980
323981
323983
323984
323985
323986
323987
323988
323989
323990
323991
323992
323993
323994
323995
323996
323997
323998
323999
