399250
399251
399252
399253
399254
399255
399256
399257
399259
399260
399261
399262
399263
399264
399265
399266
399267
399268
399269
399270
399271
399272
399273
399274
399275
399276
399278
399279
399280
399281
399282
399283
399284
399287
399288
399289
399290
399291
399295
399296
399298
399299
399300
399302
399304
399305
399307
399309
399310
399311
399312
399313
399314
399315
399316
399318
399319
399320
399321
399323
399324
399325
399326
399329
399330
399331
399332
399333
399334
399336
399337
399338
399339
399340
399341
399342
399343
399344
399345
399346
399347
399348
399349
399350
399351
399353
399355
399357
399358
399359
399360
399361
399362
399363
399364
399365
399366
399367
399368
399369
399370
399371
399372
399373
399374
399375
399376
399377
399378
399379
399380
399381
399382
399383
399384
399385
399386
399387
399388
399389
399390
399391
399392
399393
399394
399395
399396
399398
399399
399400
399401
399402
399403
399404
399405
399406
399407
399408
399409
399410
399411
399412
399413
399414
399415
399416
399417
399418
399419
399420
399421
399422
399423
399424
399425
399428
399429
399430
399431
399432
399435
399436
399437
399438
399439
399440
399441
399442
399443
399444
399445
399446
399447
399448
399449
399451
399452
399453
399454
399455
399456
399457
399459
399460
399461
399462
399463
399464
399465
399466
399467
399468
399469
399470
399471
399472
399473
399474
399477
399478
399479
399481
399482
399483
399485
399486
399487
399488
399489
399490
399491
399492
399493
399494
399495
399496
399497
399498
399499
