286500
286501
286502
286503
286504
286505
286506
286507
286508
286509
286510
286511
286512
286513
286515
286516
286517
286518
286519
286520
286521
286522
286523
286524
286525
286526
286527
286528
286529
286530
286531
286532
286533
286534
286536
286537
286538
286539
286540
286541
286542
286544
286545
286546
286547
286548
286549
286550
286551
286552
286553
286554
286555
286556
286557
286558
286559
286560
286561
286562
286563
286564
286565
286566
286567
286568
286570
286571
286572
286574
286576
286577
286578
286579
286581
286583
286584
286585
286586
286587
286588
286589
286590
286591
286592
286594
286595
286596
286597
286598
286599
286601
286603
286604
286606
286607
286609
286610
286611
286612
286613
286615
286616
286617
286618
286619
286620
286621
286622
286623
286624
286625
286626
286628
286629
286630
286631
286632
286633
286634
286635
286636
286638
286639
286640
286641
286645
286646
286647
286649
286650
286651
286652
286654
286655
286656
286657
286658
286659
286660
286661
286663
286664
286665
286666
286668
286669
286670
286671
286672
286673
286674
286675
286676
286677
286680
286681
286682
286683
286684
286685
286686
286687
286688
286689
286691
286692
286693
286694
286695
286696
286697
286699
286700
286701
286702
286703
286706
286707
286708
286709
286710
286711
286713
286714
286715
286716
286717
286720
286721
286724
286725
286726
286727
286728
286729
286730
286732
286734
286735
286736
286737
286738
286739
286740
286741
286742
286743
286744
286745
286746
286747
286749
