183000
183001
183002
183003
183004
183005
183006
183007
183008
183009
183010
183011
183012
183013
183014
183015
183016
183017
183018
183019
183020
183021
183022
183023
183024
183025
183026
183027
183028
183029
183030
183031
183032
183033
183034
183036
183037
183039
183040
183041
183042
183043
183045
183046
183047
183049
183050
183051
183054
183055
183056
183057
183058
183059
183060
183062
183064
183065
183066
183067
183068
183069
183070
183072
183073
183074
183075
183076
183077
183078
183080
183081
183082
183083
183084
183085
183086
183089
183090
183091
183092
183094
183095
183096
183097
183098
183099
183100
183102
183103
183104
183105
183106
183107
183108
183110
183111
183112
183113
183114
183115
183116
183117
183118
183119
183120
183121
183122
183123
183126
183127
183128
183129
183130
183132
183133
183134
183135
183137
183138
183139
183140
183141
183142
183143
183144
183145
183146
183147
183148
183149
183150
183151
183152
183153
183154
183155
183156
183157
183158
183159
183160
183161
183162
183163
183165
183166
183167
183168
183169
183170
183171
183173
183174
183175
183176
183177
183178
183179
183180
183181
183182
183183
183185
183186
183187
183188
183189
183190
183191
183193
183194
183195
183196
183197
183198
183199
183200
183201
183202
183203
183204
183205
183206
183207
183208
183209
183210
183211
183212
183213
183215
183216
183218
183219
183220
183221
183222
183224
183225
183226
183227
183229
183230
183231
183233
183234
183235
183237
183238
183239
183240
183242
183243
183245
183246
183248
183249
