270000
270001
270002
270003
270004
270005
270006
270007
270008
270011
270012
270013
270014
270015
270016
270017
270018
270019
270020
270021
270022
270023
270024
270025
270026
270027
270028
270029
270030
270031
270032
270033
270034
270035
270036
270037
270039
270040
270041
270042
270043
270044
270045
270046
270047
270048
270049
270050
270051
270052
270053
270054
270055
270056
270057
270058
270059
270060
270061
270062
270063
270064
270065
270066
270068
270069
270070
270071
270072
270073
270075
270076
270077
270078
270079
270080
270082
270084
270085
270086
270087
270088
270089
270090
270091
270093
270094
270096
270097
270098
270099
270100
270101
270102
270103
270105
270106
270107
270108
270109
270111
270112
270113
270114
270115
270117
270118
270119
270120
270121
270122
270124
270125
270126
270127
270128
270130
270131
270132
270133
270134
270135
270136
270137
270138
270139
270140
270144
270145
270146
270147
270148
270149
270150
270151
270152
270153
270154
270155
270157
270158
270159
270161
270162
270163
270164
270165
270167
270168
270169
270170
270171
270173
270174
270175
270177
270178
270179
270182
270183
270184
270185
270186
270187
270188
270189
270190
270191
270192
270193
270194
270195
270196
270197
270198
270199
270200
270201
270202
270203
270204
270205
270206
270207
270208
270209
270210
270211
270212
270213
270214
270215
270216
270217
270219
270220
270221
270223
270226
270228
270231
270233
270236
270238
270239
270240
270241
270243
270244
270245
270246
