326000
326001
326002
326003
326004
326005
326007
326008
326009
326010
326012
326013
326015
326016
326017
326018
326019
326020
326021
326022
326023
326024
326025
326026
326027
326028
326029
326030
326032
326033
326034
326035
326036
326037
326038
326039
326040
326043
326044
326045
326046
326047
326048
326049
326050
326051
326054
326055
326056
326057
326058
326059
326061
326062
326063
326064
326065
326066
326067
326068
326070
326071
326072
326073
326075
326076
326077
326081
326082
326083
326084
326086
326087
326088
326089
326090
326091
326092
326093
326094
326095
326096
326098
326099
326100
326102
326103
326104
326105
326106
326110
326111
326112
326116
326117
326118
326122
326123
326124
326125
326126
326127
326128
326129
326130
326132
326133
326134
326135
326136
326137
326138
326139
326140
326141
326142
326143
326144
326145
326147
326148
326149
326150
326152
326153
326154
326155
326157
326158
326159
326160
326162
326163
326164
326165
326167
326168
326169
326170
326171
326172
326173
326174
326175
326177
326178
326179
326180
326182
326183
326184
326185
326186
326187
326188
326189
326193
326194
326195
326199
326200
326201
326202
326203
326205
326206
326207
326208
326209
326210
326211
326212
326213
326214
326215
326216
326217
326218
326219
326220
326221
326222
326223
326224
326225
326226
326230
326231
326233
326235
326236
326237
326238
326240
326241
326242
326243
326244
326245
326246
326248
326249
