110750
110751
110754
110755
110756
110758
110759
110760
110761
110764
110765
110766
110768
110769
110770
110771
110774
110775
110776
110777
110778
110779
110780
110781
110782
110783
110784
110785
110786
110787
110788
110789
110790
110791
110792
110793
110794
110795
110796
110797
110798
110799
110800
110801
110802
110803
110804
110807
110809
110810
110811
110812
110813
110814
110815
110816
110817
110818
110819
110820
110822
110823
110824
110825
110826
110827
110828
110830
110831
110832
110833
110835
110836
110837
110838
110839
110840
110841
110842
110843
110844
110845
110848
110849
110850
110851
110852
110854
110858
110859
110860
110861
110862
110863
110865
110866
110867
110868
110869
110870
110871
110872
110874
110875
110876
110877
110878
110879
110880
110881
110882
110883
110884
110885
110886
110887
110889
110890
110891
110892
110893
110894
110895
110899
110903
110904
110905
110906
110908
110909
110910
110911
110912
110914
110915
110917
110918
110919
110920
110921
110922
110923
110924
110925
110926
110927
110928
110930
110931
110932
110933
110934
110935
110936
110937
110938
110939
110940
110942
110943
110944
110945
110946
110947
110948
110949
110950
110952
110953
110954
110955
110956
110957
110958
110959
110960
110961
110962
110963
110964
110965
110966
110967
110969
110970
110971
110972
110973
110974
110975
110977
110978
110980
110981
110982
110983
110984
110986
110987
110988
110989
110990
110991
110993
110994
110995
110996
110997
110998
110999
