453751
453752
453753
453754
453755
453756
453757
453759
453760
453761
453762
453763
453764
453765
453767
453768
453769
453770
453771
453772
453773
453774
453775
453776
453777
453778
453782
453783
453785
453788
453789
453790
453791
453792
453793
453794
453795
453796
453797
453798
453799
453800
453802
453803
453804
453805
453806
453807
453808
453809
453810
453811
453812
453813
453814
453815
453816
453817
453818
453819
453820
453821
453825
453826
453827
453828
453829
453830
453831
453832
453833
453834
453835
453836
453837
453838
453839
453841
453842
453843
453845
453846
453847
453848
453849
453851
453852
453853
453854
453855
453857
453858
453859
453860
453861
453862
453863
453865
453866
453867
453868
453869
453870
453871
453872
453873
453874
453875
453876
453877
453878
453879
453880
453881
453882
453883
453884
453885
453886
453887
453889
453890
453891
453892
453893
453894
453895
453896
453897
453898
453900
453901
453902
453903
453904
453906
453907
453908
453909
453910
453911
453912
453913
453914
453915
453916
453920
453922
453923
453924
453925
453927
453928
453929
453930
453931
453932
453933
453934
453936
453938
453940
453942
453943
453944
453945
453946
453947
453948
453949
453950
453951
453952
453953
453954
453955
453956
453958
453959
453960
453961
453962
453963
453965
453966
453968
453969
453970
453971
453972
453973
453974
453975
453976
453977
453978
453979
453980
453981
453982
453983
453984
453985
453986
453987
453988
453989
453990
453991
453994
453995
453996
453997
453998
