192251
192252
192256
192257
192260
192261
192262
192263
192264
192266
192267
192269
192270
192271
192272
192273
192275
192276
192277
192278
192280
192281
192282
192283
192285
192286
192287
192288
192289
192290
192291
192292
192293
192294
192295
192297
192298
192299
192301
192302
192303
192304
192305
192306
192307
192308
192309
192310
192311
192312
192313
192314
192316
192317
192318
192319
192320
192322
192323
192324
192325
192326
192327
192328
192329
192330
192331
192332
192333
192334
192335
192336
192337
192338
192339
192340
192341
192342
192343
192344
192345
192346
192347
192350
192351
192352
192354
192355
192356
192358
192359
192364
192365
192366
192367
192368
192370
192371
192373
192374
192376
192377
192378
192380
192381
192382
192383
192384
192385
192386
192388
192390
192391
192393
192394
192396
192397
192398
192399
192400
192401
192402
192403
192404
192405
192406
192407
192409
192410
192411
192412
192413
192414
192415
192416
192417
192418
192419
192420
192421
192422
192423
192424
192425
192427
192428
192429
192430
192431
192433
192434
192435
192436
192437
192439
192440
192441
192442
192443
192444
192445
192446
192447
192450
192455
192456
192457
192458
192459
192460
192461
192462
192463
192464
192466
192467
192468
192469
192470
192471
192472
192473
192474
192475
192477
192478
192479
192480
192481
192483
192484
192485
192486
192487
192489
192490
192491
192492
192493
192494
192495
192496
192497
192498
192499
