207751
207752
207754
207756
207757
207758
207759
207762
207765
207766
207767
207768
207769
207770
207771
207773
207774
207775
207776
207777
207778
207779
207780
207783
207784
207785
207786
207787
207788
207790
207792
207793
207794
207795
207796
207797
207798
207799
207801
207803
207804
207805
207807
207808
207809
207811
207812
207813
207814
207815
207816
207817
207818
207819
207820
207821
207822
207823
207824
207825
207827
207828
207829
207830
207831
207832
207833
207834
207835
207836
207837
207838
207839
207840
207841
207842
207843
207844
207845
207847
207849
207850
207851
207852
207853
207855
207856
207857
207858
207859
207861
207862
207863
207864
207865
207867
207868
207869
207870
207871
207872
207874
207875
207876
207877
207878
207879
207880
207881
207882
207883
207884
207885
207886
207887
207888
207889
207890
207891
207892
207893
207894
207896
207898
207899
207900
207901
207906
207908
207909
207911
207912
207913
207915
207916
207918
207919
207920
207921
207922
207923
207925
207926
207927
207928
207929
207930
207931
207932
207933
207934
207935
207937
207938
207939
207940
207941
207942
207943
207944
207945
207946
207947
207948
207949
207950
207951
207952
207953
207954
207955
207956
207957
207958
207959
207961
207962
207963
207964
207965
207966
207967
207969
207970
207971
207972
207973
207974
207978
207979
207980
207981
207982
207983
207985
207986
207987
207988
207990
207991
207992
207994
207995
207996
207998
207999
