390750
390751
390752
390753
390754
390757
390758
390759
390760
390761
390762
390764
390765
390766
390767
390768
390769
390770
390771
390772
390773
390774
390777
390778
390779
390782
390783
390784
390785
390786
390787
390788
390789
390790
390791
390792
390793
390795
390796
390797
390798
390799
390800
390801
390803
390804
390805
390806
390807
390808
390809
390812
390813
390814
390815
390816
390817
390818
390819
390821
390822
390823
390824
390825
390826
390827
390828
390829
390830
390831
390832
390833
390834
390836
390837
390838
390839
390840
390841
390842
390843
390844
390845
390846
390847
390848
390849
390850
390851
390852
390853
390854
390855
390856
390857
390858
390859
390860
390861
390863
390864
390865
390866
390867
390868
390869
390870
390871
390873
390874
390875
390876
390877
390878
390879
390880
390881
390882
390883
390885
390886
390887
390888
390890
390891
390892
390893
390894
390895
390896
390897
390898
390899
390900
390903
390905
390906
390907
390908
390909
390910
390911
390912
390913
390914
390916
390917
390918
390919
390920
390921
390923
390924
390925
390926
390927
390928
390929
390930
390932
390934
390935
390936
390940
390941
390942
390943
390944
390945
390946
390948
390949
390950
390951
390952
390954
390955
390956
390957
390958
390959
390960
390961
390962
390964
390965
390966
390968
390970
390971
390972
390973
390974
390975
390976
390977
390978
390979
390982
390984
390985
390986
390987
390988
390989
390990
390991
390992
390993
390994
390995
390996
390997
390998
