162000
162001
162002
162003
162004
162005
162006
162007
162008
162009
162010
162011
162012
162013
162014
162015
162016
162017
162018
162021
162022
162025
162026
162027
162029
162030
162031
162032
162034
162035
162036
162037
162039
162040
162041
162042
162043
162044
162045
162046
162048
162050
162051
162053
162054
162056
162057
162058
162059
162060
162061
162062
162063
162064
162065
162066
162067
162068
162069
162070
162071
162072
162073
162074
162075
162076
162077
162078
162079
162080
162081
162082
162083
162084
162085
162086
162087
162088
162089
162090
162091
162092
162093
162094
162096
162097
162100
162101
162102
162103
162104
162105
162106
162108
162109
162110
162111
162112
162114
162115
162116
162117
162119
162120
162121
162122
162123
162124
162125
162126
162129
162130
162131
162132
162134
162136
162138
162139
162140
162141
162142
162143
162144
162145
162146
162147
162148
162149
162152
162153
162154
162155
162158
162161
162162
162165
162167
162168
162170
162171
162172
162173
162174
162175
162177
162178
162181
162182
162185
162186
162192
162193
162199
162200
162204
162205
162206
162207
162208
162209
162210
162216
162217
162218
162219
162220
162221
162222
162223
162224
162225
162228
162229
162231
162232
162233
162234
162236
162237
162238
162239
162242
162243
162246
162247
162248
162249
