215750
215751
215752
215753
215754
215755
215756
215757
215758
215759
215760
215761
215762
215763
215765
215766
215767
215768
215769
215770
215771
215772
215774
215776
215778
215779
215780
215782
215783
215785
215786
215788
215789
215790
215791
215792
215793
215794
215795
215796
215797
215798
215799
215800
215801
215802
215803
215804
215805
215806
215807
215808
215810
215811
215814
215816
215817
215818
215819
215821
215822
215823
215825
215826
215827
215828
215829
215830
215831
215832
215833
215834
215835
215836
215837
215838
215839
215843
215844
215845
215846
215847
215848
215849
215850
215851
215852
215853
215854
215855
215856
215857
215858
215859
215860
215861
215862
215863
215864
215865
215866
215867
215868
215869
215870
215871
215872
215873
215875
215876
215878
215879
215880
215881
215882
215883
215884
215885
215886
215887
215888
215889
215890
215891
215892
215893
215894
215895
215896
215897
215898
215899
215901
215903
215904
215905
215906
215907
215908
215909
215910
215911
215912
215913
215914
215915
215916
215917
215918
215919
215920
215922
215923
215924
215925
215926
215927
215928
215929
215930
215931
215932
215933
215934
215935
215936
215937
215938
215939
215940
215941
215942
215943
215944
215945
215946
215947
215949
215950
215951
215952
215953
215955
215956
215958
215963
215964
215965
215966
215967
215969
215970
215971
215972
215973
215976
215977
215978
215979
215980
215981
215982
215983
215984
215985
215987
215988
215989
215990
215991
215992
215993
215995
215996
215997
215998
215999
