26251
26252
26253
26254
26255
26257
26258
26259
26260
26262
26263
26264
26265
26267
26268
26269
26270
26271
26273
26275
26277
26279
26280
26281
26283
26285
26286
26287
26288
26289
26291
26292
26293
26295
26297
26298
26299
26300
26301
26305
26306
26309
26311
26312
26313
26314
26315
26316
26317
26318
26319
26320
26321
26322
26323
26325
26326
26327
26329
26330
26331
26332
26333
26335
26336
26337
26338
26339
26341
26342
26343
26352
26353
26354
26356
26357
26358
26359
26360
26361
26362
26363
26364
26365
26366
26367
26368
26369
26372
26373
26374
26375
26377
26378
26381
26382
26383
26384
26385
26386
26387
26389
26390
26391
26395
26396
26397
26398
26399
26400
26402
26403
26404
26406
26410
26411
26412
26413
26414
26415
26416
26417
26418
26419
26420
26421
26422
26423
26424
26425
26426
26427
26428
26429
26430
26431
26432
26433
26435
26436
26437
26438
26440
26441
26442
26443
26445
26446
26447
26448
26449
26451
26453
26454
26455
26456
26457
26459
26461
26462
26463
26464
26466
26467
26468
26469
26470
26471
26472
26473
26474
26475
26476
26477
26478
26479
26481
26482
26483
26484
26485
26486
26487
26488
26489
26491
26492
26493
26494
26495
26496
26497
26498
26499
