345000
345001
345002
345003
345004
345005
345006
345007
345008
345009
345010
345011
345012
345013
345014
345015
345016
345017
345018
345019
345020
345021
345022
345023
345024
345025
345026
345027
345028
345029
345030
345031
345032
345033
345034
345035
345036
345037
345038
345039
345040
345041
345042
345043
345044
345045
345046
345047
345051
345052
345054
345056
345057
345059
345061
345062
345065
345066
345067
345068
345069
345070
345071
345072
345073
345074
345075
345076
345077
345078
345079
345080
345081
345082
345083
345084
345085
345086
345087
345088
345089
345090
345091
345092
345093
345094
345095
345096
345097
345098
345099
345100
345101
345102
345103
345104
345105
345106
345107
345108
345109
345110
345111
345113
345114
345115
345117
345118
345119
345120
345121
345122
345123
345125
345126
345127
345128
345129
345130
345132
345133
345134
345135
345136
345137
345138
345140
345141
345142
345144
345145
345146
345148
345149
345152
345153
345156
345157
345158
345160
345161
345162
345163
345164
345168
345171
345172
345175
345176
345177
345179
345180
345181
345182
345183
345184
345185
345186
345187
345189
345190
345191
345192
345193
345194
345195
345196
345197
345198
345199
345200
345201
345202
345204
345205
345206
345207
345208
345209
345210
345211
345212
345213
345214
345215
345216
345217
345219
345220
345221
345222
345223
345224
345225
345227
345228
345229
345230
345231
345232
345233
345234
345235
345236
345237
345238
345241
345242
345245
345246
345247
345248
345249
