267500
267501
267502
267503
267505
267506
267508
267509
267511
267512
267513
267514
267518
267519
267520
267521
267522
267526
267527
267528
267529
267530
267531
267532
267533
267534
267535
267536
267537
267538
267539
267540
267541
267542
267545
267546
267547
267549
267550
267551
267554
267555
267556
267558
267559
267560
267561
267562
267563
267564
267565
267566
267567
267568
267569
267570
267571
267572
267573
267574
267575
267576
267577
267578
267579
267580
267581
267582
267583
267584
267585
267586
267587
267588
267589
267591
267592
267593
267594
267595
267596
267600
267601
267602
267603
267604
267605
267606
267609
267613
267615
267618
267619
267620
267621
267622
267624
267626
267627
267628
267629
267630
267631
267632
267633
267634
267635
267636
267637
267638
267639
267640
267643
267644
267645
267646
267647
267648
267649
267651
267652
267653
267654
267655
267656
267657
267658
267659
267660
267661
267662
267663
267664
267665
267666
267667
267668
267669
267670
267671
267672
267673
267674
267675
267676
267677
267678
267679
267680
267681
267682
267683
267684
267685
267686
267688
267689
267690
267691
267693
267694
267695
267696
267697
267698
267701
267702
267703
267704
267705
267706
267707
267708
267711
267712
267713
267720
267721
267722
267723
267724
267725
267726
267727
267729
267730
267731
267732
267733
267735
267736
267737
267738
267739
267745
267748
267749
