176251
176252
176253
176254
176255
176257
176258
176259
176261
176262
176263
176264
176265
176266
176267
176268
176269
176270
176271
176273
176274
176275
176276
176277
176280
176281
176282
176283
176284
176285
176286
176287
176288
176291
176293
176294
176295
176296
176298
176299
176300
176301
176302
176303
176304
176305
176306
176307
176308
176309
176310
176311
176313
176314
176315
176316
176317
176318
176319
176320
176321
176322
176323
176324
176325
176326
176328
176329
176330
176331
176332
176333
176335
176336
176337
176338
176339
176340
176341
176342
176344
176345
176346
176347
176348
176349
176350
176351
176352
176354
176355
176356
176358
176359
176360
176361
176362
176363
176367
176368
176373
176374
176375
176377
176378
176379
176380
176381
176382
176384
176385
176386
176387
176388
176390
176391
176392
176393
176394
176396
176397
176398
176399
176400
176402
176403
176404
176405
176406
176408
176409
176411
176412
176413
176415
176416
176417
176418
176419
176420
176422
176423
176425
176426
176429
176430
176431
176432
176433
176434
176435
176437
176438
176439
176440
176441
176442
176443
176445
176446
176447
176448
176449
176451
176452
176453
176455
176456
176457
176458
176459
176460
176463
176464
176465
176466
176467
176469
176470
176473
176474
176475
176476
176477
176478
176479
176480
176481
176482
176483
176484
176485
176487
176488
176489
176490
176491
176492
176493
176494
176495
176496
176497
176498
176499
