262001
262002
262003
262004
262006
262008
262009
262010
262011
262012
262015
262016
262018
262019
262020
262021
262022
262023
262024
262025
262026
262027
262029
262030
262031
262032
262033
262034
262036
262037
262038
262039
262040
262041
262042
262044
262045
262046
262048
262049
262050
262051
262052
262053
262055
262056
262057
262058
262060
262061
262063
262064
262065
262066
262067
262068
262070
262071
262072
262073
262075
262076
262077
262078
262080
262082
262083
262084
262085
262086
262087
262089
262090
262092
262093
262094
262096
262098
262099
262101
262102
262103
262104
262105
262106
262107
262110
262111
262112
262113
262116
262117
262118
262119
262122
262123
262124
262126
262127
262128
262129
262130
262132
262133
262134
262136
262137
262139
262141
262143
262144
262145
262146
262148
262149
262150
262151
262152
262153
262155
262156
262158
262159
262160
262161
262162
262164
262165
262166
262167
262168
262169
262170
262172
262174
262175
262177
262178
262179
262180
262182
262183
262184
262185
262186
262188
262189
262192
262193
262196
262197
262199
262200
262215
262217
262218
262219
262220
262221
262222
262223
262224
262225
262227
262228
262229
262230
262231
262232
262233
262234
262235
262236
262237
262238
262239
262240
262241
262242
262243
262244
262245
262246
262248
262249
