123251
123254
123255
123256
123257
123258
123261
123262
123263
123264
123265
123268
123269
123270
123271
123272
123275
123276
123277
123278
123279
123282
123283
123284
123285
123286
123289
123290
123291
123292
123293
123294
123297
123298
123301
123302
123303
123305
123306
123307
123308
123309
123310
123311
123312
123313
123314
123315
123316
123317
123318
123320
123321
123322
123323
123325
123328
123330
123331
123336
123338
123339
123342
123343
123344
123345
123346
123347
123348
123351
123352
123353
123354
123355
123358
123359
123360
123362
123363
123364
123365
123366
123367
123368
123370
123372
123373
123375
123377
123380
123381
123382
123385
123386
123387
123388
123389
123391
123392
123393
123394
123396
123397
123400
123401
123404
123405
123406
123408
123409
123410
123411
123412
123413
123415
123418
123419
123421
123422
123423
123424
123425
123428
123429
123430
123431
123432
123433
123434
123435
123436
123439
123441
123442
123443
123444
123445
123446
123447
123449
123450
123451
123452
123453
123454
123455
123456
123457
123459
123460
123461
123462
123463
123465
123467
123468
123469
123470
123471
123472
123473
123474
123475
123476
123477
123478
123479
123481
123482
123483
123484
123485
123486
123488
123489
123490
123491
123492
123493
123495
123496
123497
123498
123499
