87750
87751
87752
87753
87754
87758
87759
87760
87761
87762
87763
87764
87766
87767
87768
87769
87770
87771
87772
87773
87774
87775
87778
87782
87783
87786
87787
87788
87790
87791
87794
87795
87796
87798
87799
87800
87801
87802
87803
87804
87805
87808
87809
87810
87811
87812
87813
87816
87817
87819
87820
87822
87824
87825
87826
87827
87828
87829
87831
87833
87834
87835
87837
87838
87839
87840
87842
87843
87844
87845
87846
87847
87849
87850
87851
87852
87853
87854
87856
87857
87858
87859
87860
87861
87863
87864
87865
87866
87868
87869
87870
87876
87877
87878
87882
87883
87884
87885
87886
87887
87888
87889
87890
87891
87892
87893
87894
87895
87896
87897
87898
87899
87900
87901
87902
87903
87904
87905
87906
87907
87908
87909
87910
87912
87913
87914
87915
87916
87917
87918
87919
87920
87921
87922
87923
87924
87925
87926
87927
87928
87929
87930
87931
87932
87933
87934
87935
87936
87937
87938
87939
87940
87941
87946
87950
87951
87953
87954
87955
87957
87959
87960
87961
87962
87963
87964
87965
87966
87967
87968
87969
87970
87971
87972
87973
87974
87975
87976
87977
87978
87979
87980
87981
87982
87983
87984
87985
87986
87987
87988
87989
87990
87991
87992
87993
87994
87995
87996
87997
