398750
398751
398752
398753
398754
398755
398756
398757
398758
398759
398760
398761
398762
398763
398764
398765
398767
398768
398771
398772
398773
398774
398775
398776
398777
398779
398780
398782
398783
398784
398785
398787
398788
398789
398790
398792
398793
398794
398795
398796
398797
398798
398803
398804
398805
398806
398807
398808
398809
398811
398812
398813
398814
398815
398816
398817
398818
398821
398822
398823
398824
398825
398826
398827
398828
398829
398830
398831
398832
398835
398836
398839
398840
398841
398842
398843
398844
398845
398846
398847
398848
398849
398850
398851
398852
398853
398857
398858
398859
398860
398861
398862
398863
398864
398865
398866
398867
398868
398869
398870
398871
398872
398873
398874
398875
398876
398877
398878
398880
398881
398882
398883
398884
398885
398887
398888
398889
398890
398892
398893
398894
398895
398897
398898
398899
398900
398902
398903
398904
398905
398907
398908
398909
398910
398912
398913
398914
398915
398917
398918
398919
398920
398921
398922
398925
398926
398927
398928
398929
398930
398931
398932
398933
398935
398936
398937
398938
398939
398940
398941
398942
398944
398945
398946
398947
398948
398949
398950
398951
398952
398956
398957
398960
398961
398962
398963
398964
398965
398966
398967
398968
398969
398970
398971
398972
398973
398974
398975
398976
398977
398978
398979
398980
398981
398982
398983
398984
398985
398986
398987
398988
398989
398990
398991
398992
398993
398994
398995
398996
398997
398998
398999
