203500
203501
203502
203503
203504
203505
203506
203507
203508
203509
203510
203511
203512
203513
203514
203515
203516
203517
203518
203519
203520
203521
203522
203523
203524
203525
203526
203527
203528
203529
203530
203531
203532
203533
203534
203535
203536
203539
203540
203543
203544
203547
203548
203549
203551
203552
203553
203554
203555
203556
203558
203559
203560
203561
203562
203563
203564
203565
203570
203571
203573
203575
203576
203577
203578
203579
203580
203581
203582
203583
203584
203585
203586
203587
203588
203589
203590
203592
203595
203596
203598
203599
203600
203601
203602
203603
203604
203605
203606
203607
203608
203610
203613
203614
203616
203617
203618
203619
203620
203621
203622
203623
203624
203626
203627
203628
203629
203631
203632
203633
203634
203636
203638
203639
203640
203641
203642
203643
203644
203645
203646
203647
203648
203649
203650
203651
203652
203653
203654
203655
203656
203657
203658
203659
203660
203661
203662
203663
203665
203666
203667
203668
203669
203670
203671
203672
203673
203674
203675
203676
203679
203680
203681
203682
203683
203684
203685
203686
203687
203688
203689
203690
203691
203692
203693
203694
203695
203696
203697
203698
203699
203700
203701
203702
203703
203704
203705
203706
203707
203708
203709
203710
203711
203712
203713
203714
203715
203716
203717
203718
203719
203720
203721
203722
203723
203724
203725
203726
203727
203728
203729
203730
203731
203732
203733
203734
203735
203736
203737
203738
203739
203740
203741
203742
203743
203744
203745
203746
203747
203748
203749
