182000
182002
182003
182004
182005
182006
182007
182008
182009
182010
182013
182014
182018
182019
182021
182022
182025
182026
182027
182028
182029
182030
182031
182032
182033
182034
182035
182036
182037
182038
182039
182040
182041
182042
182043
182044
182045
182046
182047
182048
182049
182050
182051
182052
182053
182054
182055
182056
182057
182058
182059
182060
182061
182062
182063
182064
182065
182066
182067
182068
182069
182070
182071
182073
182075
182076
182077
182080
182081
182082
182085
182086
182087
182090
182091
182092
182093
182094
182096
182097
182098
182099
182100
182102
182103
182104
182105
182107
182108
182110
182111
182113
182114
182115
182116
182117
182118
182119
182120
182122
182123
182124
182125
182127
182128
182130
182131
182132
182133
182134
182135
182136
182137
182138
182139
182144
182145
182146
182147
182148
182149
182150
182151
182152
182153
182154
182155
182156
182157
182158
182160
182162
182165
182166
182167
182170
182171
182173
182174
182175
182176
182178
182179
182180
182181
182182
182185
182186
182187
182188
182189
182190
182192
182194
182195
182196
182197
182198
182199
182200
182202
182204
182205
182206
182208
182210
182212
182214
182215
182217
182218
182219
182222
182223
182224
182225
182226
182227
182228
182230
182231
182233
182234
182237
182238
182239
182241
182242
182243
182244
182246
182249
