142250
142251
142252
142254
142256
142257
142258
142260
142262
142263
142264
142265
142266
142267
142268
142269
142270
142271
142272
142273
142274
142275
142276
142277
142278
142279
142280
142281
142282
142283
142284
142285
142286
142287
142288
142289
142290
142292
142295
142296
142297
142298
142299
142300
142302
142305
142306
142307
142310
142311
142312
142313
142314
142316
142317
142319
142320
142322
142323
142324
142325
142326
142327
142330
142331
142332
142333
142334
142335
142336
142337
142338
142341
142342
142343
142344
142346
142347
142348
142349
142350
142351
142352
142353
142354
142355
142356
142357
142358
142359
142360
142361
142362
142363
142364
142366
142367
142368
142369
142370
142371
142372
142373
142374
142375
142376
142377
142378
142379
142381
142382
142383
142384
142387
142388
142389
142390
142391
142392
142393
142394
142396
142397
142398
142399
142401
142402
142403
142404
142405
142407
142408
142409
142410
142411
142413
142414
142415
142416
142417
142418
142419
142420
142421
142423
142424
142425
142426
142427
142428
142429
142430
142432
142433
142434
142435
142436
142437
142438
142439
142440
142441
142442
142443
142444
142445
142446
142447
142448
142449
142450
142453
142454
142455
142456
142459
142460
142461
142462
142463
142464
142465
142466
142467
142468
142469
142470
142471
142472
142473
142474
142475
142476
142477
142478
142479
142480
142481
142482
142483
142484
142485
142486
142487
142488
142489
142490
142491
142492
142493
142494
142495
142496
142497
142498
142499
