297250
297251
297252
297253
297254
297255
297256
297257
297258
297259
297260
297261
297262
297263
297264
297265
297267
297268
297269
297271
297273
297275
297276
297277
297278
297279
297281
297282
297283
297284
297286
297288
297290
297291
297292
297293
297294
297295
297296
297297
297298
297299
297300
297302
297303
297304
297305
297306
297307
297308
297309
297310
297311
297312
297313
297314
297315
297317
297318
297319
297320
297321
297322
297323
297324
297325
297326
297327
297328
297329
297330
297332
297333
297334
297335
297336
297337
297338
297339
297340
297341
297342
297343
297344
297345
297347
297348
297349
297350
297351
297352
297353
297354
297356
297357
297358
297359
297360
297361
297362
297363
297364
297365
297366
297367
297368
297369
297370
297371
297373
297374
297375
297376
297377
297378
297379
297381
297382
297383
297384
297386
297388
297389
297391
297392
297393
297394
297395
297397
297398
297399
297400
297401
297402
297403
297404
297406
297407
297408
297409
297410
297411
297412
297413
297414
297415
297416
297417
297418
297419
297420
297421
297424
297427
297428
297429
297430
297431
297432
297433
297436
297437
297438
297439
297440
297442
297444
297446
297447
297450
297451
297452
297453
297454
297455
297456
297457
297458
297459
297460
297461
297462
297463
297464
297465
297466
297467
297468
297469
297470
297471
297472
297473
297474
297475
297481
297482
297484
297485
297486
297487
297488
297489
297490
297493
297494
297495
297496
297497
297498
297499
