205250
205251
205253
205254
205255
205256
205257
205258
205259
205260
205261
205262
205263
205264
205265
205267
205269
205270
205271
205272
205273
205274
205275
205276
205277
205278
205279
205280
205281
205282
205283
205284
205285
205286
205287
205288
205289
205290
205291
205292
205293
205294
205296
205297
205299
205300
205302
205303
205304
205306
205307
205308
205309
205310
205311
205312
205314
205315
205316
205317
205318
205319
205320
205322
205323
205324
205325
205326
205327
205328
205330
205331
205332
205333
205334
205335
205336
205338
205339
205340
205341
205342
205343
205344
205346
205347
205348
205349
205350
205351
205352
205354
205355
205356
205357
205358
205359
205360
205362
205363
205364
205365
205366
205367
205368
205370
205371
205372
205373
205374
205375
205376
205378
205379
205380
205381
205382
205383
205384
205386
205387
205388
205389
205390
205391
205392
205394
205395
205396
205397
205398
205399
205400
205402
205403
205404
205405
205406
205407
205408
205410
205411
205412
205413
205414
205415
205416
205418
205419
205420
205421
205422
205423
205424
205426
205427
205428
205429
205430
205431
205432
205434
205436
205439
205441
205442
205444
205446
205447
205448
205450
205452
205453
205454
205457
205458
205459
205460
205461
205462
205463
205466
205469
205471
205472
205473
205474
205475
205476
205477
205478
205479
205480
205482
205483
205484
205485
205486
205487
205488
205489
205490
205491
205492
205493
205494
205495
205496
205497
205498
205499
