277751
277752
277753
277755
277756
277757
277758
277759
277760
277761
277762
277763
277764
277765
277766
277767
277768
277769
277770
277771
277772
277773
277774
277775
277776
277777
277778
277779
277780
277781
277782
277783
277784
277785
277786
277787
277788
277789
277790
277791
277792
277793
277794
277795
277796
277797
277798
277799
277800
277801
277802
277803
277804
277805
277806
277808
277809
277810
277812
277813
277815
277817
277819
277820
277821
277824
277825
277826
277827
277828
277829
277830
277831
277832
277834
277835
277836
277837
277838
277839
277840
277841
277842
277843
277844
277845
277846
277847
277848
277849
277851
277854
277855
277856
277857
277858
277859
277860
277861
277862
277863
277864
277865
277866
277867
277868
277869
277870
277872
277873
277874
277875
277877
277878
277879
277881
277883
277886
277887
277888
277889
277890
277891
277894
277896
277897
277898
277899
277900
277901
277902
277903
277904
277906
277907
277908
277910
277912
277913
277915
277916
277917
277919
277920
277921
277924
277926
277927
277928
277929
277930
277932
277933
277934
277935
277936
277937
277938
277939
277941
277942
277943
277944
277945
277946
277947
277948
277949
277950
277951
277952
277954
277955
277956
277957
277958
277959
277960
277961
277962
277963
277964
277965
277966
277968
277969
277970
277971
277972
277973
277974
277975
277976
277978
277979
277980
277981
277982
277984
277986
277987
277988
277989
277990
277991
277992
277993
277994
277995
277998
277999
