290250
290252
290253
290254
290255
290256
290259
290260
290261
290262
290265
290266
290270
290273
290274
290278
290279
290280
290281
290282
290284
290285
290286
290288
290289
290290
290292
290293
290294
290295
290296
290297
290299
290300
290301
290302
290304
290305
290306
290308
290309
290311
290312
290313
290317
290318
290322
290325
290326
290330
290332
290333
290334
290336
290337
290338
290340
290342
290344
290346
290347
290348
290349
290350
290351
290352
290353
290354
290355
290356
290357
290358
290359
290360
290361
290362
290363
290364
290365
290370
290371
290372
290373
290374
290375
290376
290377
290378
290380
290381
290382
290383
290385
290387
290388
290389
290390
290391
290393
290395
290396
290397
290398
290399
290400
290401
290402
290403
290405
290406
290407
290408
290409
290410
290413
290416
290419
290420
290421
290424
290427
290430
290433
290434
290436
290437
290440
290441
290442
290444
290445
290446
290448
290449
290451
290452
290453
290455
290456
290457
290458
290459
290460
290461
290462
290466
290467
290468
290469
290470
290471
290472
290473
290475
290476
290477
290479
290480
290482
290483
290484
290486
290487
290488
290489
290490
290491
290492
290494
290495
290496
290497
290498
290499
