459501
459502
459503
459504
459505
459506
459507
459508
459509
459510
459511
459512
459513
459514
459515
459516
459517
459518
459519
459520
459521
459522
459523
459525
459526
459528
459529
459530
459532
459533
459535
459536
459537
459539
459542
459543
459544
459545
459546
459547
459548
459549
459550
459551
459552
459553
459554
459555
459556
459557
459558
459559
459560
459561
459562
459563
459564
459565
459566
459567
459568
459569
459571
459572
459573
459574
459575
459576
459577
459579
459580
459581
459582
459583
459585
459588
459589
459590
459591
459592
459594
459595
459596
459597
459598
459599
459600
459601
459602
459604
459605
459606
459607
459608
459609
459610
459611
459612
459613
459614
459615
459616
459617
459618
459619
459620
459621
459622
459623
459624
459625
459626
459627
459628
459629
459630
459631
459632
459633
459634
459635
459636
459637
459638
459639
459640
459641
459642
459643
459644
459645
459646
459647
459648
459649
459650
459651
459652
459653
459654
459655
459656
459657
459658
459659
459660
459661
459662
459663
459664
459665
459666
459667
459668
459669
459670
459671
459672
459673
459674
459675
459676
459677
459678
459679
459680
459681
459682
459683
459684
459685
459686
459687
459688
459689
459690
459692
459693
459694
459695
459696
459697
459698
459699
459700
459701
459702
459704
459705
459706
459707
459708
459709
459711
459712
459717
459718
459719
459720
459721
459722
459723
459728
459729
459730
459731
459732
459733
459734
459735
459736
459737
459738
459739
459741
459742
459743
459744
459745
459746
459747
459748
459749
