86500
86501
86502
86503
86504
86505
86506
86507
86508
86509
86510
86511
86512
86513
86514
86515
86516
86517
86518
86519
86520
86521
86522
86523
86524
86525
86526
86527
86528
86530
86531
86532
86533
86534
86535
86537
86538
86539
86540
86541
86543
86544
86549
86550
86551
86553
86554
86559
86560
86561
86563
86564
86569
86570
86571
86573
86574
86579
86580
86582
86585
86587
86588
86590
86592
86593
86595
86597
86598
86599
86600
86601
86602
86603
86604
86605
86606
86609
86610
86611
86612
86613
86614
86615
86616
86617
86618
86619
86620
86623
86624
86625
86627
86628
86629
86630
86631
86632
86633
86634
86637
86638
86639
86640
86641
86642
86643
86644
86645
86646
86648
86649
86650
86651
86652
86653
86654
86655
86656
86657
86658
86659
86660
86661
86662
86663
86665
86666
86667
86669
86670
86671
86672
86674
86675
86676
86678
86679
86680
86681
86682
86683
86684
86685
86686
86687
86688
86689
86690
86691
86692
86693
86694
86696
86697
86698
86699
86700
86701
86702
86703
86704
86705
86706
86707
86708
86709
86710
86711
86712
86713
86714
86715
86716
86717
86718
86719
86720
86721
86724
86725
86726
86727
86728
86729
86730
86731
86732
86733
86734
86735
86736
86737
86738
86739
86741
86742
86743
86744
86745
86746
86747
86748
86749
