138750
138754
138755
138756
138758
138759
138760
138761
138762
138763
138765
138766
138767
138768
138769
138770
138772
138773
138774
138775
138777
138778
138779
138780
138781
138782
138783
138784
138785
138787
138788
138790
138791
138792
138793
138795
138796
138797
138799
138800
138801
138802
138804
138805
138806
138807
138809
138810
138811
138813
138815
138817
138818
138819
138820
138822
138823
138824
138826
138827
138828
138829
138831
138832
138833
138834
138835
138837
138838
138840
138841
138842
138845
138846
138848
138849
138850
138853
138854
138856
138857
138858
138859
138860
138862
138863
138865
138866
138867
138868
138869
138870
138873
138874
138875
138876
138877
138879
138880
138881
138882
138883
138884
138885
138888
138889
138892
138893
138894
138895
138897
138898
138899
138901
138902
138903
138904
138905
138906
138907
138908
138909
138910
138911
138913
138914
138915
138916
138918
138919
138920
138921
138922
138923
138924
138925
138926
138927
138928
138929
138930
138931
138932
138933
138934
138935
138936
138937
138938
138939
138940
138941
138942
138943
138944
138945
138946
138947
138948
138949
138950
138951
138952
138953
138954
138955
138956
138957
138958
138959
138960
138961
138963
138964
138966
138967
138968
138969
138971
138972
138973
138974
138975
138976
138977
138978
138979
138981
138983
138985
138986
138987
138988
138989
138990
138991
138992
138993
138994
138995
138996
138997
138998
138999
