51250
51251
51252
51253
51255
51256
51258
51260
51261
51262
51263
51264
51265
51266
51267
51268
51271
51273
51274
51275
51276
51277
51278
51279
51280
51281
51282
51283
51285
51287
51288
51289
51290
51293
51294
51295
51296
51297
51298
51301
51302
51303
51304
51305
51306
51307
51308
51309
51310
51311
51312
51313
51317
51318
51319
51320
51321
51322
51323
51324
51325
51326
51327
51328
51329
51330
51331
51332
51335
51337
51338
51339
51340
51342
51343
51345
51346
51347
51348
51349
51350
51351
51353
51354
51355
51357
51358
51359
51360
51361
51362
51363
51364
51365
51366
51368
51369
51370
51371
51373
51374
51375
51376
51378
51379
51380
51381
51382
51383
51384
51385
51387
51388
51389
51390
51391
51392
51393
51394
51396
51397
51398
51399
51400
51401
51402
51403
51405
51406
51407
51408
51409
51410
51411
51412
51413
51414
51415
51416
51417
51418
51422
51423
51424
51425
51426
51427
51428
51429
51430
51431
51433
51434
51435
51436
51437
51438
51439
51440
51441
51442
51443
51444
51445
51447
51448
51449
51450
51451
51452
51453
51454
51455
51456
51457
51458
51459
51460
51461
51462
51463
51464
51465
51466
51467
51469
51470
51471
51472
51473
51474
51475
51476
51477
51478
51479
51480
51481
51482
51483
51484
51485
51486
51487
51488
51489
51490
51491
51492
51493
51494
51495
51496
51497
51498
51499
