447500
447502
447503
447504
447505
447506
447508
447509
447510
447511
447512
447513
447517
447518
447519
447523
447524
447525
447529
447530
447531
447535
447536
447537
447538
447539
447540
447546
447547
447548
447549
447551
447552
447553
447554
447555
447556
447557
447558
447559
447560
447561
447562
447563
447564
447565
447567
447570
447571
447572
447573
447574
447575
447576
447577
447578
447579
447580
447582
447583
447584
447585
447587
447588
447589
447590
447591
447592
447593
447594
447595
447596
447597
447598
447599
447600
447601
447602
447604
447605
447606
447607
447608
447609
447610
447611
447612
447613
447614
447615
447616
447617
447618
447619
447620
447621
447622
447623
447624
447626
447627
447628
447629
447630
447631
447632
447633
447634
447635
447637
447638
447639
447641
447642
447644
447645
447646
447647
447648
447649
447650
447651
447652
447653
447654
447655
447656
447657
447659
447660
447661
447662
447663
447664
447665
447666
447667
447668
447669
447670
447671
447672
447673
447674
447675
447676
447677
447678
447679
447681
447682
447683
447684
447685
447686
447687
447689
447690
447691
447692
447693
447694
447695
447696
447697
447698
447699
447701
447702
447703
447706
447708
447709
447710
447711
447714
447715
447716
447717
447720
447721
447722
447723
447726
447727
447728
447729
447731
447732
447733
447734
447736
447737
447738
447739
447741
447742
447743
447745
447746
447747
447748
447749
