300250
300251
300252
300254
300255
300256
300257
300258
300260
300261
300262
300263
300264
300265
300266
300267
300268
300269
300270
300271
300272
300273
300274
300275
300276
300277
300279
300280
300282
300283
300285
300286
300287
300288
300289
300290
300291
300292
300293
300294
300295
300296
300297
300298
300299
300300
300301
300302
300303
300304
300305
300306
300307
300308
300310
300311
300312
300313
300314
300315
300316
300317
300318
300319
300320
300321
300322
300323
300324
300325
300326
300330
300331
300332
300334
300335
300336
300337
300338
300339
300340
300341
300342
300343
300344
300345
300346
300347
300348
300349
300350
300351
300352
300353
300354
300355
300356
300357
300358
300359
300360
300361
300362
300364
300365
300366
300367
300368
300370
300371
300372
300373
300375
300376
300377
300379
300380
300381
300382
300383
300385
300387
300388
300389
300390
300392
300395
300397
300398
300400
300401
300402
300403
300404
300405
300406
300407
300409
300410
300412
300413
300414
300415
300416
300417
300418
300419
300420
300421
300422
300424
300427
300428
300429
300430
300431
300432
300433
300435
300436
300437
300438
300439
300440
300441
300442
300443
300444
300445
300446
300447
300448
300449
300450
300452
300454
300457
300458
300459
300460
300461
300462
300463
300464
300465
300466
300467
300468
300469
300470
300472
300473
300474
300476
300477
300478
300479
300480
300481
300482
300483
300484
300485
300486
300487
300488
300489
300490
300491
300492
300493
300494
300495
300496
300497
300498
300499
