21250
21251
21256
21257
21259
21260
21261
21262
21264
21265
21266
21267
21269
21270
21271
21273
21276
21277
21279
21280
21281
21283
21284
21285
21287
21288
21289
21290
21291
21293
21294
21295
21296
21297
21298
21299
21300
21305
21306
21307
21308
21309
21310
21311
21312
21314
21315
21317
21318
21321
21322
21323
21324
21325
21326
21327
21328
21329
21330
21332
21333
21334
21335
21337
21338
21340
21341
21342
21343
21344
21346
21347
21348
21349
21350
21351
21352
21354
21355
21356
21358
21359
21360
21361
21362
21364
21368
21369
21370
21372
21373
21374
21376
21377
21378
21379
21380
21381
21384
21385
21386
21387
21388
21389
21390
21391
21392
21393
21394
21396
21398
21399
21400
21402
21403
21404
21405
21406
21407
21410
21411
21412
21413
21414
21416
21417
21418
21419
21420
21421
21422
21423
21424
21425
21426
21427
21428
21430
21431
21432
21433
21435
21436
21437
21438
21439
21440
21443
21445
21446
21447
21448
21449
21451
21452
21453
21454
21455
21456
21457
21458
21459
21461
21462
21463
21464
21466
21467
21468
21469
21470
21471
21472
21474
21475
21476
21477
21479
21480
21481
21482
21485
21486
21487
21488
21489
21490
21491
21492
21493
21495
21496
21497
