402750
402751
402752
402753
402754
402755
402757
402758
402759
402761
402762
402763
402764
402766
402767
402768
402769
402770
402771
402773
402774
402775
402776
402777
402778
402779
402780
402781
402782
402783
402784
402785
402787
402788
402789
402790
402791
402792
402793
402795
402796
402797
402798
402799
402801
402802
402803
402804
402805
402806
402807
402809
402810
402811
402812
402813
402814
402815
402817
402818
402819
402820
402821
402822
402823
402824
402827
402828
402829
402830
402831
402832
402835
402836
402837
402838
402839
402840
402841
402842
402843
402844
402846
402847
402848
402849
402850
402851
402852
402853
402854
402855
402856
402858
402859
402860
402861
402862
402863
402864
402865
402866
402867
402869
402870
402871
402872
402873
402874
402875
402876
402877
402879
402880
402881
402882
402883
402884
402885
402886
402887
402888
402889
402891
402892
402895
402896
402899
402900
402901
402902
402903
402904
402905
402906
402907
402911
402912
402913
402914
402915
402916
402917
402918
402919
402920
402921
402922
402923
402924
402925
402926
402927
402928
402929
402930
402931
402932
402933
402934
402935
402937
402938
402939
402940
402941
402942
402943
402944
402945
402946
402947
402948
402949
402950
402951
402952
402953
402954
402955
402956
402957
402958
402959
402960
402961
402962
402963
402964
402965
402966
402967
402968
402969
402972
402973
402974
402975
402976
402977
402980
402981
402983
402984
402985
402986
402988
402990
402991
402992
402993
402995
402997
402998
402999
