407250
407251
407252
407253
407254
407255
407256
407257
407258
407259
407260
407261
407262
407263
407264
407265
407266
407267
407268
407269
407270
407271
407272
407273
407274
407275
407276
407277
407278
407279
407280
407281
407282
407283
407284
407285
407286
407287
407288
407289
407290
407291
407292
407293
407294
407295
407296
407297
407298
407299
407300
407301
407302
407303
407304
407305
407306
407307
407308
407309
407311
407312
407313
407314
407315
407316
407317
407318
407319
407321
407322
407323
407324
407325
407326
407327
407328
407329
407330
407331
407332
407334
407335
407336
407337
407339
407340
407341
407342
407344
407345
407346
407347
407348
407349
407350
407351
407352
407353
407354
407356
407357
407358
407359
407360
407362
407363
407364
407365
407366
407368
407369
407370
407371
407372
407373
407374
407375
407377
407381
407383
407387
407388
407389
407390
407392
407393
407394
407395
407396
407397
407399
407400
407401
407402
407404
407405
407406
407407
407411
407413
407414
407415
407416
407417
407419
407422
407423
407424
407425
407426
407428
407429
407430
407431
407432
407433
407434
407435
407436
407437
407438
407439
407440
407441
407442
407443
407444
407445
407447
407448
407449
407450
407451
407452
407457
407458
407459
407460
407461
407466
407467
407468
407469
407470
407472
407473
407474
407476
407477
407478
407479
407480
407481
407483
407484
407485
407486
407487
407488
407489
407490
407491
407492
407493
407495
407496
407497
407498
407499
