311000
311001
311002
311003
311004
311005
311006
311007
311010
311011
311012
311013
311014
311015
311016
311017
311018
311019
311020
311022
311023
311024
311025
311026
311028
311029
311030
311031
311032
311034
311035
311036
311037
311040
311041
311042
311043
311044
311045
311046
311049
311050
311051
311052
311053
311054
311055
311056
311057
311058
311059
311060
311061
311062
311063
311064
311065
311066
311067
311068
311069
311070
311071
311072
311073
311074
311075
311076
311077
311078
311079
311080
311081
311082
311083
311084
311085
311086
311087
311088
311089
311090
311091
311092
311093
311094
311095
311096
311097
311098
311099
311100
311101
311102
311103
311104
311105
311106
311107
311108
311109
311110
311111
311112
311117
311118
311120
311121
311123
311125
311126
311127
311128
311129
311130
311131
311132
311133
311134
311135
311136
311137
311138
311139
311140
311141
311142
311143
311144
311145
311147
311148
311149
311151
311152
311153
311154
311155
311156
311157
311159
311160
311161
311162
311164
311165
311166
311167
311168
311170
311171
311172
311174
311175
311176
311178
311179
311180
311182
311183
311184
311186
311187
311188
311189
311190
311192
311193
311194
311195
311197
311198
311200
311201
311203
311205
311208
311209
311211
311213
311216
311217
311219
311221
311223
311224
311225
311226
311227
311228
311229
311231
311234
311235
311237
311238
311239
311240
311241
311242
311243
311244
311245
311246
311247
311249
