28500
28501
28502
28503
28504
28505
28506
28507
28508
28510
28511
28512
28513
28514
28515
28516
28517
28518
28519
28520
28521
28522
28523
28524
28525
28526
28527
28528
28529
28530
28531
28532
28533
28534
28535
28536
28537
28538
28539
28540
28541
28542
28543
28544
28545
28546
28547
28548
28549
28550
28551
28552
28553
28554
28555
28556
28557
28558
28559
28560
28561
28562
28563
28564
28565
28567
28568
28570
28571
28572
28573
28574
28577
28578
28579
28580
28581
28582
28584
28586
28587
28588
28590
28591
28592
28594
28595
28597
28598
28599
28601
28603
28604
28605
28606
28607
28608
28609
28610
28611
28612
28613
28614
28615
28616
28617
28618
28619
28620
28621
28622
28623
28624
28625
28626
28628
28629
28630
28631
28632
28633
28634
28635
28637
28638
28639
28640
28642
28643
28644
28645
28647
28648
28649
28650
28652
28653
28654
28655
28657
28658
28659
28660
28662
28663
28664
28665
28666
28667
28668
28669
28670
28673
28674
28675
28676
28677
28679
28680
28681
28682
28683
28685
28686
28687
28688
28689
28691
28692
28693
28694
28695
28696
28697
28698
28699
28700
28701
28703
28704
28705
28706
28707
28708
28711
28712
28713
28714
28715
28716
28717
28718
28719
28720
28721
28722
28723
28724
28725
28727
28728
28731
28732
28733
28734
28735
28736
28737
28738
28739
28740
28741
28742
28743
28744
28745
28746
