426500
426501
426502
426504
426505
426507
426508
426509
426511
426512
426513
426514
426515
426516
426518
426519
426520
426521
426523
426524
426525
426526
426527
426528
426532
426533
426534
426535
426536
426539
426542
426543
426544
426545
426547
426548
426549
426550
426551
426552
426553
426554
426555
426556
426557
426558
426559
426560
426561
426562
426563
426564
426565
426566
426567
426568
426569
426570
426571
426572
426573
426574
426575
426576
426577
426578
426579
426580
426581
426582
426583
426584
426585
426586
426587
426588
426589
426590
426591
426592
426593
426594
426598
426599
426600
426601
426602
426603
426604
426605
426606
426607
426608
426609
426610
426611
426612
426614
426615
426616
426617
426618
426619
426620
426621
426622
426623
426624
426625
426626
426628
426629
426630
426631
426632
426634
426635
426636
426637
426638
426640
426641
426642
426643
426644
426646
426647
426648
426649
426650
426652
426653
426654
426655
426656
426658
426659
426660
426661
426662
426666
426667
426668
426669
426670
426671
426673
426674
426676
426678
426679
426680
426681
426682
426683
426684
426686
426687
426688
426689
426691
426692
426693
426694
426695
426696
426697
426698
426699
426700
426701
426703
426704
426705
426706
426707
426708
426709
426711
426712
426713
426714
426715
426716
426717
426719
426720
426721
426723
426724
426725
426726
426727
426728
426729
426730
426731
426733
426734
426735
426736
426737
426738
426739
426740
426741
426742
426743
426744
426745
426746
426747
426748
