291750
291752
291753
291754
291755
291756
291757
291758
291759
291760
291761
291762
291763
291764
291765
291766
291767
291768
291769
291770
291771
291772
291773
291774
291776
291777
291778
291779
291780
291781
291782
291783
291784
291785
291786
291787
291788
291789
291790
291791
291792
291793
291794
291795
291796
291797
291798
291799
291800
291801
291802
291803
291804
291805
291806
291807
291810
291811
291815
291817
291818
291822
291824
291825
291828
291829
291831
291832
291836
291839
291840
291841
291842
291844
291845
291846
291847
291848
291849
291850
291851
291853
291854
291855
291856
291858
291859
291860
291861
291862
291863
291865
291866
291867
291868
291869
291870
291871
291872
291873
291874
291875
291876
291877
291878
291879
291880
291881
291882
291883
291884
291885
291886
291887
291889
291890
291891
291892
291893
291894
291895
291896
291897
291898
291899
291900
291901
291902
291903
291904
291905
291906
291907
291908
291909
291910
291911
291913
291914
291915
291916
291917
291918
291919
291920
291921
291922
291923
291924
291925
291926
291927
291928
291929
291930
291931
291932
291933
291934
291935
291937
291938
291939
291940
291941
291942
291943
291944
291945
291946
291947
291948
291949
291950
291951
291952
291953
291954
291955
291956
291957
291958
291959
291960
291961
291962
291963
291964
291965
291966
291968
291969
291970
291972
291973
291975
291976
291978
291979
291983
291984
291985
291986
291987
291989
291990
291991
291992
291994
291995
291996
291997
291998
291999
