119000
119001
119003
119004
119005
119006
119010
119013
119015
119017
119018
119019
119020
119021
119022
119023
119025
119026
119027
119028
119029
119030
119031
119032
119033
119034
119035
119036
119037
119039
119040
119041
119042
119044
119046
119047
119048
119049
119051
119052
119053
119054
119055
119059
119060
119061
119062
119063
119065
119067
119068
119069
119070
119071
119072
119073
119074
119075
119076
119078
119079
119082
119083
119084
119085
119086
119087
119088
119089
119090
119092
119093
119094
119095
119096
119097
119098
119099
119100
119101
119102
119103
119104
119105
119107
119108
119109
119110
119111
119112
119113
119114
119116
119117
119118
119119
119120
119121
119122
119123
119125
119127
119128
119130
119131
119132
119133
119134
119135
119137
119138
119139
119141
119144
119147
119148
119149
119150
119151
119152
119153
119155
119156
119158
119159
119161
119162
119163
119164
119168
119169
119170
119172
119173
119174
119175
119176
119177
119178
119179
119180
119181
119182
119183
119184
119186
119188
119189
119190
119191
119192
119193
119198
119199
119200
119201
119202
119203
119205
119206
119209
119210
119211
119213
119214
119215
119216
119217
119218
119219
119220
119222
119223
119224
119225
119226
119227
119228
119230
119231
119232
119233
119234
119235
119236
119238
119239
119240
119241
119242
119243
119244
119246
119247
119248
119249
