458500
458501
458502
458503
458504
458505
458506
458507
458508
458509
458510
458511
458512
458513
458515
458516
458517
458519
458520
458521
458522
458523
458524
458527
458528
458529
458531
458532
458533
458536
458543
458544
458548
458550
458556
458560
458563
458564
458566
458567
458569
458570
458571
458573
458575
458577
458578
458579
458581
458582
458584
458586
458587
458588
458589
458590
458591
458592
458593
458594
458595
458596
458597
458598
458599
458600
458602
458603
458604
458605
458606
458607
458608
458609
458610
458611
458612
458613
458614
458616
458617
458619
458620
458621
458622
458623
458624
458626
458627
458628
458630
458633
458634
458635
458637
458638
458639
458640
458641
458642
458643
458644
458645
458646
458647
458649
458650
458651
458652
458653
458656
458657
458658
458659
458662
458663
458665
458666
458667
458668
458669
458670
458671
458672
458673
458676
458677
458678
458679
458680
458682
458683
458684
458686
458687
458688
458689
458690
458691
458692
458693
458694
458695
458696
458697
458698
458699
458700
458701
458702
458703
458704
458705
458707
458708
458709
458710
458711
458712
458713
458714
458715
458716
458717
458718
458720
458721
458722
458723
458724
458725
458726
458728
458729
458730
458731
458732
458733
458734
458735
458736
458738
458739
458740
458741
458742
458743
458744
458745
458746
458748
