430250
430251
430253
430255
430256
430258
430259
430261
430262
430264
430265
430267
430268
430270
430271
430273
430274
430276
430277
430278
430279
430281
430282
430284
430286
430288
430289
430291
430292
430293
430294
430296
430297
430298
430299
430301
430302
430303
430304
430306
430307
430308
430309
430310
430311
430312
430313
430314
430315
430316
430317
430318
430319
430320
430321
430322
430323
430324
430325
430326
430327
430328
430330
430332
430333
430334
430335
430337
430338
430339
430340
430341
430342
430345
430346
430347
430348
430349
430350
430351
430352
430354
430355
430356
430357
430359
430360
430361
430364
430366
430367
430368
430371
430373
430374
430375
430378
430379
430380
430382
430383
430384
430385
430387
430388
430391
430392
430393
430394
430395
430396
430397
430398
430399
430401
430402
430403
430404
430406
430407
430408
430409
430410
430411
430412
430413
430414
430415
430416
430417
430418
430419
430420
430421
430422
430423
430424
430425
430426
430427
430428
430429
430430
430431
430432
430434
430435
430436
430438
430441
430442
430443
430445
430446
430447
430448
430451
430454
430455
430456
430457
430458
430460
430461
430462
430463
430464
430465
430467
430468
430469
430471
430473
430474
430475
430477
430478
430479
430480
430481
430482
430483
430484
430486
430488
430489
430491
430492
430493
430494
430495
430496
430498
430499
