63252
63253
63254
63255
63256
63259
63260
63261
63267
63268
63269
63270
63271
63272
63273
63274
63275
63278
63279
63280
63283
63285
63287
63289
63290
63291
63293
63294
63299
63300
63302
63303
63304
63305
63309
63312
63313
63317
63318
63319
63320
63321
63323
63324
63325
63326
63327
63328
63329
63330
63331
63332
63333
63334
63335
63336
63337
63338
63339
63340
63341
63342
63343
63344
63345
63349
63350
63351
63352
63353
63354
63357
63359
63360
63361
63362
63364
63365
63366
63367
63368
63370
63372
63374
63375
63376
63377
63379
63380
63381
63383
63384
63385
63386
63387
63388
63389
63392
63393
63394
63396
63397
63398
63399
63401
63402
63403
63404
63405
63406
63407
63408
63409
63410
63411
63412
63413
63414
63415
63416
63419
63420
63421
63422
63423
63424
63425
63427
63428
63429
63430
63432
63433
63434
63435
63437
63438
63439
63440
63441
63442
63443
63444
63445
63450
63453
63456
63457
63458
63459
63460
63461
63462
63463
63464
63465
63466
63467
63468
63469
63470
63471
63472
63473
63474
63475
63476
63477
63479
63481
63482
63483
63484
63485
63486
63487
63488
63489
63490
63491
63492
63496
63497
63498
