338750
338751
338753
338754
338755
338757
338758
338759
338760
338761
338763
338764
338765
338766
338767
338768
338769
338770
338771
338772
338773
338774
338775
338776
338777
338778
338779
338780
338781
338782
338783
338784
338785
338786
338787
338788
338789
338790
338791
338792
338793
338794
338795
338796
338797
338798
338799
338800
338802
338803
338804
338806
338807
338808
338809
338810
338811
338812
338813
338814
338815
338816
338817
338818
338819
338820
338821
338822
338823
338824
338825
338826
338827
338828
338829
338830
338831
338832
338834
338836
338839
338840
338841
338843
338844
338845
338846
338847
338848
338849
338851
338852
338854
338855
338856
338857
338858
338859
338861
338863
338865
338867
338873
338874
338879
338880
338881
338882
338883
338884
338885
338886
338888
338889
338890
338891
338892
338893
338894
338895
338896
338897
338898
338899
338900
338901
338902
338903
338904
338905
338906
338907
338908
338909
338910
338911
338912
338913
338914
338915
338916
338917
338918
338919
338920
338922
338923
338924
338925
338926
338927
338928
338929
338930
338931
338933
338934
338935
338936
338937
338938
338939
338940
338941
338942
338943
338944
338945
338946
338947
338948
338949
338950
338951
338952
338953
338954
338955
338956
338957
338958
338959
338960
338961
338962
338963
338964
338965
338968
338969
338970
338971
338972
338973
338974
338975
338976
338977
338978
338979
338980
338981
338982
338983
338984
338985
338986
338987
338988
338989
338990
338991
338992
338993
338994
338995
338996
338997
338998
338999
