19250
19251
19252
19254
19255
19256
19262
19263
19264
19265
19268
19269
19272
19273
19276
19277
19280
19281
19283
19284
19286
19287
19288
19289
19290
19291
19292
19293
19294
19295
19296
19297
19298
19301
19302
19303
19305
19307
19308
19309
19310
19312
19313
19314
19315
19316
19317
19318
19320
19321
19322
19323
19324
19326
19327
19328
19329
19331
19333
19334
19335
19337
19338
19339
19340
19341
19342
19343
19345
19348
19349
19350
19351
19352
19353
19354
19355
19357
19359
19360
19362
19363
19365
19366
19367
19368
19369
19370
19371
19372
19373
19374
19375
19376
19380
19384
19385
19386
19387
19388
19389
19390
19391
19392
19394
19396
19397
19398
19399
19401
19402
19403
19404
19405
19406
19407
19408
19409
19410
19411
19412
19415
19420
19421
19422
19424
19425
19426
19427
19428
19429
19431
19432
19433
19434
19435
19436
19438
19439
19440
19441
19443
19444
19445
19447
19448
19449
19450
19451
19452
19453
19454
19459
19460
19461
19462
19463
19464
19465
19466
19467
19468
19470
19471
19472
19475
19476
19478
19479
19481
19482
19483
19484
19485
19488
19489
19490
19491
19492
19493
19494
19496
19497
19498
