364251
364252
364253
364254
364255
364256
364257
364258
364259
364260
364261
364262
364263
364264
364265
364266
364268
364269
364270
364271
364272
364273
364276
364277
364278
364279
364280
364281
364282
364283
364284
364285
364286
364287
364289
364290
364292
364293
364294
364295
364296
364297
364298
364299
364300
364301
364303
364304
364305
364307
364309
364310
364311
364312
364313
364315
364316
364317
364319
364320
364321
364322
364324
364325
364326
364327
364329
364330
364331
364332
364334
364335
364336
364337
364338
364339
364340
364341
364342
364344
364345
364346
364347
364349
364350
364353
364355
364356
364357
364358
364359
364360
364361
364364
364366
364369
364371
364372
364373
364374
364376
364377
364378
364379
364380
364381
364383
364384
364385
364387
364388
364389
364390
364392
364393
364394
364395
364397
364398
364399
364400
364401
364403
364404
364405
364406
364408
364409
364410
364411
364412
364413
364415
364416
364417
364418
364419
364420
364421
364422
364423
364424
364425
364426
364427
364428
364429
364430
364431
364432
364433
364434
364435
364436
364440
364441
364442
364443
364444
364445
364446
364447
364448
364449
364450
364451
364452
364453
364454
364455
364456
364457
364458
364459
364460
364461
364462
364463
364464
364465
364466
364467
364468
364469
364470
364471
364472
364473
364474
364475
364476
364477
364478
364479
364480
364481
364482
364483
364484
364485
364486
364487
364488
364489
364490
364491
364493
364494
364495
364497
364498
364499
