229500
229501
229502
229503
229504
229506
229507
229508
229511
229512
229513
229515
229516
229517
229524
229526
229527
229531
229533
229536
229537
229538
229539
229540
229541
229543
229544
229547
229548
229549
229550
229551
229552
229553
229554
229555
229556
229557
229559
229560
229561
229562
229563
229564
229565
229566
229567
229568
229569
229570
229571
229572
229573
229574
229575
229576
229579
229580
229581
229582
229584
229585
229586
229587
229588
229590
229591
229592
229593
229595
229596
229597
229598
229600
229601
229603
229604
229605
229606
229607
229609
229610
229612
229613
229615
229616
229618
229620
229621
229622
229623
229625
229626
229627
229628
229629
229631
229632
229633
229634
229636
229637
229638
229639
229641
229642
229643
229650
229651
229654
229655
229656
229658
229659
229660
229661
229663
229664
229665
229666
229667
229668
229669
229670
229671
229672
229673
229674
229675
229676
229677
229678
229681
229682
229683
229685
229686
229687
229688
229690
229691
229692
229694
229695
229696
229697
229698
229700
229701
229702
229703
229704
229705
229706
229707
229708
229709
229710
229711
229712
229713
229715
229716
229718
229719
229720
229721
229722
229724
229725
229727
229728
229729
229731
229732
229733
229734
229735
229736
229737
229738
229740
229741
229742
229743
229744
229745
229746
229748
229749
