205500
205501
205502
205503
205504
205505
205506
205507
205508
205509
205510
205511
205512
205513
205514
205515
205516
205517
205518
205519
205520
205521
205522
205523
205524
205525
205526
205527
205528
205529
205530
205531
205532
205533
205534
205535
205536
205537
205538
205539
205541
205542
205543
205544
205545
205547
205548
205550
205551
205553
205554
205555
205557
205558
205559
205560
205561
205562
205563
205564
205565
205566
205567
205568
205569
205570
205571
205572
205573
205574
205575
205576
205577
205578
205579
205580
205581
205582
205583
205584
205585
205586
205587
205588
205589
205590
205591
205592
205593
205594
205595
205596
205597
205598
205599
205600
205601
205602
205603
205604
205605
205606
205607
205608
205609
205610
205611
205612
205614
205615
205616
205618
205619
205620
205621
205622
205623
205624
205625
205626
205627
205628
205629
205630
205631
205632
205633
205634
205635
205640
205641
205642
205644
205645
205646
205647
205648
205649
205651
205652
205653
205654
205655
205656
205657
205658
205659
205660
205661
205662
205663
205664
205665
205666
205667
205668
205672
205673
205674
205678
205680
205681
205682
205683
205684
205685
205686
205687
205688
205689
205690
205691
205692
205693
205694
205695
205696
205697
205698
205699
205700
205701
205702
205703
205704
205705
205706
205712
205714
205715
205716
205717
205718
205719
205720
205721
205723
205724
205726
205727
205728
205729
205731
205732
205734
205735
205741
205743
205744
205745
205746
205747
205748
205749
