88750
88751
88752
88754
88755
88757
88758
88760
88761
88762
88763
88764
88765
88766
88771
88772
88773
88774
88775
88776
88778
88779
88780
88781
88782
88783
88788
88790
88791
88792
88795
88796
88797
88799
88801
88802
88803
88804
88805
88807
88808
88809
88811
88812
88813
88814
88815
88816
88818
88819
88820
88821
88824
88826
88827
88828
88829
88830
88832
88833
88834
88835
88836
88837
88838
88839
88840
88841
88842
88843
88844
88845
88846
88848
88849
88851
88852
88853
88854
88855
88856
88857
88861
88862
88865
88866
88867
88868
88869
88870
88871
88872
88873
88875
88876
88877
88878
88879
88880
88881
88882
88883
88884
88885
88886
88887
88888
88889
88890
88891
88892
88893
88894
88895
88896
88897
88898
88899
88900
88901
88902
88903
88904
88905
88906
88907
88908
88909
88910
88911
88912
88913
88914
88915
88916
88917
88918
88919
88920
88921
88922
88923
88924
88925
88926
88927
88928
88929
88933
88935
88936
88937
88938
88939
88940
88941
88943
88945
88946
88947
88948
88950
88951
88952
88953
88954
88955
88956
88957
88958
88960
88962
88963
88964
88966
88967
88968
88969
88970
88972
88973
88974
88975
88976
88977
88978
88979
88980
88982
88984
88986
88988
88989
88990
88992
88993
88994
88995
88996
88997
88999
