376250
376251
376253
376254
376256
376257
376258
376259
376260
376261
376262
376263
376264
376266
376267
376268
376269
376270
376271
376272
376273
376274
376276
376277
376278
376279
376280
376282
376283
376284
376285
376286
376287
376288
376289
376290
376291
376292
376293
376294
376298
376299
376301
376302
376303
376304
376305
376306
376307
376308
376311
376312
376313
376314
376315
376316
376317
376319
376320
376321
376322
376323
376324
376325
376326
376327
376328
376329
376330
376332
376333
376334
376335
376336
376337
376338
376339
376340
376341
376342
376343
376345
376346
376347
376348
376349
376351
376352
376353
376354
376355
376356
376358
376359
376360
376361
376362
376363
376366
376367
376368
376369
376371
376372
376373
376374
376375
376376
376377
376378
376379
376380
376381
376382
376383
376384
376385
376386
376387
376388
376389
376391
376392
376393
376394
376396
376397
376398
376399
376401
376402
376403
376404
376405
376406
376408
376409
376410
376411
376412
376413
376415
376416
376417
376418
376419
376420
376421
376422
376423
376424
376425
376426
376427
376428
376429
376430
376431
376432
376433
376434
376435
376436
376437
376438
376441
376442
376444
376445
376446
376447
376448
376449
376450
376451
376452
376453
376454
376455
376456
376457
376458
376459
376460
376461
376462
376463
376464
376465
376466
376467
376468
376469
376470
376471
376472
376473
376474
376475
376476
376477
376478
376479
376480
376481
376482
376483
376484
376485
376486
376487
376488
376489
376490
376491
376492
376493
376494
376495
376496
376497
376498
376499
