208250
208253
208254
208256
208257
208258
208259
208260
208261
208263
208265
208268
208271
208272
208273
208274
208275
208276
208277
208280
208282
208283
208284
208286
208287
208288
208289
208290
208291
208292
208293
208294
208296
208297
208298
208303
208304
208305
208306
208307
208308
208309
208310
208311
208312
208313
208315
208316
208317
208319
208320
208321
208322
208323
208324
208325
208326
208327
208328
208329
208330
208331
208332
208333
208334
208335
208336
208337
208338
208339
208341
208342
208343
208344
208345
208346
208347
208348
208349
208350
208351
208352
208353
208355
208356
208357
208358
208359
208360
208361
208362
208363
208364
208365
208368
208369
208370
208371
208372
208373
208374
208375
208376
208377
208378
208381
208382
208383
208384
208385
208386
208387
208388
208389
208390
208391
208392
208393
208395
208396
208397
208400
208401
208402
208407
208408
208410
208411
208412
208416
208417
208418
208419
208420
208422
208423
208424
208428
208429
208430
208431
208432
208433
208434
208437
208438
208439
208441
208442
208443
208447
208448
208449
208450
208451
208452
208453
208455
208456
208457
208458
208460
208461
208462
208463
208464
208465
208466
208467
208468
208469
208470
208471
208472
208473
208474
208475
208476
208477
208478
208479
208480
208482
208484
208487
208488
208489
208493
208494
208495
208496
208497
208499
