429750
429751
429752
429753
429754
429755
429756
429757
429758
429759
429760
429762
429764
429765
429767
429768
429770
429771
429772
429773
429774
429775
429776
429777
429778
429779
429780
429781
429784
429785
429786
429788
429789
429790
429791
429792
429793
429794
429796
429797
429798
429799
429800
429804
429805
429806
429807
429811
429812
429813
429814
429815
429816
429817
429818
429819
429820
429821
429822
429823
429824
429825
429826
429827
429828
429829
429830
429831
429832
429833
429834
429838
429839
429840
429841
429843
429845
429846
429847
429848
429849
429850
429851
429852
429853
429854
429855
429856
429857
429858
429859
429860
429861
429862
429863
429864
429865
429866
429867
429869
429870
429871
429872
429873
429874
429875
429876
429877
429878
429879
429880
429882
429883
429884
429885
429886
429887
429888
429890
429892
429893
429894
429895
429896
429897
429898
429899
429900
429901
429902
429903
429904
429905
429906
429907
429908
429909
429910
429911
429912
429913
429914
429915
429917
429918
429919
429920
429921
429922
429923
429924
429925
429926
429927
429928
429930
429931
429932
429933
429934
429935
429936
429937
429939
429941
429943
429947
429948
429949
429952
429953
429954
429956
429957
429958
429959
429961
429963
429964
429965
429967
429968
429969
429970
429971
429972
429974
429975
429976
429977
429978
429979
429981
429982
429983
429984
429985
429986
429987
429988
429989
429990
429991
429992
429995
429997
429998
429999
