129000
129001
129002
129003
129004
129005
129006
129007
129008
129009
129010
129011
129013
129014
129015
129016
129019
129020
129021
129022
129023
129024
129025
129026
129027
129028
129029
129031
129032
129033
129034
129035
129037
129038
129039
129040
129041
129042
129043
129044
129045
129046
129047
129050
129051
129053
129054
129055
129056
129058
129059
129060
129061
129062
129063
129064
129065
129066
129068
129069
129070
129071
129072
129073
129074
129075
129076
129077
129078
129079
129080
129081
129082
129083
129084
129085
129087
129088
129089
129090
129091
129092
129093
129094
129095
129096
129097
129098
129099
129100
129101
129102
129103
129104
129105
129106
129107
129108
129109
129110
129111
129112
129114
129115
129116
129117
129118
129120
129121
129122
129124
129125
129126
129127
129129
129131
129132
129133
129137
129139
129140
129141
129142
129143
129144
129145
129146
129147
129148
129149
129150
129151
129152
129153
129154
129155
129156
129157
129158
129159
129160
129161
129162
129163
129164
129165
129166
129167
129168
129169
129170
129172
129173
129174
129175
129176
129177
129178
129180
129181
129182
129184
129185
129187
129188
129189
129190
129191
129193
129194
129196
129197
129199
129200
129201
129202
129203
129204
129205
129207
129208
129209
129210
129211
129212
129213
129214
129215
129216
129217
129218
129219
129220
129221
129222
129223
129224
129225
129226
129227
129228
129229
129230
129231
129232
129233
129234
129235
129236
129237
129238
129239
129241
129242
129243
129244
129245
129247
129248
129249
