313500
313501
313502
313503
313504
313505
313506
313507
313508
313509
313510
313512
313513
313514
313515
313516
313517
313518
313519
313520
313521
313522
313523
313525
313526
313527
313528
313529
313530
313531
313532
313533
313534
313536
313539
313540
313541
313542
313547
313548
313549
313550
313552
313553
313554
313555
313556
313557
313559
313560
313561
313562
313563
313564
313565
313566
313567
313568
313570
313571
313572
313573
313574
313575
313576
313577
313578
313579
313581
313582
313583
313584
313585
313586
313587
313588
313589
313590
313592
313593
313594
313595
313596
313597
313598
313599
313600
313601
313603
313604
313605
313606
313607
313608
313609
313610
313611
313612
313614
313615
313616
313617
313618
313619
313620
313621
313622
313623
313624
313629
313630
313631
313633
313634
313635
313636
313637
313638
313639
313640
313641
313642
313643
313644
313645
313646
313647
313648
313649
313650
313651
313652
313653
313654
313655
313656
313657
313658
313659
313660
313661
313662
313663
313664
313665
313666
313667
313668
313669
313670
313671
313672
313673
313674
313675
313676
313677
313678
313679
313680
313681
313682
313683
313684
313685
313686
313687
313688
313689
313690
313691
313692
313693
313694
313695
313696
313697
313698
313699
313700
313701
313702
313703
313704
313705
313706
313707
313708
313709
313710
313711
313712
313713
313714
313715
313716
313717
313718
313719
313720
313721
313722
313723
313724
313725
313727
313728
313730
313731
313732
313733
313734
313736
313737
313738
313739
313740
313741
313742
313743
313744
313745
313746
313747
313748
313749
