376000
376001
376002
376003
376004
376005
376006
376008
376009
376010
376011
376012
376013
376014
376015
376016
376017
376018
376020
376021
376022
376023
376025
376029
376031
376032
376035
376036
376037
376038
376039
376040
376044
376045
376046
376047
376048
376049
376050
376051
376052
376053
376054
376055
376056
376058
376059
376060
376061
376062
376064
376065
376066
376067
376068
376069
376070
376072
376073
376074
376075
376076
376077
376078
376083
376087
376088
376089
376091
376092
376093
376094
376095
376096
376097
376098
376099
376100
376101
376103
376104
376106
376107
376108
376109
376111
376112
376113
376114
376116
376117
376118
376119
376121
376122
376123
376124
376125
376127
376128
376129
376131
376132
376133
376134
376136
376137
376138
376139
376141
376142
376143
376144
376146
376147
376149
376150
376151
376152
376153
376154
376158
376159
376161
376162
376163
376164
376165
376166
376168
376171
376172
376173
376174
376175
376176
376177
376181
376185
376186
376187
376188
376189
376193
376197
376198
376200
376202
376203
376204
376205
376206
376207
376208
376209
376210
376211
376212
376213
376215
376216
376217
376218
376219
376220
376221
376222
376223
376224
376225
376226
376227
376228
376229
376230
376231
376232
376233
376234
376235
376236
376237
376239
376240
376241
376243
376244
376245
376247
376249
