439250
439251
439252
439253
439254
439255
439256
439258
439260
439261
439262
439263
439264
439265
439266
439267
439268
439269
439270
439271
439272
439273
439274
439275
439276
439277
439278
439279
439280
439281
439282
439283
439284
439285
439286
439287
439288
439289
439290
439291
439293
439294
439295
439296
439297
439298
439299
439301
439302
439304
439305
439306
439307
439309
439310
439311
439312
439313
439314
439315
439317
439318
439319
439320
439321
439323
439324
439325
439326
439327
439328
439329
439330
439331
439332
439333
439334
439335
439336
439337
439338
439339
439340
439342
439343
439344
439345
439346
439347
439348
439349
439350
439351
439352
439353
439354
439355
439356
439358
439360
439361
439362
439363
439364
439366
439367
439368
439369
439370
439371
439372
439373
439374
439376
439377
439378
439379
439380
439381
439382
439384
439385
439386
439387
439388
439389
439390
439392
439393
439394
439395
439396
439397
439398
439400
439401
439402
439403
439404
439405
439406
439408
439409
439410
439411
439412
439413
439414
439416
439417
439418
439419
439420
439421
439422
439424
439425
439426
439427
439428
439429
439430
439431
439432
439433
439434
439435
439436
439438
439439
439440
439441
439442
439443
439444
439446
439447
439448
439449
439450
439451
439452
439453
439456
439458
439459
439460
439461
439463
439464
439465
439466
439467
439468
439469
439470
439471
439472
439473
439474
439475
439476
439477
439478
439479
439480
439481
439485
439486
439490
439491
439495
439496
