202251
202252
202253
202254
202255
202257
202258
202259
202260
202261
202262
202263
202264
202265
202266
202267
202268
202270
202271
202272
202273
202274
202275
202277
202278
202279
202281
202282
202283
202284
202285
202286
202287
202288
202289
202290
202291
202292
202293
202294
202295
202296
202297
202298
202299
202300
202301
202302
202303
202304
202305
202306
202307
202308
202309
202310
202311
202312
202313
202314
202315
202316
202317
202318
202319
202320
202321
202322
202323
202324
202325
202326
202327
202328
202329
202330
202331
202332
202333
202334
202335
202336
202337
202338
202339
202340
202341
202342
202343
202344
202345
202346
202347
202348
202349
202350
202351
202352
202353
202354
202355
202356
202357
202358
202359
202360
202361
202362
202363
202364
202365
202366
202367
202368
202369
202370
202371
202372
202373
202374
202375
202376
202377
202378
202379
202380
202381
202382
202384
202386
202387
202388
202389
202390
202391
202392
202395
202396
202397
202398
202400
202401
202402
202403
202405
202406
202410
202427
202429
202430
202431
202432
202433
202434
202435
202436
202437
202438
202439
202440
202441
202442
202444
202445
202446
202449
202450
202451
202452
202453
202454
202455
202456
202457
202458
202459
202460
202461
202462
202463
202465
202466
202467
202469
202471
202472
202473
202474
202476
202477
202479
202480
202481
202482
202483
202485
202486
202487
202488
202489
202490
202491
202493
202494
202495
202496
202497
202498
202499
