314500
314501
314502
314503
314506
314507
314508
314509
314510
314511
314512
314513
314514
314515
314518
314519
314522
314523
314525
314526
314527
314528
314529
314530
314532
314533
314534
314535
314536
314537
314540
314541
314542
314543
314544
314545
314546
314547
314548
314549
314550
314551
314554
314555
314556
314557
314558
314559
314560
314561
314562
314563
314564
314565
314568
314569
314570
314574
314576
314577
314578
314579
314580
314581
314582
314583
314584
314585
314586
314588
314589
314590
314591
314592
314594
314595
314596
314597
314598
314599
314600
314602
314603
314604
314605
314606
314608
314609
314610
314611
314612
314613
314614
314615
314618
314619
314621
314622
314623
314624
314626
314627
314628
314630
314631
314632
314633
314634
314635
314636
314637
314638
314639
314640
314641
314642
314643
314644
314645
314646
314647
314648
314649
314651
314653
314654
314655
314656
314657
314658
314659
314660
314661
314662
314663
314666
314667
314668
314671
314672
314673
314675
314676
314677
314678
314679
314681
314682
314683
314685
314686
314687
314688
314689
314690
314691
314692
314693
314694
314695
314696
314697
314698
314699
314701
314702
314703
314704
314705
314706
314707
314708
314709
314710
314711
314713
314714
314715
314716
314717
314718
314719
314720
314721
314722
314723
314724
314725
314726
314727
314728
314730
314731
314732
314733
314734
314735
314736
314737
314738
314739
314740
314741
314742
314743
314744
314745
314746
314747
314748
314749
