328000
328002
328004
328007
328009
328010
328011
328013
328014
328015
328016
328017
328018
328019
328021
328022
328023
328024
328025
328026
328028
328029
328030
328031
328034
328038
328040
328042
328043
328044
328045
328046
328047
328048
328049
328050
328051
328052
328053
328054
328057
328058
328060
328061
328062
328063
328064
328067
328068
328070
328071
328072
328073
328074
328077
328078
328080
328081
328084
328085
328086
328087
328088
328089
328090
328093
328094
328095
328096
328097
328098
328099
328101
328102
328103
328104
328105
328106
328107
328108
328110
328111
328115
328116
328117
328118
328119
328120
328121
328122
328123
328124
328125
328126
328127
328128
328129
328130
328131
328132
328134
328136
328137
328138
328139
328140
328141
328142
328144
328145
328146
328147
328148
328149
328150
328152
328153
328154
328155
328156
328157
328158
328160
328162
328164
328165
328166
328167
328168
328169
328170
328172
328173
328174
328175
328177
328178
328179
328180
328181
328184
328185
328186
328189
328190
328191
328195
328197
328198
328200
328203
328204
328205
328206
328207
328208
328209
328210
328211
328212
328213
328214
328215
328216
328217
328218
328219
328220
328221
328222
328223
328225
328226
328228
328229
328230
328231
328232
328234
328235
328236
328237
328238
328239
328240
328241
328242
328243
328244
328246
328247
328248
328249
