299501
299502
299503
299505
299506
299507
299508
299509
299510
299512
299513
299517
299518
299519
299521
299522
299523
299524
299525
299526
299527
299528
299529
299530
299531
299532
299533
299536
299537
299538
299539
299540
299541
299543
299544
299545
299546
299547
299548
299549
299550
299551
299553
299554
299555
299556
299557
299558
299559
299560
299561
299563
299564
299565
299566
299567
299568
299569
299570
299571
299572
299573
299574
299575
299576
299577
299578
299579
299580
299581
299582
299583
299584
299586
299587
299588
299589
299590
299591
299592
299593
299594
299595
299597
299598
299599
299600
299602
299603
299604
299605
299606
299607
299608
299609
299610
299614
299617
299620
299623
299624
299625
299628
299631
299634
299637
299640
299641
299643
299644
299646
299648
299649
299651
299653
299654
299656
299657
299661
299662
299663
299665
299666
299667
299668
299669
299670
299671
299673
299676
299677
299678
299679
299681
299682
299683
299684
299685
299687
299688
299689
299690
299692
299693
299694
299695
299696
299697
299698
299699
299700
299701
299702
299703
299704
299705
299706
299707
299708
299709
299710
299711
299713
299715
299716
299717
299718
299719
299720
299721
299723
299724
299725
299726
299727
299730
299731
299732
299733
299734
299735
299736
299737
299738
299739
299740
299741
299742
299743
299744
299745
299746
299747
299748
299749
