252250
252251
252252
252253
252254
252256
252257
252259
252260
252261
252263
252264
252265
252266
252267
252268
252270
252271
252272
252273
252274
252275
252276
252277
252278
252279
252280
252281
252282
252283
252287
252288
252289
252290
252291
252292
252293
252296
252297
252298
252299
252300
252301
252304
252305
252306
252308
252311
252312
252313
252314
252315
252316
252317
252318
252319
252320
252321
252322
252323
252324
252325
252326
252327
252329
252332
252333
252335
252336
252337
252338
252339
252340
252341
252342
252344
252345
252346
252347
252348
252349
252350
252351
252353
252354
252355
252356
252357
252358
252359
252360
252361
252363
252364
252365
252366
252367
252368
252369
252370
252371
252372
252373
252374
252375
252376
252377
252378
252381
252382
252383
252384
252385
252387
252388
252389
252390
252391
252392
252393
252394
252395
252397
252398
252399
252400
252401
252402
252403
252404
252406
252407
252408
252409
252410
252411
252412
252413
252414
252415
252416
252418
252419
252420
252421
252422
252423
252424
252425
252426
252427
252428
252429
252430
252432
252433
252434
252435
252436
252438
252440
252441
252442
252443
252444
252445
252446
252447
252448
252450
252451
252452
252453
252454
252455
252457
252458
252459
252460
252461
252462
252463
252464
252465
252466
252467
252468
252475
252476
252477
252478
252479
252480
252481
252482
252483
252484
252485
252486
252487
252488
252489
252490
252491
252492
252493
252494
252495
252496
252497
252498
252499
