354000
354001
354002
354004
354005
354006
354009
354010
354011
354016
354017
354018
354019
354020
354021
354022
354023
354024
354025
354026
354028
354029
354030
354031
354032
354033
354034
354035
354036
354037
354038
354039
354040
354041
354042
354043
354044
354045
354046
354047
354049
354050
354051
354053
354054
354055
354057
354058
354059
354061
354062
354063
354064
354065
354066
354067
354069
354070
354071
354072
354073
354074
354075
354076
354078
354079
354080
354081
354082
354083
354084
354085
354086
354087
354088
354090
354091
354092
354093
354094
354095
354096
354098
354099
354100
354101
354102
354103
354104
354105
354106
354107
354108
354109
354111
354112
354113
354114
354115
354116
354117
354118
354119
354120
354121
354122
354124
354125
354126
354127
354128
354129
354130
354131
354132
354133
354134
354136
354137
354138
354139
354140
354141
354142
354144
354145
354146
354147
354148
354149
354150
354151
354152
354153
354154
354155
354157
354158
354159
354160
354161
354162
354163
354164
354165
354166
354167
354168
354170
354171
354172
354173
354174
354175
354176
354177
354178
354179
354180
354181
354183
354184
354185
354186
354187
354188
354189
354190
354191
354192
354193
354194
354196
354197
354198
354199
354200
354201
354202
354203
354204
354205
354206
354207
354209
354210
354211
354212
354213
354214
354215
354216
354217
354218
354219
354220
354222
354223
354224
354225
354226
354227
354228
354229
354230
354231
354232
354233
354235
354236
354237
354238
354239
354240
354241
354242
354243
354244
354245
354247
354248
354249
