153000
153001
153004
153006
153007
153008
153009
153010
153011
153013
153014
153015
153016
153017
153018
153020
153021
153022
153023
153024
153027
153030
153034
153035
153037
153039
153041
153042
153043
153045
153047
153048
153049
153051
153053
153054
153055
153057
153058
153059
153062
153063
153064
153065
153066
153067
153068
153069
153070
153071
153072
153073
153074
153075
153076
153077
153078
153079
153081
153082
153083
153084
153085
153086
153087
153088
153089
153091
153093
153094
153095
153096
153097
153098
153099
153103
153104
153105
153106
153107
153109
153110
153111
153112
153115
153116
153117
153118
153119
153120
153122
153123
153125
153131
153132
153133
153134
153136
153141
153143
153144
153145
153146
153147
153148
153150
153154
153155
153156
153159
153160
153161
153162
153163
153165
153166
153168
153169
153170
153171
153172
153173
153174
153175
153176
153177
153179
153182
153184
153185
153186
153187
153190
153191
153192
153193
153194
153195
153196
153197
153198
153199
153200
153201
153202
153203
153204
153207
153210
153211
153212
153213
153214
153215
153216
153217
153221
153222
153223
153224
153225
153226
153227
153228
153230
153231
153232
153233
153234
153235
153236
153237
153238
153239
153240
153241
153242
153243
153244
153245
153246
153247
153248
153249
