233003
233007
233013
233016
233017
233019
233021
233022
233024
233026
233028
233029
233030
233031
233032
233034
233035
233036
233037
233038
233039
233040
233042
233044
233045
233046
233047
233049
233051
233052
233053
233054
233055
233056
233057
233058
233059
233060
233062
233063
233065
233066
233067
233068
233069
233071
233072
233073
233074
233077
233078
233079
233080
233082
233083
233084
233085
233086
233087
233088
233089
233091
233092
233094
233095
233096
233098
233102
233103
233105
233106
233107
233108
233109
233110
233111
233112
233113
233114
233115
233117
233118
233119
233120
233121
233122
233123
233124
233126
233128
233130
233131
233132
233133
233134
233135
233137
233139
233140
233141
233142
233143
233145
233146
233147
233148
233149
233150
233151
233152
233153
233154
233155
233156
233157
233158
233159
233160
233161
233162
233163
233164
233165
233166
233167
233168
233169
233170
233171
233172
233173
233175
233176
233177
233178
233179
233180
233181
233182
233183
233184
233186
233187
233188
233191
233192
233194
233195
233196
233197
233198
233199
233200
233201
233202
233203
233204
233205
233206
233207
233208
233209
233210
233212
233214
233216
233217
233218
233219
233220
233221
233222
233223
233224
233225
233226
233227
233228
233229
233230
233231
233232
233233
233236
233237
233238
233239
233240
233241
233242
233243
233244
233246
233247
233248
233249
