232001
232002
232003
232004
232005
232006
232007
232009
232010
232012
232014
232015
232016
232017
232018
232020
232021
232022
232023
232024
232026
232028
232029
232031
232032
232033
232035
232036
232037
232038
232039
232040
232041
232042
232045
232046
232048
232049
232050
232051
232052
232053
232054
232055
232056
232057
232058
232059
232061
232062
232063
232065
232066
232068
232069
232070
232071
232072
232073
232074
232075
232077
232079
232080
232082
232083
232084
232085
232086
232088
232089
232090
232092
232093
232095
232097
232098
232099
232100
232101
232102
232103
232105
232106
232107
232108
232109
232110
232111
232113
232114
232115
232116
232117
232118
232119
232120
232122
232123
232126
232127
232128
232129
232130
232131
232132
232134
232135
232136
232138
232139
232140
232141
232142
232143
232144
232146
232147
232148
232149
232152
232153
232154
232155
232157
232158
232159
232163
232164
232165
232166
232167
232169
232170
232171
232175
232176
232177
232178
232179
232181
232182
232183
232187
232188
232189
232190
232191
232193
232194
232195
232199
232200
232201
232202
232203
232205
232206
232207
232211
232212
232213
232214
232215
232216
232217
232218
232219
232221
232222
232223
232227
232228
232229
232230
232231
232232
232233
232234
232235
232236
232237
232238
232239
232240
232241
232242
232243
232244
232245
232246
232247
232248
232249
