389251
389252
389254
389255
389256
389257
389258
389259
389261
389262
389263
389264
389265
389266
389267
389268
389269
389270
389271
389273
389274
389278
389279
389280
389281
389283
389284
389285
389286
389287
389288
389289
389290
389292
389293
389294
389295
389297
389298
389300
389301
389302
389303
389304
389307
389308
389309
389311
389312
389313
389314
389317
389319
389320
389321
389322
389323
389324
389325
389326
389328
389329
389330
389331
389332
389333
389334
389335
389336
389337
389338
389339
389341
389342
389343
389344
389345
389346
389347
389348
389349
389350
389351
389352
389353
389354
389355
389356
389357
389358
389359
389360
389362
389363
389364
389365
389366
389368
389369
389370
389371
389372
389373
389376
389377
389378
389379
389380
389382
389383
389385
389386
389388
389389
389390
389391
389392
389394
389395
389396
389397
389398
389399
389400
389401
389402
389403
389404
389405
389406
389407
389408
389409
389410
389411
389412
389413
389414
389415
389416
389417
389418
389419
389420
389421
389422
389423
389424
389425
389426
389427
389428
389429
389430
389431
389432
389433
389434
389435
389436
389437
389438
389439
389440
389441
389442
389443
389444
389445
389446
389447
389448
389449
389450
389451
389452
389453
389455
389458
389459
389460
389461
389462
389463
389464
389465
389469
389471
389472
389473
389474
389476
389478
389479
389480
389481
389482
389483
389484
389485
389486
389488
389489
389490
389491
389492
389493
389494
389495
389497
389498
