121000
121002
121003
121006
121007
121008
121009
121010
121011
121012
121013
121014
121015
121016
121017
121018
121019
121020
121021
121022
121023
121024
121026
121027
121028
121031
121032
121033
121037
121038
121039
121040
121041
121042
121043
121044
121047
121048
121049
121050
121051
121052
121054
121055
121057
121058
121059
121061
121062
121064
121065
121066
121067
121068
121070
121073
121076
121079
121080
121082
121083
121084
121086
121087
121088
121089
121090
121091
121092
121093
121094
121096
121097
121098
121099
121100
121101
121103
121104
121106
121107
121109
121110
121111
121112
121113
121114
121115
121116
121117
121119
121120
121121
121122
121123
121124
121126
121127
121129
121130
121131
121133
121134
121136
121137
121138
121139
121140
121141
121142
121143
121144
121145
121146
121147
121148
121149
121150
121151
121156
121157
121159
121161
121162
121163
121164
121165
121166
121167
121168
121169
121172
121173
121174
121175
121176
121177
121178
121179
121180
121181
121183
121184
121185
121186
121188
121189
121190
121191
121192
121193
121194
121195
121196
121197
121198
121200
121201
121202
121203
121204
121205
121207
121208
121209
121210
121211
121212
121213
121214
121216
121217
121218
121219
121220
121221
121222
121223
121224
121225
121226
121227
121228
121229
121230
121231
121232
121233
121234
121235
121236
121237
121238
121240
121241
121243
121244
121245
121248
