348250
348251
348252
348253
348254
348256
348257
348258
348259
348260
348261
348262
348263
348264
348265
348266
348267
348268
348269
348270
348271
348272
348273
348274
348275
348276
348277
348278
348279
348280
348281
348282
348283
348284
348285
348286
348287
348288
348289
348290
348291
348292
348293
348294
348295
348296
348297
348298
348299
348300
348301
348302
348303
348304
348305
348306
348307
348308
348309
348310
348311
348312
348313
348314
348315
348316
348317
348318
348319
348320
348321
348322
348324
348325
348326
348329
348330
348331
348332
348333
348334
348335
348337
348338
348339
348340
348341
348342
348344
348345
348346
348347
348348
348349
348350
348351
348352
348353
348354
348355
348357
348359
348361
348362
348363
348364
348366
348367
348368
348369
348370
348371
348373
348374
348375
348376
348377
348379
348380
348381
348382
348383
348385
348386
348387
348388
348389
348391
348394
348395
348397
348398
348399
348400
348401
348403
348404
348406
348407
348408
348409
348410
348411
348412
348413
348414
348415
348416
348417
348418
348420
348421
348422
348423
348425
348426
348427
348428
348429
348430
348431
348432
348433
348435
348436
348437
348438
348439
348440
348441
348442
348443
348444
348445
348446
348447
348448
348449
348450
348451
348452
348453
348454
348455
348456
348457
348458
348459
348460
348461
348462
348463
348464
348465
348466
348467
348468
348469
348470
348471
348472
348473
348474
348475
348476
348477
348478
348479
348480
348482
348483
348484
348486
348487
348488
348489
348490
348491
348492
348493
348494
348495
348496
348497
348498
348499
