100750
100751
100752
100753
100754
100755
100757
100758
100759
100761
100762
100763
100765
100766
100767
100768
100769
100770
100771
100772
100773
100774
100775
100776
100779
100780
100782
100783
100787
100788
100790
100791
100792
100793
100794
100801
100802
100804
100805
100807
100810
100811
100813
100814
100815
100816
100817
100818
100819
100820
100821
100822
100823
100824
100825
100827
100828
100829
100830
100831
100832
100833
100834
100835
100836
100837
100838
100839
100840
100841
100842
100843
100844
100845
100846
100847
100848
100849
100850
100851
100852
100853
100854
100855
100856
100857
100858
100859
100860
100861
100862
100863
100865
100866
100867
100868
100869
100870
100871
100872
100874
100875
100876
100877
100879
100880
100881
100882
100883
100885
100886
100887
100888
100890
100891
100893
100894
100895
100896
100897
100898
100900
100901
100902
100903
100904
100905
100907
100909
100910
100911
100913
100915
100916
100917
100918
100920
100921
100922
100923
100924
100925
100926
100927
100928
100929
100930
100931
100932
100933
100934
100935
100936
100937
100939
100942
100943
100944
100945
100946
100947
100948
100949
100950
100953
100954
100955
100957
100959
100961
100963
100964
100965
100966
100967
100968
100969
100970
100971
100972
100973
100976
100977
100978
100979
100980
100981
100984
100985
100988
100989
100990
100991
100992
100993
100994
100995
100996
100997
100998
100999
