237500
237502
237504
237506
237507
237512
237513
237514
237515
237517
237520
237521
237522
237523
237524
237525
237526
237527
237528
237529
237530
237531
237532
237534
237535
237536
237537
237538
237539
237541
237542
237543
237547
237548
237549
237550
237551
237553
237554
237555
237556
237558
237559
237560
237561
237562
237564
237565
237566
237568
237569
237572
237573
237574
237575
237576
237577
237578
237581
237582
237583
237584
237585
237587
237588
237589
237590
237591
237593
237594
237595
237596
237597
237602
237603
237604
237605
237606
237607
237608
237609
237610
237611
237613
237614
237615
237616
237617
237618
237619
237620
237621
237622
237624
237625
237626
237627
237628
237630
237631
237632
237635
237636
237638
237639
237640
237641
237643
237644
237646
237647
237648
237649
237650
237651
237652
237653
237654
237655
237656
237657
237658
237659
237660
237661
237662
237663
237664
237666
237667
237668
237669
237670
237671
237672
237673
237674
237675
237676
237678
237679
237680
237681
237683
237684
237685
237686
237687
237688
237689
237691
237692
237693
237694
237695
237696
237697
237699
237701
237702
237703
237705
237707
237708
237709
237710
237711
237712
237714
237715
237716
237717
237718
237719
237721
237722
237723
237724
237725
237726
237727
237729
237730
237731
237732
237734
237735
237736
237737
237739
237740
237741
237742
237744
237745
237746
237747
237748
237749
