427250
427251
427252
427253
427254
427255
427256
427258
427259
427260
427261
427262
427263
427264
427265
427266
427267
427268
427269
427270
427272
427273
427275
427276
427279
427280
427282
427284
427285
427286
427287
427288
427289
427290
427291
427292
427293
427294
427295
427296
427297
427298
427299
427300
427301
427302
427303
427304
427306
427307
427308
427310
427311
427312
427313
427315
427316
427317
427318
427320
427321
427322
427323
427324
427325
427326
427327
427328
427329
427332
427333
427334
427336
427337
427339
427340
427341
427342
427344
427345
427346
427347
427348
427349
427350
427351
427352
427353
427354
427355
427356
427357
427358
427359
427360
427361
427362
427363
427364
427366
427369
427370
427373
427374
427375
427376
427378
427379
427381
427382
427384
427385
427386
427387
427388
427389
427390
427391
427394
427395
427396
427397
427400
427402
427403
427404
427405
427406
427407
427408
427409
427410
427411
427413
427414
427416
427417
427418
427420
427421
427422
427423
427424
427425
427426
427428
427429
427430
427431
427432
427433
427436
427437
427439
427440
427442
427443
427444
427445
427446
427448
427449
427451
427452
427454
427455
427456
427457
427458
427460
427461
427463
427464
427466
427467
427468
427469
427470
427472
427473
427475
427476
427478
427479
427480
427481
427482
427484
427485
427487
427488
427490
427491
427492
427493
427494
427495
427496
427497
427498
427499
