286250
286251
286252
286254
286255
286256
286257
286259
286260
286261
286263
286264
286265
286266
286267
286268
286269
286270
286271
286272
286273
286275
286276
286279
286280
286281
286282
286283
286284
286285
286286
286287
286288
286289
286290
286291
286292
286293
286294
286296
286297
286299
286300
286301
286302
286303
286304
286305
286306
286307
286308
286309
286310
286311
286312
286313
286314
286315
286316
286317
286318
286319
286320
286322
286323
286326
286327
286328
286331
286332
286333
286334
286335
286336
286337
286338
286340
286341
286342
286343
286344
286345
286346
286347
286349
286350
286352
286353
286354
286355
286357
286358
286359
286360
286362
286363
286364
286365
286367
286368
286369
286370
286371
286372
286373
286374
286375
286376
286377
286378
286379
286380
286381
286382
286383
286384
286385
286386
286387
286388
286389
286390
286391
286392
286393
286394
286396
286397
286398
286399
286400
286401
286402
286404
286405
286406
286407
286408
286409
286412
286413
286414
286416
286417
286418
286420
286421
286422
286423
286424
286426
286427
286428
286429
286430
286431
286432
286433
286434
286435
286436
286437
286438
286439
286440
286441
286442
286443
286444
286445
286446
286447
286448
286449
286450
286451
286452
286453
286454
286455
286456
286457
286458
286459
286460
286461
286462
286463
286464
286465
286466
286467
286468
286470
286472
286473
286475
286476
286477
286478
286479
286483
286485
286486
286487
286488
286489
286490
286492
286493
286494
286495
286496
286497
286498
286499
