37250
37251
37252
37253
37254
37256
37258
37259
37260
37261
37262
37263
37264
37265
37267
37269
37271
37272
37273
37274
37275
37276
37277
37278
37279
37280
37281
37282
37283
37284
37285
37286
37287
37288
37289
37290
37291
37292
37293
37296
37297
37298
37299
37300
37301
37302
37303
37305
37306
37307
37308
37309
37310
37311
37313
37314
37315
37316
37317
37318
37319
37321
37322
37324
37325
37326
37327
37328
37329
37331
37332
37333
37334
37335
37337
37341
37342
37344
37348
37349
37351
37355
37357
37358
37359
37360
37361
37362
37363
37365
37366
37368
37369
37370
37371
37372
37373
37374
37375
37376
37377
37378
37379
37380
37381
37384
37386
37387
37388
37389
37390
37391
37392
37393
37394
37395
37396
37397
37398
37399
37400
37401
37402
37403
37404
37405
37406
37407
37408
37409
37410
37413
37414
37415
37416
37417
37418
37419
37420
37422
37423
37424
37425
37426
37428
37429
37430
37431
37432
37433
37434
37435
37436
37437
37438
37439
37440
37441
37442
37443
37444
37445
37446
37447
37448
37449
37450
37454
37455
37457
37459
37460
37461
37462
37463
37464
37465
37466
37467
37468
37469
37470
37471
37472
37473
37474
37475
37476
37477
37478
37479
37480
37481
37482
37483
37484
37485
37486
37488
37490
37491
37492
37493
37494
37495
37496
37498
37499
