82001
82002
82003
82004
82005
82006
82007
82008
82009
82010
82011
82012
82013
82014
82015
82017
82018
82019
82021
82022
82023
82024
82025
82026
82027
82031
82032
82033
82034
82036
82037
82038
82039
82040
82042
82043
82045
82046
82047
82049
82050
82052
82053
82054
82056
82057
82058
82059
82060
82061
82062
82063
82064
82065
82066
82067
82068
82071
82072
82073
82074
82075
82076
82077
82078
82079
82080
82081
82082
82083
82084
82085
82086
82087
82088
82089
82090
82092
82093
82095
82096
82097
82098
82099
82100
82101
82104
82105
82106
82107
82109
82110
82112
82113
82114
82115
82116
82117
82118
82119
82120
82121
82122
82123
82124
82125
82126
82127
82128
82129
82130
82131
82132
82133
82134
82135
82136
82137
82138
82139
82140
82141
82142
82143
82144
82145
82146
82148
82149
82151
82152
82153
82154
82155
82156
82157
82158
82159
82160
82161
82162
82163
82164
82165
82166
82167
82168
82169
82170
82171
82172
82174
82176
82177
82181
82182
82184
82185
82186
82187
82188
82189
82190
82191
82192
82193
82194
82195
82196
82197
82198
82199
82200
82201
82202
82203
82204
82205
82206
82207
82208
82209
82210
82211
82212
82213
82214
82215
82216
82217
82218
82219
82220
82222
82223
82224
82225
82226
82227
82228
82229
82230
82231
82232
82233
82234
82235
82236
82237
82238
82239
82240
82242
82244
82245
82246
82247
82248
