434500
434501
434502
434503
434504
434505
434506
434507
434508
434509
434510
434511
434512
434513
434514
434515
434516
434517
434518
434519
434521
434522
434523
434524
434525
434526
434528
434529
434530
434531
434533
434534
434535
434536
434537
434538
434539
434540
434541
434542
434543
434544
434545
434546
434547
434548
434549
434550
434551
434552
434553
434554
434555
434556
434557
434558
434559
434560
434561
434562
434563
434564
434565
434566
434567
434568
434569
434570
434571
434572
434573
434574
434575
434576
434577
434578
434579
434580
434581
434582
434583
434584
434585
434587
434588
434589
434590
434591
434592
434593
434594
434595
434596
434597
434598
434599
434600
434601
434602
434603
434604
434605
434606
434607
434608
434609
434610
434611
434612
434613
434614
434615
434616
434617
434618
434619
434620
434621
434622
434623
434624
434625
434626
434627
434629
434630
434631
434632
434633
434634
434635
434636
434637
434638
434639
434640
434641
434642
434643
434644
434645
434646
434647
434648
434649
434650
434651
434652
434653
434654
434655
434656
434657
434658
434659
434660
434661
434662
434663
434664
434665
434666
434667
434668
434669
434670
434671
434672
434673
434674
434675
434676
434677
434678
434679
434681
434682
434683
434684
434685
434688
434692
434694
434695
434697
434698
434699
434701
434703
434704
434707
434708
434710
434711
434712
434713
434715
434716
434717
434718
434719
434720
434721
434722
434723
434724
434725
434726
434727
434728
434729
434730
434731
434732
434733
434734
434735
434736
434737
434738
434739
434740
434741
434742
434743
434744
434745
434746
434747
434748
434749
