169250
169251
169252
169253
169254
169255
169256
169257
169258
169259
169260
169261
169262
169263
169264
169265
169266
169267
169268
169270
169271
169272
169276
169277
169278
169279
169281
169282
169283
169284
169285
169287
169288
169289
169290
169291
169292
169293
169294
169295
169296
169297
169298
169299
169300
169301
169302
169303
169304
169305
169306
169307
169308
169309
169310
169311
169313
169314
169315
169316
169317
169318
169319
169320
169322
169323
169324
169325
169326
169327
169328
169329
169331
169332
169335
169338
169339
169340
169341
169343
169344
169346
169347
169348
169349
169350
169351
169353
169354
169355
169356
169357
169358
169360
169361
169362
169363
169364
169365
169367
169368
169369
169370
169371
169372
169375
169376
169377
169379
169380
169381
169383
169384
169385
169386
169387
169388
169390
169391
169392
169393
169395
169396
169397
169399
169400
169401
169402
169403
169406
169408
169411
169413
169416
169418
169420
169421
169422
169423
169424
169427
169428
169429
169430
169431
169432
169433
169434
169435
169436
169438
169439
169440
169441
169443
169444
169445
169446
169448
169453
169456
169457
169458
169459
169460
169461
169462
169463
169465
169466
169467
169468
169469
169470
169472
169474
169475
169476
169477
169478
169480
169482
169483
169484
169485
169486
169487
169488
169490
169491
169492
169493
169494
169495
169497
169499
