202750
202751
202752
202753
202754
202755
202756
202757
202758
202760
202761
202762
202763
202764
202765
202767
202768
202769
202770
202771
202772
202774
202775
202776
202777
202778
202779
202781
202782
202783
202784
202785
202786
202787
202788
202789
202791
202792
202793
202794
202795
202796
202797
202798
202801
202802
202803
202804
202805
202806
202807
202808
202809
202810
202811
202813
202814
202815
202816
202817
202818
202819
202820
202821
202822
202823
202824
202825
202826
202827
202828
202831
202832
202833
202834
202835
202836
202837
202838
202839
202840
202844
202845
202846
202848
202849
202850
202852
202853
202854
202856
202857
202858
202860
202861
202862
202864
202865
202866
202867
202868
202869
202870
202871
202872
202873
202874
202875
202876
202877
202878
202879
202880
202881
202882
202883
202884
202885
202886
202887
202888
202889
202890
202891
202892
202893
202895
202896
202897
202899
202900
202901
202902
202903
202904
202906
202907
202909
202910
202911
202913
202914
202917
202918
202919
202920
202921
202922
202923
202924
202925
202926
202927
202928
202929
202930
202931
202932
202933
202934
202935
202936
202937
202938
202939
202940
202941
202942
202943
202945
202946
202947
202949
202950
202951
202954
202955
202956
202957
202960
202961
202962
202964
202965
202966
202968
202969
202970
202972
202973
202974
202975
202976
202977
202978
202979
202980
202982
202983
202985
202986
202987
202988
202989
202990
202991
202992
202993
202995
202996
202998
202999
