413250
413251
413252
413253
413255
413256
413257
413258
413260
413261
413262
413263
413265
413266
413267
413268
413269
413270
413272
413273
413274
413275
413277
413278
413279
413280
413282
413283
413284
413285
413287
413288
413289
413290
413292
413293
413294
413296
413297
413299
413301
413302
413304
413305
413306
413307
413308
413309
413310
413311
413312
413315
413316
413317
413318
413322
413324
413325
413326
413327
413328
413330
413331
413332
413334
413335
413336
413337
413338
413339
413340
413341
413342
413343
413344
413345
413346
413347
413348
413349
413350
413351
413353
413354
413355
413356
413359
413360
413361
413362
413363
413364
413365
413366
413367
413368
413369
413370
413372
413373
413374
413375
413376
413377
413379
413380
413382
413383
413384
413385
413386
413388
413389
413390
413391
413393
413394
413395
413396
413399
413400
413401
413402
413403
413404
413406
413407
413408
413410
413411
413412
413414
413415
413416
413417
413418
413419
413421
413422
413425
413426
413427
413428
413430
413431
413432
413433
413434
413437
413438
413439
413441
413442
413443
413444
413445
413446
413447
413448
413449
413450
413451
413452
413453
413455
413456
413457
413458
413460
413461
413462
413464
413465
413467
413468
413469
413471
413475
413476
413477
413478
413479
413481
413483
413484
413485
413486
413488
413489
413490
413491
413493
413494
413495
413497
413498
413499
