258000
258001
258007
258008
258009
258010
258012
258013
258014
258015
258016
258018
258019
258020
258021
258022
258023
258024
258025
258026
258028
258029
258030
258031
258032
258033
258034
258035
258036
258037
258038
258040
258041
258042
258044
258045
258046
258047
258048
258049
258050
258051
258052
258053
258054
258055
258056
258057
258058
258059
258060
258061
258062
258063
258064
258065
258066
258067
258068
258069
258070
258072
258074
258076
258078
258079
258082
258083
258086
258087
258090
258091
258094
258095
258096
258098
258099
258101
258102
258104
258105
258106
258107
258110
258113
258114
258116
258117
258118
258121
258123
258124
258125
258126
258127
258128
258129
258130
258131
258132
258133
258134
258137
258138
258141
258142
258143
258144
258145
258146
258147
258148
258149
258150
258152
258153
258154
258155
258156
258158
258159
258160
258161
258162
258164
258165
258167
258168
258169
258170
258171
258172
258173
258174
258175
258176
258177
258178
258179
258180
258181
258182
258183
258184
258185
258186
258187
258188
258189
258190
258191
258192
258193
258195
258196
258197
258198
258199
258200
258201
258203
258205
258206
258207
258208
258209
258210
258211
258212
258213
258214
258215
258216
258217
258218
258219
258221
258223
258225
258226
258227
258228
258230
258231
258232
258233
258234
258235
258236
258237
258238
258239
258240
258241
258242
258243
258244
258247
258248
258249
