198750
198751
198752
198753
198754
198755
198757
198758
198759
198760
198761
198763
198764
198765
198766
198767
198768
198769
198771
198773
198774
198775
198776
198777
198778
198779
198781
198782
198783
198784
198786
198787
198788
198789
198791
198792
198793
198794
198795
198796
198797
198799
198800
198801
198802
198803
198804
198805
198806
198807
198808
198809
198810
198811
198812
198813
198814
198815
198816
198817
198818
198819
198820
198821
198822
198823
198824
198825
198826
198827
198828
198830
198831
198832
198833
198834
198835
198836
198837
198838
198839
198840
198841
198842
198843
198844
198845
198846
198847
198848
198850
198851
198852
198853
198854
198855
198856
198857
198859
198860
198861
198863
198864
198865
198866
198868
198869
198870
198872
198873
198874
198875
198876
198878
198879
198880
198881
198882
198883
198884
198886
198887
198888
198889
198890
198891
198893
198894
198895
198896
198897
198898
198899
198900
198901
198902
198906
198907
198908
198909
198910
198911
198912
198913
198914
198915
198916
198917
198918
198920
198922
198923
198924
198925
198926
198928
198929
198930
198931
198932
198934
198935
198936
198937
198938
198940
198941
198942
198943
198944
198946
198947
198948
198949
198950
198952
198953
198954
198955
198956
198958
198959
198960
198961
198962
198963
198965
198966
198967
198969
198970
198971
198972
198973
198974
198975
198976
198977
198978
198979
198980
198981
198982
198985
198986
198987
198988
198989
198990
198991
198992
198993
198994
198995
198999
