322500
322501
322502
322503
322504
322505
322506
322507
322508
322509
322510
322511
322512
322513
322514
322515
322516
322517
322518
322519
322520
322521
322525
322526
322527
322528
322530
322532
322533
322534
322535
322536
322538
322539
322540
322541
322542
322543
322544
322545
322546
322547
322548
322549
322550
322551
322552
322553
322554
322555
322556
322557
322558
322560
322561
322562
322563
322565
322566
322567
322569
322572
322573
322574
322575
322576
322577
322578
322579
322580
322581
322582
322583
322584
322585
322586
322587
322588
322589
322590
322591
322592
322593
322594
322595
322596
322597
322598
322599
322600
322601
322602
322603
322604
322605
322606
322607
322608
322609
322610
322611
322612
322613
322614
322615
322616
322617
322619
322620
322622
322623
322625
322626
322627
322628
322629
322630
322632
322633
322634
322635
322636
322637
322639
322640
322641
322642
322643
322644
322645
322646
322647
322648
322649
322651
322652
322653
322654
322656
322657
322658
322659
322660
322661
322662
322663
322664
322665
322666
322668
322670
322671
322673
322675
322676
322677
322678
322679
322680
322681
322682
322684
322685
322686
322687
322688
322690
322691
322694
322695
322696
322697
322698
322699
322700
322701
322702
322703
322705
322706
322707
322708
322709
322710
322711
322712
322713
322714
322715
322716
322717
322718
322719
322720
322721
322722
322723
322724
322725
322726
322727
322728
322729
322730
322732
322733
322735
322736
322738
322739
322740
322741
322742
322743
322744
322745
322746
322747
322748
322749
