344750
344751
344752
344753
344754
344755
344756
344757
344758
344759
344760
344761
344762
344763
344764
344765
344766
344769
344770
344771
344772
344773
344774
344775
344776
344778
344779
344781
344782
344783
344784
344786
344787
344788
344789
344791
344792
344793
344794
344796
344797
344798
344799
344800
344801
344802
344803
344804
344805
344806
344807
344808
344809
344810
344811
344812
344813
344814
344815
344816
344817
344818
344819
344820
344821
344822
344823
344824
344825
344826
344827
344828
344829
344830
344831
344832
344834
344835
344836
344837
344838
344839
344840
344841
344842
344844
344845
344846
344847
344848
344849
344850
344851
344852
344853
344854
344855
344856
344857
344858
344859
344860
344861
344862
344863
344864
344865
344867
344868
344869
344870
344871
344872
344873
344874
344875
344876
344877
344878
344880
344881
344882
344883
344884
344885
344886
344887
344888
344889
344890
344891
344893
344894
344895
344896
344897
344898
344899
344900
344901
344902
344903
344904
344906
344907
344908
344909
344910
344911
344912
344913
344914
344915
344916
344917
344919
344920
344921
344922
344923
344924
344925
344926
344927
344928
344929
344930
344932
344933
344934
344935
344936
344937
344938
344940
344941
344943
344944
344945
344946
344947
344948
344949
344950
344951
344952
344953
344954
344955
344956
344957
344959
344960
344961
344962
344963
344964
344965
344966
344967
344968
344969
344970
344971
344972
344973
344974
344975
344976
344977
344979
344980
344981
344982
344983
344984
344985
344986
344987
344988
344989
344990
344991
344992
344993
344994
344995
344996
344997
344999
