419500
419501
419502
419503
419504
419505
419506
419507
419508
419510
419511
419512
419513
419514
419515
419516
419517
419518
419519
419522
419523
419524
419525
419526
419527
419528
419529
419530
419531
419534
419535
419536
419537
419538
419539
419540
419541
419542
419543
419544
419545
419546
419547
419548
419549
419550
419551
419552
419553
419554
419555
419556
419557
419558
419559
419560
419561
419562
419563
419564
419565
419566
419567
419568
419569
419570
419571
419572
419573
419574
419575
419576
419578
419579
419580
419581
419582
419583
419584
419585
419587
419588
419589
419590
419591
419592
419593
419594
419595
419596
419597
419598
419599
419600
419601
419602
419603
419604
419605
419607
419608
419609
419610
419611
419613
419614
419620
419621
419622
419623
419624
419625
419626
419627
419628
419629
419630
419631
419633
419634
419635
419636
419637
419638
419639
419640
419641
419642
419643
419644
419646
419647
419648
419649
419650
419651
419652
419654
419655
419656
419657
419658
419659
419660
419662
419663
419664
419665
419666
419667
419668
419671
419672
419673
419674
419675
419676
419677
419679
419680
419681
419682
419683
419685
419686
419687
419688
419691
419692
419693
419694
419695
419696
419699
419700
419701
419703
419704
419705
419706
419707
419708
419709
419710
419711
419712
419713
419714
419715
419716
419717
419718
419719
419720
419721
419722
419723
419724
419725
419726
419727
419728
419729
419730
419732
419733
419734
419736
419737
419738
419739
419741
419742
419743
419744
419746
419747
419748
419749
