228750
228751
228752
228753
228755
228756
228757
228758
228759
228761
228763
228764
228765
228766
228767
228768
228769
228770
228771
228772
228774
228775
228776
228777
228778
228779
228780
228781
228782
228783
228784
228785
228786
228787
228788
228789
228790
228791
228792
228793
228794
228795
228796
228797
228798
228799
228801
228802
228803
228805
228806
228807
228808
228810
228811
228812
228813
228814
228815
228816
228817
228818
228819
228820
228822
228824
228825
228826
228829
228830
228831
228834
228835
228836
228837
228838
228839
228840
228841
228842
228844
228845
228846
228847
228848
228850
228852
228853
228854
228855
228856
228858
228859
228862
228863
228864
228865
228866
228867
228868
228870
228872
228873
228874
228875
228876
228877
228878
228879
228880
228881
228882
228883
228885
228886
228887
228888
228890
228891
228892
228893
228894
228895
228896
228898
228899
228901
228902
228904
228905
228906
228907
228908
228909
228913
228914
228916
228917
228922
228924
228925
228926
228928
228929
228930
228931
228933
228934
228935
228936
228937
228938
228939
228940
228941
228942
228943
228945
228946
228947
228948
228949
228950
228951
228952
228953
228955
228956
228957
228958
228959
228960
228961
228962
228963
228965
228966
228967
228968
228969
228970
228972
228973
228974
228975
228976
228977
228978
228979
228980
228981
228982
228984
228985
228986
228987
228988
228990
228992
228994
228995
228996
228997
228998
228999
