385000
385001
385002
385004
385005
385006
385008
385009
385010
385013
385014
385017
385018
385021
385022
385023
385024
385025
385026
385027
385029
385030
385031
385032
385033
385034
385035
385036
385037
385038
385040
385041
385044
385047
385050
385051
385052
385053
385055
385056
385057
385058
385059
385060
385062
385063
385064
385065
385066
385067
385069
385070
385071
385072
385073
385074
385075
385076
385077
385078
385081
385082
385083
385084
385085
385086
385087
385088
385089
385090
385091
385092
385093
385094
385096
385097
385098
385099
385100
385101
385102
385106
385107
385108
385112
385113
385114
385115
385116
385117
385118
385119
385120
385121
385122
385123
385124
385125
385126
385127
385128
385130
385131
385132
385133
385134
385136
385137
385138
385139
385140
385143
385144
385145
385148
385149
385150
385151
385153
385154
385155
385156
385157
385160
385161
385165
385166
385167
385170
385171
385172
385173
385174
385175
385176
385179
385180
385181
385184
385185
385187
385188
385189
385190
385191
385192
385193
385194
385196
385197
385198
385199
385201
385202
385203
385204
385205
385206
385207
385208
385209
385211
385212
385213
385214
385215
385216
385217
385218
385219
385221
385222
385223
385224
385226
385227
385228
385229
385231
385232
385233
385234
385236
385237
385238
385239
385240
385241
385242
385243
385244
385245
385246
385247
385248
385249
