425000
425002
425003
425004
425005
425007
425008
425009
425010
425011
425013
425014
425015
425016
425017
425019
425021
425022
425023
425024
425025
425026
425027
425028
425029
425030
425031
425032
425033
425034
425035
425036
425037
425039
425040
425041
425042
425043
425045
425047
425049
425050
425051
425052
425053
425054
425055
425057
425058
425059
425060
425061
425062
425063
425064
425065
425066
425067
425068
425070
425071
425072
425073
425074
425075
425076
425077
425078
425079
425080
425081
425082
425083
425084
425085
425086
425087
425088
425089
425090
425091
425093
425094
425097
425098
425100
425101
425102
425103
425105
425107
425108
425109
425110
425111
425113
425115
425116
425117
425118
425119
425121
425123
425125
425126
425127
425128
425129
425130
425131
425132
425135
425136
425137
425138
425139
425140
425141
425142
425143
425145
425146
425147
425149
425150
425151
425152
425153
425154
425155
425156
425157
425158
425159
425160
425161
425162
425163
425164
425165
425166
425167
425168
425169
425170
425171
425172
425173
425174
425175
425176
425177
425178
425179
425180
425181
425182
425183
425184
425185
425186
425187
425188
425189
425191
425192
425193
425194
425197
425198
425199
425200
425202
425203
425204
425205
425206
425207
425208
425209
425212
425213
425214
425216
425217
425218
425221
425222
425223
425225
425226
425227
425228
425231
425232
425233
425234
425235
425236
425237
425238
425239
425240
425241
425242
425243
425244
425245
425246
425247
425248
425249
