292500
292501
292502
292504
292506
292507
292508
292509
292510
292511
292512
292513
292514
292515
292516
292517
292518
292519
292522
292523
292525
292526
292527
292528
292529
292530
292531
292533
292536
292537
292538
292539
292540
292541
292542
292543
292544
292545
292547
292548
292549
292550
292551
292553
292555
292556
292557
292558
292559
292560
292563
292564
292565
292566
292567
292568
292569
292570
292571
292572
292574
292575
292576
292577
292578
292581
292582
292583
292584
292585
292586
292587
292588
292589
292590
292592
292593
292594
292595
292596
292598
292600
292601
292603
292605
292607
292609
292611
292613
292614
292616
292617
292618
292619
292620
292622
292623
292624
292625
292626
292627
292628
292629
292630
292631
292632
292633
292635
292636
292637
292638
292639
292640
292641
292643
292644
292645
292646
292647
292648
292649
292651
292652
292653
292654
292655
292656
292657
292659
292660
292661
292663
292664
292665
292666
292667
292668
292669
292670
292672
292673
292674
292675
292676
292677
292678
292680
292681
292682
292683
292684
292686
292687
292688
292689
292691
292692
292693
292694
292695
292696
292697
292699
292700
292701
292702
292703
292704
292705
292706
292707
292708
292709
292710
292711
292713
292715
292716
292717
292718
292721
292722
292725
292726
292728
292729
292730
292731
292733
292734
292736
292737
292738
292739
292740
292741
292742
292743
292745
292746
292747
292748
292749
