201000
201001
201003
201006
201007
201008
201009
201010
201011
201012
201014
201016
201017
201018
201019
201021
201023
201024
201025
201026
201027
201028
201029
201031
201032
201033
201034
201036
201037
201038
201040
201041
201042
201044
201045
201046
201048
201049
201050
201052
201053
201054
201056
201057
201058
201060
201061
201062
201063
201064
201065
201066
201067
201069
201071
201072
201073
201074
201075
201076
201078
201079
201080
201081
201082
201083
201085
201086
201087
201089
201090
201091
201092
201093
201095
201096
201097
201098
201099
201100
201101
201102
201103
201104
201106
201107
201108
201109
201110
201111
201112
201113
201114
201115
201117
201118
201119
201120
201121
201122
201123
201124
201125
201126
201127
201128
201130
201131
201132
201133
201134
201135
201136
201137
201139
201140
201141
201142
201143
201144
201145
201146
201148
201149
201150
201151
201153
201154
201156
201157
201158
201159
201161
201163
201164
201166
201167
201168
201169
201170
201172
201173
201174
201176
201177
201178
201179
201180
201181
201182
201183
201184
201185
201186
201187
201188
201189
201190
201193
201194
201195
201196
201197
201198
201199
201203
201205
201206
201207
201208
201210
201211
201212
201214
201215
201216
201218
201219
201223
201224
201225
201226
201227
201228
201229
201230
201231
201232
201233
201234
201235
201236
201237
201238
201240
201241
201242
201243
201244
201245
201247
201248
201249
