422750
422751
422752
422753
422754
422755
422756
422757
422758
422759
422760
422761
422762
422763
422764
422765
422766
422767
422768
422770
422771
422773
422774
422775
422777
422778
422779
422780
422781
422782
422784
422785
422786
422787
422788
422789
422791
422792
422794
422795
422796
422797
422799
422800
422801
422802
422804
422805
422806
422808
422810
422811
422812
422813
422814
422815
422816
422817
422818
422820
422821
422822
422823
422824
422825
422826
422827
422829
422830
422831
422832
422833
422834
422835
422836
422837
422838
422839
422840
422841
422843
422844
422845
422846
422847
422848
422849
422850
422851
422852
422853
422855
422856
422857
422858
422859
422860
422861
422862
422863
422864
422865
422866
422867
422868
422869
422870
422871
422872
422873
422874
422875
422876
422878
422879
422880
422881
422882
422883
422884
422885
422887
422888
422890
422891
422892
422893
422895
422896
422898
422899
422900
422901
422902
422903
422904
422906
422907
422908
422909
422910
422911
422912
422913
422914
422915
422918
422919
422920
422922
422923
422925
422927
422928
422929
422930
422931
422932
422933
422934
422937
422938
422941
422942
422945
422946
422947
422948
422950
422951
422952
422953
422954
422955
422956
422957
422958
422959
422960
422961
422962
422963
422966
422967
422968
422969
422970
422973
422975
422977
422978
422979
422980
422981
422982
422983
422984
422985
422986
422987
422988
422989
422990
422991
422992
422993
422994
422995
422996
422998
422999
