407000
407007
407012
407017
407018
407019
407020
407022
407023
407024
407025
407026
407027
407028
407029
407030
407031
407032
407034
407035
407036
407037
407039
407040
407042
407043
407044
407045
407046
407047
407048
407049
407050
407051
407053
407054
407055
407056
407057
407058
407059
407060
407061
407065
407068
407069
407071
407072
407073
407075
407076
407077
407078
407079
407080
407081
407082
407083
407084
407085
407086
407087
407088
407089
407090
407091
407092
407093
407094
407095
407096
407097
407098
407099
407100
407101
407102
407103
407104
407105
407106
407107
407108
407109
407110
407111
407113
407114
407115
407116
407117
407118
407119
407120
407121
407122
407123
407124
407125
407126
407127
407128
407129
407130
407131
407133
407134
407135
407136
407137
407138
407139
407140
407141
407142
407143
407144
407145
407146
407147
407149
407150
407151
407152
407153
407154
407155
407156
407157
407158
407159
407160
407161
407162
407163
407164
407165
407166
407167
407168
407169
407170
407171
407172
407173
407174
407175
407176
407177
407178
407179
407180
407181
407182
407183
407185
407187
407188
407190
407191
407193
407195
407196
407198
407199
407200
407201
407202
407203
407204
407206
407207
407208
407209
407210
407211
407213
407214
407215
407216
407217
407218
407220
407221
407222
407223
407224
407225
407227
407228
407229
407230
407231
407232
407234
407235
407236
407237
407238
407239
407241
407242
407243
407244
407245
407246
407248
407249
