226250
226251
226253
226254
226256
226257
226258
226259
226261
226262
226263
226264
226266
226267
226268
226269
226270
226271
226272
226273
226274
226275
226276
226277
226278
226279
226280
226281
226282
226283
226284
226285
226286
226287
226288
226289
226290
226291
226292
226294
226295
226296
226297
226298
226299
226300
226301
226302
226304
226305
226306
226307
226308
226309
226311
226313
226314
226315
226316
226317
226318
226319
226320
226321
226323
226324
226325
226326
226327
226328
226330
226331
226353
226355
226356
226357
226359
226360
226361
226363
226364
226365
226367
226368
226369
226371
226372
226373
226375
226376
226378
226379
226380
226381
226384
226385
226386
226387
226388
226390
226391
226393
226394
226396
226398
226401
226402
226404
226407
226409
226410
226411
226412
226418
226419
226425
226426
226427
226428
226429
226430
226431
226432
226433
226434
226436
226438
226439
226440
226441
226442
226443
226444
226445
226446
226447
226450
226451
226453
226454
226455
226456
226457
226458
226459
226461
226462
226463
226464
226466
226467
226468
226469
226470
226471
226472
226473
226474
226475
226476
226477
226478
226479
226480
226481
226483
226484
226485
226486
226487
226488
226489
226490
226491
226492
226493
226494
226495
226496
226497
226498
226499
