184000
184001
184002
184006
184007
184009
184010
184011
184012
184013
184014
184016
184017
184020
184023
184026
184027
184028
184029
184030
184031
184032
184033
184034
184035
184036
184037
184038
184039
184040
184041
184046
184047
184048
184049
184050
184051
184052
184054
184055
184061
184062
184063
184064
184065
184066
184067
184068
184069
184070
184071
184072
184074
184075
184076
184077
184078
184079
184081
184082
184083
184084
184085
184086
184087
184089
184090
184091
184092
184093
184094
184095
184096
184097
184098
184100
184102
184103
184104
184105
184106
184108
184110
184111
184112
184113
184116
184118
184119
184120
184121
184122
184123
184124
184125
184126
184127
184129
184130
184131
184132
184133
184134
184135
184136
184137
184138
184139
184140
184141
184142
184143
184144
184145
184146
184147
184148
184150
184151
184152
184153
184154
184155
184157
184158
184159
184160
184162
184164
184165
184166
184167
184168
184169
184170
184171
184172
184173
184174
184175
184176
184177
184178
184179
184180
184181
184182
184183
184184
184185
184186
184187
184188
184190
184191
184192
184193
184194
184195
184197
184198
184199
184200
184201
184203
184204
184205
184206
184207
184208
184209
184211
184212
184214
184215
184216
184217
184218
184222
184223
184224
184225
184226
184227
184228
184231
184232
184234
184235
184237
184238
184239
184240
184241
184242
184244
184245
184246
184247
184248
184249
