451750
451751
451752
451754
451755
451756
451757
451758
451759
451760
451762
451763
451764
451765
451766
451767
451768
451770
451771
451772
451773
451774
451775
451776
451779
451780
451781
451782
451783
451784
451785
451786
451787
451788
451789
451790
451791
451792
451793
451794
451795
451796
451797
451798
451799
451800
451801
451802
451805
451806
451807
451809
451810
451811
451814
451815
451816
451817
451818
451819
451820
451822
451823
451824
451825
451826
451827
451828
451830
451831
451832
451833
451834
451835
451836
451838
451839
451840
451841
451842
451843
451844
451846
451847
451848
451849
451850
451851
451852
451854
451855
451856
451857
451858
451859
451860
451862
451863
451864
451865
451866
451867
451868
451870
451871
451872
451873
451874
451875
451876
451878
451879
451880
451881
451882
451883
451884
451886
451887
451888
451889
451890
451891
451892
451894
451895
451896
451897
451898
451899
451900
451902
451903
451904
451905
451906
451907
451908
451910
451911
451912
451913
451914
451915
451916
451918
451919
451920
451921
451922
451923
451924
451926
451927
451928
451929
451930
451931
451932
451934
451935
451936
451937
451938
451939
451940
451942
451943
451944
451945
451946
451947
451948
451950
451951
451952
451953
451954
451955
451956
451958
451959
451960
451961
451962
451963
451964
451966
451967
451968
451969
451970
451971
451972
451974
451975
451976
451977
451978
451979
451980
451982
451983
451984
451985
451986
451987
451988
451990
451991
451992
451993
451994
451995
451996
451998
451999
