434000
434001
434002
434003
434007
434008
434009
434010
434011
434013
434014
434015
434016
434017
434018
434019
434020
434021
434023
434024
434025
434026
434027
434028
434030
434031
434032
434034
434035
434036
434037
434038
434039
434041
434042
434043
434044
434045
434046
434047
434048
434049
434050
434051
434052
434053
434054
434055
434056
434057
434058
434059
434060
434062
434063
434064
434067
434068
434070
434071
434072
434073
434074
434076
434077
434078
434079
434080
434081
434083
434084
434085
434086
434087
434088
434089
434090
434091
434092
434093
434094
434095
434096
434097
434098
434099
434100
434101
434102
434103
434104
434105
434106
434107
434108
434109
434110
434111
434112
434113
434114
434115
434116
434117
434118
434119
434120
434121
434122
434123
434124
434125
434126
434127
434128
434129
434130
434131
434132
434133
434134
434135
434136
434137
434138
434139
434140
434141
434142
434143
434144
434145
434146
434147
434148
434149
434150
434151
434152
434153
434154
434155
434156
434157
434158
434159
434160
434161
434162
434165
434166
434167
434168
434169
434170
434173
434174
434176
434177
434179
434180
434181
434182
434185
434186
434187
434188
434189
434190
434193
434194
434196
434197
434198
434199
434200
434202
434203
434204
434205
434206
434208
434209
434210
434211
434212
434214
434215
434216
434217
434218
434220
434221
434222
434223
434224
434226
434227
434228
434229
434232
434235
434238
434241
434244
434245
434247
