32000
32002
32003
32004
32005
32006
32007
32008
32009
32010
32011
32012
32013
32016
32017
32018
32021
32022
32023
32024
32025
32026
32027
32029
32031
32032
32033
32034
32036
32037
32038
32039
32040
32041
32042
32045
32046
32047
32048
32050
32051
32053
32054
32055
32056
32057
32058
32059
32060
32061
32062
32063
32064
32065
32066
32067
32068
32069
32070
32071
32072
32073
32074
32081
32082
32083
32084
32085
32086
32087
32088
32089
32090
32091
32092
32093
32094
32095
32096
32097
32098
32100
32101
32102
32103
32106
32107
32108
32110
32111
32112
32113
32115
32116
32117
32118
32120
32122
32124
32127
32129
32132
32134
32136
32138
32139
32140
32141
32142
32143
32144
32145
32146
32147
32148
32149
32150
32151
32152
32153
32154
32155
32156
32157
32158
32159
32160
32161
32162
32164
32165
32166
32168
32170
32171
32173
32174
32175
32176
32177
32178
32179
32182
32184
32185
32188
32189
32190
32191
32192
32193
32194
32195
32196
32197
32198
32199
32200
32201
32202
32203
32204
32205
32206
32207
32208
32209
32210
32211
32212
32213
32214
32215
32216
32217
32218
32219
32220
32221
32222
32224
32225
32226
32227
32228
32229
32230
32231
32232
32233
32234
32235
32236
32237
32238
32239
32240
32241
32242
32243
32244
32245
32246
32247
32248
