287250
287251
287252
287254
287255
287256
287257
287258
287259
287260
287261
287262
287263
287265
287266
287267
287268
287269
287271
287272
287273
287274
287275
287276
287277
287278
287279
287280
287281
287282
287283
287284
287285
287286
287287
287288
287289
287290
287291
287293
287294
287295
287297
287298
287299
287301
287302
287303
287304
287306
287307
287308
287309
287310
287312
287313
287314
287315
287316
287317
287318
287319
287320
287321
287322
287328
287329
287330
287331
287332
287333
287334
287335
287336
287337
287338
287341
287342
287343
287344
287345
287346
287347
287348
287349
287350
287352
287353
287354
287355
287356
287357
287359
287360
287361
287362
287365
287366
287367
287368
287369
287370
287371
287374
287375
287376
287377
287378
287379
287380
287383
287384
287385
287386
287387
287388
287389
287390
287391
287392
287393
287394
287395
287396
287397
287398
287399
287400
287402
287403
287404
287405
287406
287407
287409
287410
287412
287413
287414
287415
287416
287417
287419
287420
287421
287422
287423
287425
287426
287427
287428
287429
287430
287433
287435
287436
287438
287439
287440
287441
287442
287443
287444
287446
287447
287448
287449
287450
287451
287452
287453
287455
287456
287458
287459
287460
287461
287462
287463
287464
287465
287466
287467
287468
287469
287470
287471
287472
287473
287474
287475
287476
287477
287478
287479
287480
287481
287482
287483
287485
287486
287487
287488
287489
287491
287492
287494
287495
287496
287497
287499
