366500
366502
366503
366504
366505
366506
366507
366508
366509
366510
366511
366512
366513
366514
366515
366516
366517
366518
366519
366520
366521
366522
366523
366524
366525
366526
366527
366528
366529
366530
366531
366532
366533
366534
366535
366536
366537
366538
366539
366540
366541
366543
366544
366545
366546
366547
366548
366549
366550
366551
366552
366553
366554
366556
366557
366561
366562
366563
366564
366566
366567
366568
366569
366570
366571
366572
366573
366574
366576
366577
366578
366579
366581
366582
366583
366584
366585
366587
366588
366589
366590
366591
366593
366594
366595
366596
366597
366599
366600
366601
366602
366603
366604
366605
366606
366607
366608
366609
366610
366611
366612
366613
366614
366616
366617
366618
366619
366621
366622
366623
366624
366625
366626
366627
366628
366629
366630
366631
366632
366633
366634
366635
366636
366637
366639
366640
366641
366644
366646
366647
366648
366649
366650
366651
366653
366655
366657
366658
366659
366660
366661
366662
366665
366666
366667
366668
366669
366670
366671
366672
366673
366674
366675
366676
366677
366678
366679
366680
366681
366682
366683
366684
366685
366686
366687
366688
366689
366690
366692
366693
366694
366695
366696
366697
366698
366699
366701
366703
366704
366705
366706
366707
366708
366709
366710
366711
366712
366713
366714
366715
366716
366717
366719
366721
366724
366726
366727
366728
366729
366730
366732
366734
366735
366736
366737
366738
366739
366740
366741
366742
366743
366744
366745
366747
366749
