74250
74251
74252
74253
74254
74255
74256
74257
74258
74259
74260
74261
74262
74263
74264
74266
74267
74268
74269
74270
74271
74272
74273
74275
74276
74277
74278
74279
74281
74282
74283
74284
74285
74287
74288
74289
74291
74293
74295
74297
74298
74299
74300
74301
74302
74303
74304
74305
74306
74308
74309
74310
74312
74313
74314
74315
74316
74318
74320
74321
74322
74323
74324
74325
74326
74328
74330
74331
74332
74333
74334
74336
74338
74339
74341
74342
74343
74344
74345
74349
74353
74354
74356
74357
74361
74362
74364
74365
74366
74369
74374
74375
74377
74378
74379
74380
74381
74384
74385
74386
74387
74388
74389
74390
74391
74392
74393
74394
74395
74396
74397
74398
74399
74401
74403
74405
74406
74407
74408
74411
74412
74414
74415
74417
74418
74422
74423
74424
74426
74427
74428
74430
74431
74432
74433
74435
74436
74437
74438
74440
74441
74442
74443
74445
74446
74447
74448
74449
74450
74451
74452
74453
74454
74455
74456
74457
74458
74459
74460
74461
74462
74463
74464
74465
74466
74467
74468
74469
74470
74471
74472
74473
74474
74475
74476
74477
74478
74479
74480
74481
74482
74483
74484
74485
74486
74487
74488
74489
74490
74491
74492
74493
74494
74495
74496
74497
74498
74499
