115000
115001
115003
115005
115006
115007
115008
115009
115010
115012
115015
115016
115019
115021
115022
115023
115024
115027
115028
115029
115030
115031
115032
115033
115034
115036
115037
115038
115039
115040
115041
115042
115043
115044
115045
115046
115048
115049
115050
115053
115054
115055
115056
115057
115058
115059
115060
115061
115062
115063
115064
115065
115066
115067
115068
115069
115070
115071
115072
115073
115074
115075
115076
115078
115082
115083
115084
115085
115086
115087
115088
115089
115091
115092
115093
115094
115095
115096
115098
115099
115100
115101
115102
115103
115104
115105
115106
115107
115108
115110
115111
115112
115113
115114
115115
115116
115117
115118
115120
115121
115122
115123
115124
115125
115127
115128
115129
115130
115131
115132
115134
115135
115136
115137
115139
115140
115141
115142
115144
115145
115146
115147
115149
115150
115151
115152
115154
115155
115156
115157
115159
115160
115161
115162
115163
115164
115165
115166
115167
115168
115169
115170
115171
115172
115173
115174
115175
115176
115177
115178
115179
115180
115181
115182
115183
115184
115186
115188
115189
115191
115192
115193
115194
115195
115197
115199
115200
115201
115203
115204
115205
115206
115207
115208
115209
115210
115211
115212
115213
115214
115216
115218
115219
115220
115221
115222
115223
115224
115225
115226
115227
115229
115231
115234
115235
115236
115237
115238
115239
115240
115241
115242
115243
115244
115245
115246
115247
115248
115249
