30000
30001
30002
30003
30007
30008
30009
30010
30011
30015
30016
30017
30018
30019
30020
30021
30022
30026
30027
30028
30029
30030
30031
30032
30033
30034
30035
30036
30037
30038
30039
30040
30041
30042
30043
30044
30045
30046
30047
30048
30049
30050
30051
30052
30053
30054
30055
30058
30060
30061
30062
30063
30064
30065
30066
30067
30068
30069
30070
30073
30075
30077
30078
30079
30080
30081
30084
30085
30086
30087
30088
30090
30091
30092
30093
30094
30095
30096
30098
30099
30100
30103
30104
30105
30108
30109
30110
30113
30114
30116
30117
30118
30120
30121
30122
30124
30125
30126
30128
30129
30130
30132
30133
30134
30136
30137
30138
30140
30141
30142
30144
30145
30146
30148
30149
30150
30152
30153
30154
30156
30157
30158
30159
30160
30162
30163
30164
30165
30166
30168
30170
30171
30173
30174
30175
30176
30177
30178
30180
30181
30182
30183
30184
30186
30188
30189
30190
30191
30193
30194
30195
30196
30197
30199
30203
30204
30205
30206
30208
30209
30210
30211
30212
30213
30214
30215
30216
30218
30219
30220
30223
30224
30225
30228
30229
30230
30233
30234
30235
30238
30240
30241
30242
30243
30244
30245
30246
30247
30248
30249
