196500
196501
196502
196504
196505
196507
196509
196510
196511
196513
196514
196515
196516
196517
196519
196520
196521
196522
196523
196526
196527
196531
196534
196535
196536
196538
196539
196540
196541
196543
196544
196545
196546
196548
196549
196550
196551
196553
196554
196555
196556
196558
196559
196560
196561
196563
196564
196565
196566
196568
196569
196570
196571
196572
196573
196574
196575
196576
196577
196579
196583
196585
196587
196588
196589
196590
196591
196592
196593
196594
196595
196596
196597
196598
196599
196600
196601
196602
196603
196604
196605
196606
196607
196608
196609
196610
196612
196613
196614
196615
196616
196618
196619
196620
196621
196622
196623
196624
196625
196626
196627
196629
196632
196633
196634
196635
196636
196637
196638
196639
196640
196641
196643
196645
196646
196647
196648
196650
196651
196652
196654
196655
196656
196657
196658
196659
196660
196662
196663
196664
196666
196667
196668
196669
196670
196671
196672
196673
196674
196675
196676
196677
196678
196679
196680
196681
196682
196683
196684
196686
196689
196692
196693
196694
196695
196697
196698
196699
196700
196702
196703
196704
196705
196706
196707
196708
196709
196711
196713
196715
196717
196718
196719
196720
196721
196722
196723
196724
196725
196726
196727
196728
196729
196730
196731
196732
196733
196734
196735
196736
196737
196738
196739
196740
196741
196742
196743
196744
196746
196747
196748
196749
