246750
246752
246753
246754
246755
246756
246757
246758
246759
246760
246761
246762
246763
246765
246767
246768
246769
246770
246771
246772
246773
246774
246775
246776
246778
246779
246780
246781
246782
246783
246784
246786
246787
246788
246789
246790
246792
246793
246794
246795
246796
246797
246799
246801
246802
246803
246804
246805
246807
246808
246809
246810
246811
246812
246813
246814
246815
246816
246817
246819
246820
246821
246822
246823
246824
246825
246826
246827
246828
246829
246831
246832
246833
246834
246835
246836
246837
246839
246840
246841
246842
246843
246844
246845
246846
246847
246848
246849
246850
246852
246853
246854
246855
246856
246857
246859
246860
246861
246862
246863
246865
246866
246867
246868
246869
246870
246871
246873
246874
246875
246876
246877
246878
246879
246881
246883
246884
246885
246886
246888
246889
246890
246891
246892
246893
246894
246895
246896
246897
246899
246900
246901
246902
246903
246904
246906
246907
246908
246910
246911
246912
246913
246914
246915
246916
246917
246918
246920
246921
246922
246923
246924
246925
246926
246927
246930
246932
246934
246935
246936
246939
246941
246943
246944
246945
246947
246949
246950
246951
246953
246955
246956
246957
246958
246959
246960
246961
246962
246963
246964
246965
246966
246967
246968
246970
246973
246974
246975
246977
246978
246979
246980
246981
246982
246984
246985
246986
246987
246988
246989
246990
246991
246993
246994
246995
246997
246999
