176751
176752
176753
176754
176755
176756
176757
176758
176759
176762
176764
176765
176766
176767
176768
176769
176771
176772
176773
176774
176775
176776
176777
176778
176779
176780
176781
176782
176783
176784
176786
176787
176789
176790
176791
176792
176793
176794
176796
176797
176798
176799
176800
176801
176802
176803
176804
176805
176806
176807
176808
176809
176811
176812
176813
176814
176815
176816
176818
176819
176820
176821
176822
176823
176825
176826
176827
176828
176829
176830
176832
176833
176834
176835
176836
176837
176839
176840
176841
176842
176843
176844
176846
176847
176848
176849
176850
176851
176853
176854
176855
176856
176857
176858
176860
176861
176862
176863
176864
176865
176866
176867
176869
176870
176871
176872
176873
176874
176875
176876
176877
176878
176879
176880
176881
176882
176883
176885
176886
176887
176888
176889
176890
176891
176893
176894
176895
176896
176897
176899
176900
176901
176902
176903
176904
176905
176906
176907
176908
176909
176911
176912
176913
176914
176915
176916
176918
176920
176921
176922
176923
176924
176925
176926
176929
176931
176932
176934
176935
176936
176937
176939
176940
176944
176948
176952
176956
176960
176961
176962
176963
176965
176966
176967
176968
176971
176972
176973
176974
176976
176977
176978
176979
176980
176983
176984
176988
176989
176990
176991
176992
176993
176994
176995
176996
176997
176998
176999
