159000
159001
159002
159003
159004
159005
159006
159007
159008
159010
159011
159012
159013
159014
159016
159017
159018
159019
159020
159021
159023
159024
159025
159026
159028
159029
159031
159032
159033
159034
159035
159036
159037
159038
159039
159040
159041
159042
159043
159044
159045
159046
159047
159048
159049
159051
159052
159053
159055
159056
159057
159058
159059
159060
159061
159063
159064
159065
159066
159067
159068
159069
159071
159072
159073
159074
159075
159076
159077
159078
159079
159080
159081
159082
159083
159084
159085
159086
159088
159089
159090
159091
159092
159094
159095
159096
159097
159098
159099
159100
159101
159102
159103
159104
159105
159106
159107
159108
159109
159110
159111
159113
159114
159115
159116
159117
159118
159120
159121
159122
159123
159124
159125
159129
159130
159131
159132
159134
159135
159136
159137
159138
159139
159140
159141
159142
159143
159144
159145
159146
159147
159148
159149
159150
159151
159152
159153
159154
159155
159156
159157
159158
159159
159160
159161
159162
159163
159164
159165
159166
159167
159168
159169
159170
159171
159172
159173
159174
159175
159176
159177
159179
159180
159181
159182
159183
159184
159190
159191
159193
159194
159196
159197
159198
159199
159200
159201
159204
159205
159207
159208
159209
159210
159211
159212
159213
159214
159215
159216
159217
159218
159219
159220
159221
159222
159224
159225
159226
159227
159228
159232
159233
159234
159235
159236
159237
159238
159239
159240
159241
159242
159243
159244
159245
159246
159247
159249
