160750
160751
160753
160754
160755
160756
160757
160758
160759
160762
160763
160765
160766
160767
160770
160771
160772
160773
160774
160775
160776
160777
160778
160779
160780
160781
160782
160783
160784
160785
160786
160787
160788
160789
160790
160791
160792
160793
160794
160795
160796
160797
160798
160799
160800
160801
160802
160805
160806
160807
160808
160809
160810
160811
160812
160813
160814
160816
160817
160818
160819
160820
160823
160824
160825
160826
160827
160828
160829
160830
160831
160833
160834
160835
160836
160838
160839
160841
160842
160844
160845
160847
160848
160850
160851
160852
160853
160854
160855
160856
160857
160858
160859
160860
160863
160864
160867
160868
160871
160872
160873
160874
160875
160876
160877
160878
160880
160881
160883
160885
160886
160887
160888
160889
160890
160892
160894
160895
160897
160898
160901
160902
160903
160904
160906
160907
160908
160909
160910
160912
160914
160915
160916
160917
160918
160919
160920
160921
160922
160923
160924
160925
160926
160928
160931
160933
160934
160935
160936
160938
160939
160940
160941
160942
160943
160944
160945
160947
160950
160951
160953
160954
160955
160956
160957
160958
160959
160960
160961
160962
160963
160964
160965
160966
160967
160968
160969
160971
160973
160975
160976
160977
160978
160979
160980
160981
160982
160983
160984
160985
160987
160989
160990
160991
160992
160994
160995
160997
160998
160999
