190750
190751
190752
190753
190754
190755
190756
190757
190758
190759
190760
190761
190763
190764
190765
190766
190767
190768
190769
190770
190772
190773
190774
190775
190777
190778
190779
190780
190781
190782
190783
190784
190786
190787
190788
190789
190790
190791
190792
190793
190794
190795
190796
190797
190798
190799
190800
190801
190802
190803
190804
190805
190807
190808
190809
190811
190812
190813
190814
190815
190816
190818
190819
190820
190821
190822
190823
190825
190826
190827
190829
190830
190831
190833
190834
190835
190837
190838
190839
190841
190842
190843
190845
190846
190847
190849
190850
190851
190853
190854
190855
190857
190858
190859
190861
190862
190863
190865
190866
190867
190869
190870
190871
190873
190874
190875
190876
190879
190880
190881
190883
190884
190885
190886
190887
190888
190891
190892
190893
190894
190895
190896
190897
190898
190899
190900
190901
190902
190903
190905
190906
190907
190908
190909
190910
190912
190913
190914
190915
190916
190917
190918
190919
190920
190921
190922
190925
190926
190928
190929
190930
190931
190934
190935
190936
190937
190939
190940
190942
190945
190948
190952
190954
190955
190957
190958
190959
190960
190962
190963
190967
190968
190969
190970
190972
190973
190974
190976
190977
190979
190981
190982
190984
190985
190986
190987
190988
190989
190990
190991
190993
