111250
111251
111252
111253
111254
111255
111256
111257
111258
111259
111260
111261
111263
111264
111265
111266
111268
111270
111271
111272
111273
111274
111275
111276
111277
111278
111279
111280
111281
111283
111285
111286
111288
111290
111291
111292
111294
111295
111296
111316
111318
111331
111332
111333
111335
111336
111337
111338
111339
111342
111343
111344
111345
111346
111347
111349
111350
111351
111353
111354
111355
111356
111357
111360
111361
111362
111363
111364
111367
111368
111369
111370
111371
111372
111373
111374
111375
111376
111377
111379
111380
111382
111383
111384
111385
111386
111388
111389
111390
111392
111394
111395
111396
111397
111399
111400
111401
111403
111404
111405
111406
111407
111408
111410
111411
111412
111413
111414
111415
111416
111418
111419
111420
111421
111423
111425
111426
111430
111433
111434
111436
111437
111438
111439
111440
111441
111442
111444
111445
111446
111447
111448
111449
111453
111458
111461
111462
111463
111464
111465
111466
111467
111468
111469
111470
111472
111473
111474
111475
111476
111477
111479
111480
111481
111482
111483
111484
111485
111486
111487
111488
111489
111490
111491
111492
111493
111494
111495
111496
111498
111499
