463500
463501
463502
463503
463505
463507
463508
463512
463513
463514
463515
463516
463517
463521
463522
463523
463524
463525
463526
463527
463531
463532
463533
463534
463535
463536
463537
463539
463540
463541
463542
463543
463544
463545
463546
463547
463548
463549
463550
463553
463554
463555
463556
463559
463560
463561
463562
463565
463566
463567
463568
463570
463571
463573
463574
463575
463576
463577
463578
463579
463581
463582
463583
463584
463586
463587
463588
463589
463590
463591
463592
463593
463594
463595
463596
463597
463598
463599
463600
463601
463602
463603
463604
463605
463606
463607
463612
463613
463614
463615
463616
463617
463618
463619
463621
463622
463623
463625
463628
463629
463630
463631
463632
463633
463635
463637
463638
463640
463641
463642
463653
463654
463655
463656
463658
463659
463660
463662
463663
463664
463665
463666
463667
463668
463669
463670
463673
463674
463675
463677
463678
463679
463680
463681
463682
463683
463684
463685
463686
463687
463688
463689
463690
463691
463693
463694
463695
463696
463697
463699
463700
463701
463702
463704
463705
463706
463707
463709
463710
463711
463712
463714
463715
463716
463717
463718
463719
463720
463721
463722
463724
463726
463727
463728
463729
463730
463731
463732
463733
463734
463735
463736
463737
463738
463739
463740
463741
463742
463743
463744
463745
463746
463747
463748
463749
