201250
201251
201252
201253
201254
201255
201256
201258
201260
201261
201262
201263
201264
201266
201267
201268
201269
201270
201272
201273
201275
201276
201278
201279
201280
201281
201282
201283
201284
201285
201286
201287
201288
201289
201290
201291
201292
201293
201294
201295
201296
201297
201298
201299
201300
201301
201302
201303
201304
201305
201306
201308
201309
201310
201311
201312
201313
201316
201317
201318
201319
201320
201323
201324
201325
201327
201328
201329
201330
201333
201334
201335
201338
201339
201340
201343
201344
201345
201348
201349
201352
201353
201355
201357
201359
201361
201363
201365
201366
201368
201369
201370
201371
201372
201373
201374
201375
201376
201377
201378
201379
201380
201381
201382
201383
201384
201385
201386
201387
201388
201389
201390
201391
201392
201393
201394
201395
201397
201398
201399
201400
201402
201403
201405
201410
201414
201418
201422
201426
201428
201429
201430
201431
201433
201435
201436
201437
201439
201442
201444
201445
201446
201448
201451
201453
201454
201455
201457
201460
201461
201462
201463
201464
201465
201467
201468
201470
201471
201472
201474
201475
201476
201477
201479
201480
201481
201482
201483
201484
201485
201487
201488
201489
201490
201492
201493
201494
201495
201496
201497
201498
