262750
262751
262752
262754
262755
262756
262757
262758
262760
262761
262762
262763
262764
262765
262766
262767
262768
262769
262770
262771
262772
262773
262774
262775
262776
262777
262778
262779
262780
262781
262782
262783
262784
262785
262786
262788
262789
262790
262791
262792
262793
262795
262796
262797
262798
262799
262800
262802
262803
262804
262805
262806
262807
262809
262810
262812
262813
262814
262816
262818
262821
262822
262823
262824
262826
262827
262828
262829
262831
262832
262833
262834
262836
262837
262838
262839
262840
262841
262842
262844
262845
262846
262847
262848
262849
262850
262851
262852
262853
262854
262855
262856
262857
262858
262859
262860
262861
262862
262863
262864
262865
262866
262867
262868
262869
262870
262871
262872
262873
262874
262875
262876
262877
262878
262879
262880
262882
262883
262886
262887
262888
262889
262890
262894
262896
262897
262898
262899
262900
262901
262902
262903
262904
262905
262906
262907
262908
262912
262913
262914
262916
262917
262918
262919
262920
262922
262923
262924
262925
262926
262928
262929
262930
262932
262933
262934
262935
262936
262937
262938
262939
262940
262941
262944
262945
262946
262947
262949
262950
262951
262952
262953
262954
262955
262956
262957
262958
262959
262960
262961
262962
262963
262964
262965
262966
262967
262968
262969
262970
262971
262972
262973
262974
262975
262976
262977
262978
262979
262980
262981
262982
262983
262984
262985
262986
262987
262988
262992
262994
262995
262996
262998
262999
