7750
7751
7752
7753
7754
7759
7760
7761
7762
7763
7764
7765
7766
7767
7769
7770
7773
7774
7775
7776
7778
7782
7783
7784
7785
7786
7787
7788
7791
7792
7793
7796
7798
7799
7801
7805
7806
7808
7809
7810
7811
7812
7813
7815
7817
7819
7820
7822
7824
7826
7828
7829
7830
7831
7832
7833
7834
7842
7843
7844
7845
7846
7847
7848
7849
7850
7851
7852
7853
7854
7855
7856
7857
7858
7859
7860
7861
7862
7863
7864
7865
7866
7867
7870
7871
7872
7873
7874
7876
7877
7878
7879
7880
7881
7882
7883
7884
7885
7886
7887
7888
7890
7892
7893
7894
7895
7896
7898
7900
7901
7902
7903
7904
7905
7908
7909
7910
7912
7914
7915
7916
7917
7918
7919
7920
7921
7922
7925
7926
7927
7928
7929
7930
7932
7934
7935
7936
7937
7938
7940
7942
7943
7944
7945
7946
7947
7948
7949
7950
7951
7952
7954
7955
7956
7958
7961
7962
7963
7964
7965
7966
7968
7969
7970
7971
7972
7973
7974
7975
7976
7977
7978
7979
7980
7981
7982
7983
7984
7985
7986
7987
7988
7989
7990
7991
7992
7993
7994
7995
7997
7998
7999
