31750
31751
31753
31754
31756
31757
31758
31759
31760
31761
31762
31763
31764
31765
31766
31767
31768
31769
31770
31771
31777
31778
31779
31780
31781
31782
31783
31784
31785
31786
31787
31788
31789
31790
31791
31792
31793
31795
31796
31798
31799
31800
31801
31803
31804
31806
31807
31808
31809
31810
31811
31812
31813
31814
31815
31816
31817
31818
31819
31820
31822
31823
31824
31825
31826
31827
31828
31829
31830
31831
31832
31833
31834
31835
31837
31838
31839
31840
31841
31842
31843
31844
31845
31846
31852
31853
31854
31856
31857
31858
31859
31861
31862
31863
31864
31865
31866
31868
31869
31870
31871
31872
31874
31875
31876
31877
31878
31879
31882
31883
31884
31886
31887
31889
31890
31891
31892
31893
31894
31895
31896
31901
31903
31904
31905
31906
31907
31908
31909
31910
31911
31912
31913
31914
31915
31916
31917
31919
31920
31922
31923
31924
31925
31926
31928
31930
31931
31932
31933
31934
31935
31936
31937
31938
31939
31942
31943
31944
31945
31947
31948
31949
31950
31951
31952
31953
31954
31955
31956
31957
31958
31959
31960
31961
31962
31963
31964
31965
31966
31967
31968
31969
31970
31971
31972
31973
31974
31975
31977
31978
31979
31981
31982
31983
31984
31986
31987
31988
31989
31991
31992
31993
31994
31995
31996
31997
31998
31999
