70750
70751
70752
70753
70754
70755
70756
70757
70758
70759
70762
70765
70766
70767
70768
70769
70770
70771
70772
70773
70774
70775
70776
70777
70778
70779
70780
70781
70782
70783
70784
70785
70786
70787
70788
70789
70790
70791
70792
70793
70794
70795
70796
70797
70798
70799
70800
70801
70802
70803
70804
70805
70806
70807
70808
70809
70810
70811
70812
70813
70814
70815
70818
70819
70820
70821
70822
70824
70825
70827
70828
70829
70830
70831
70833
70834
70836
70838
70845
70846
70848
70849
70850
70851
70852
70853
70854
70855
70856
70858
70859
70862
70865
70870
70871
70873
70874
70875
70876
70877
70878
70883
70885
70887
70889
70891
70893
70895
70898
70899
70900
70901
70902
70904
70905
70906
70907
70912
70913
70914
70915
70916
70917
70918
70919
70920
70921
70922
70923
70924
70925
70926
70927
70928
70929
70930
70935
70936
70937
70938
70939
70940
70941
70942
70943
70944
70945
70946
70947
70948
70949
70950
70953
70955
70956
70957
70958
70959
70960
70962
70964
70965
70967
70968
70969
70970
70971
70974
70975
70976
70977
70978
70979
70980
70981
70982
70983
70984
70986
70987
70988
70989
70990
70991
70992
70993
70994
70995
70996
70997
70999
