83251
83252
83253
83254
83256
83257
83258
83259
83261
83262
83263
83264
83266
83267
83268
83270
83274
83276
83278
83281
83283
83284
83285
83286
83287
83288
83289
83290
83291
83292
83293
83294
83295
83296
83297
83298
83299
83300
83301
83302
83307
83308
83309
83310
83311
83312
83313
83314
83315
83316
83317
83320
83321
83322
83323
83324
83325
83328
83329
83330
83331
83332
83333
83334
83335
83336
83337
83338
83340
83341
83342
83344
83345
83346
83347
83348
83349
83350
83351
83352
83354
83355
83356
83357
83358
83359
83361
83362
83364
83366
83368
83370
83371
83373
83377
83378
83379
83380
83381
83382
83383
83384
83386
83387
83389
83393
83395
83396
83397
83399
83402
83403
83404
83405
83406
83407
83408
83409
83411
83412
83413
83414
83415
83416
83417
83418
83419
83421
83422
83424
83425
83426
83428
83429
83431
83432
83433
83435
83436
83438
83439
83440
83442
83443
83445
83446
83447
83449
83450
83452
83454
83455
83456
83458
83459
83461
83462
83463
83465
83466
83467
83468
83470
83471
83472
83473
83475
83476
83477
83478
83480
83481
83482
83483
83484
83485
83486
83488
83491
83492
83495
83496
83497
83498
83499
