121250
121251
121254
121257
121258
121259
121260
121261
121262
121263
121264
121265
121266
121267
121268
121269
121270
121271
121272
121273
121274
121275
121276
121277
121278
121279
121280
121281
121282
121283
121284
121285
121286
121287
121288
121289
121290
121291
121292
121293
121294
121295
121296
121297
121298
121299
121300
121302
121303
121304
121306
121307
121308
121309
121310
121311
121313
121314
121315
121316
121317
121318
121319
121320
121321
121322
121323
121324
121325
121326
121327
121328
121329
121330
121331
121332
121333
121334
121335
121336
121337
121338
121339
121341
121342
121343
121344
121345
121346
121347
121348
121349
121350
121351
121352
121353
121354
121355
121356
121357
121359
121360
121361
121363
121364
121365
121366
121367
121368
121369
121370
121372
121374
121375
121377
121378
121380
121381
121382
121385
121386
121388
121389
121390
121391
121392
121397
121406
121407
121408
121409
121411
121412
121413
121414
121415
121416
121419
121420
121421
121422
121424
121426
121427
121428
121430
121431
121432
121434
121435
121436
121437
121438
121439
121441
121442
121443
121444
121447
121449
121450
121451
121452
121453
121454
121455
121457
121458
121459
121461
121462
121463
121464
121465
121466
121467
121468
121469
121470
121471
121472
121473
121475
121476
121477
121479
121480
121481
121486
121487
121488
121489
121490
121491
121492
121493
121495
121498
121499
