136251
136253
136254
136256
136258
136259
136260
136261
136262
136263
136264
136265
136266
136267
136269
136270
136271
136273
136274
136275
136276
136277
136278
136279
136280
136282
136284
136285
136286
136287
136288
136289
136290
136292
136293
136294
136295
136296
136298
136300
136301
136302
136303
136304
136306
136307
136308
136309
136310
136312
136313
136314
136315
136316
136318
136319
136320
136321
136322
136323
136324
136327
136328
136329
136330
136331
136332
136333
136335
136336
136337
136338
136339
136340
136341
136342
136343
136344
136347
136348
136349
136350
136351
136352
136353
136354
136355
136356
136357
136358
136359
136361
136362
136363
136364
136365
136366
136367
136368
136369
136370
136371
136372
136376
136397
136399
136401
136403
136405
136406
136407
136408
136409
136410
136411
136412
136414
136415
136416
136417
136418
136419
136420
136422
136423
136424
136426
136427
136428
136429
136430
136431
136432
136433
136434
136436
136437
136438
136439
136440
136442
136443
136444
136445
136446
136448
136450
136451
136452
136453
136454
136455
136456
136458
136459
136460
136461
136463
136464
136465
136466
136467
136468
136469
136470
136471
136472
136473
136474
136475
136476
136477
136478
136479
136480
136481
136482
136484
136485
136486
136487
136488
136489
136490
136491
136493
136494
136495
136496
136497
136498
