345750
345751
345752
345753
345754
345755
345756
345757
345759
345760
345761
345762
345763
345764
345765
345766
345768
345770
345771
345772
345773
345774
345775
345776
345777
345778
345779
345780
345781
345782
345783
345784
345786
345787
345788
345789
345790
345791
345792
345793
345794
345795
345796
345797
345798
345799
345800
345801
345802
345803
345804
345805
345806
345807
345809
345810
345812
345814
345815
345816
345817
345819
345820
345821
345822
345823
345824
345826
345828
345829
345830
345831
345833
345834
345835
345836
345837
345838
345839
345840
345841
345842
345843
345844
345845
345846
345847
345848
345849
345850
345851
345852
345853
345854
345855
345856
345857
345858
345859
345860
345861
345862
345863
345864
345865
345867
345872
345873
345875
345876
345879
345880
345881
345883
345885
345886
345887
345888
345889
345890
345891
345892
345893
345894
345895
345896
345897
345899
345900
345901
345902
345903
345904
345905
345906
345907
345908
345909
345910
345911
345912
345913
345914
345915
345916
345917
345918
345919
345920
345921
345922
345923
345924
345925
345926
345927
345928
345930
345931
345932
345933
345934
345935
345936
345938
345939
345940
345941
345942
345943
345944
345945
345950
345951
345953
345956
345957
345958
345960
345961
345962
345963
345964
345965
345966
345968
345969
345970
345971
345972
345973
345974
345976
345977
345978
345980
345981
345982
345983
345984
345985
345986
345988
345989
345990
345991
345992
345993
345994
345995
345996
345997
345998
