28750
28752
28753
28754
28757
28758
28759
28760
28761
28762
28763
28764
28765
28766
28767
28769
28770
28771
28772
28773
28774
28775
28776
28777
28778
28780
28781
28783
28784
28785
28787
28788
28789
28791
28792
28793
28795
28796
28797
28798
28799
28800
28801
28802
28803
28804
28805
28806
28808
28810
28811
28812
28813
28814
28815
28817
28819
28820
28821
28822
28823
28824
28826
28828
28829
28830
28831
28832
28833
28835
28837
28839
28840
28841
28842
28843
28845
28846
28847
28849
28850
28851
28853
28854
28855
28860
28861
28862
28863
28864
28865
28866
28867
28868
28869
28870
28871
28874
28875
28876
28877
28879
28880
28881
28882
28884
28885
28886
28887
28889
28890
28891
28892
28893
28894
28895
28896
28898
28899
28901
28902
28903
28904
28905
28907
28908
28910
28911
28913
28914
28915
28916
28917
28918
28919
28920
28921
28922
28923
28924
28925
28926
28927
28928
28929
28930
28931
28932
28933
28934
28935
28936
28937
28938
28939
28940
28941
28942
28943
28944
28945
28946
28947
28948
28949
28950
28951
28952
28953
28955
28956
28958
28960
28962
28963
28965
28967
28969
28970
28972
28974
28976
28977
28979
28981
28983
28984
28987
28988
28990
28992
28995
28996
28997
28998
28999
