85250
85251
85252
85253
85254
85255
85256
85257
85258
85259
85260
85261
85263
85266
85267
85268
85270
85271
85273
85275
85276
85277
85278
85279
85280
85281
85282
85283
85285
85286
85287
85288
85289
85290
85291
85292
85293
85294
85295
85296
85297
85298
85299
85300
85301
85302
85303
85304
85305
85306
85307
85308
85309
85310
85311
85312
85313
85314
85315
85316
85317
85320
85321
85322
85323
85325
85326
85327
85328
85329
85330
85331
85332
85333
85334
85335
85336
85337
85338
85339
85340
85341
85342
85343
85344
85345
85346
85347
85348
85349
85350
85351
85352
85353
85354
85355
85356
85357
85358
85360
85363
85365
85367
85368
85369
85372
85373
85374
85376
85377
85378
85379
85381
85382
85383
85384
85386
85387
85388
85389
85390
85391
85392
85394
85395
85397
85398
85400
85401
85402
85403
85404
85405
85406
85407
85408
85409
85410
85411
85412
85413
85414
85415
85418
85419
85420
85421
85422
85424
85425
85426
85427
85428
85429
85430
85431
85432
85433
85434
85435
85437
85441
85442
85443
85445
85448
85449
85450
85451
85452
85453
85454
85455
85456
85457
85458
85459
85460
85461
85462
85463
85464
85465
85466
85467
85468
85469
85470
85471
85472
85473
85474
85475
85476
85477
85478
85479
85480
85481
85482
85483
85484
85486
85487
85489
85491
85492
85493
85494
85495
85496
85497
85499
