14501
14503
14507
14508
14509
14510
14512
14514
14515
14516
14517
14518
14519
14524
14525
14526
14527
14528
14529
14530
14531
14533
14534
14535
14536
14537
14538
14539
14540
14541
14542
14543
14544
14545
14547
14548
14550
14551
14552
14553
14554
14555
14556
14557
14558
14559
14561
14564
14566
14567
14568
14569
14571
14572
14573
14576
14577
14579
14580
14581
14583
14584
14588
14589
14590
14591
14592
14593
14594
14595
14596
14597
14598
14599
14601
14604
14606
14608
14609
14610
14611
14612
14613
14615
14616
14617
14618
14619
14620
14621
14622
14627
14633
14636
14638
14639
14641
14642
14643
14644
14645
14646
14647
14649
14650
14652
14654
14655
14656
14657
14658
14659
14660
14661
14662
14663
14664
14666
14667
14668
14669
14670
14672
14674
14675
14679
14680
14681
14682
14685
14686
14687
14688
14689
14690
14691
14692
14693
14694
14697
14698
14707
14708
14715
14717
14719
14721
14725
14726
14727
14728
14729
14730
14733
14734
14735
14736
14737
14739
14740
14741
14743
14744
14745
14747
14748
14749
