225750
225752
225753
225754
225755
225756
225757
225758
225760
225761
225762
225763
225765
225766
225767
225768
225770
225771
225772
225773
225775
225776
225778
225782
225783
225784
225786
225787
225788
225789
225790
225791
225792
225793
225794
225796
225798
225799
225800
225801
225802
225803
225804
225805
225807
225809
225810
225811
225812
225813
225814
225815
225816
225817
225818
225819
225820
225821
225822
225823
225824
225825
225826
225828
225829
225830
225831
225832
225834
225836
225837
225838
225839
225840
225842
225843
225844
225846
225847
225848
225849
225850
225851
225852
225853
225854
225855
225856
225857
225858
225859
225860
225861
225863
225865
225867
225869
225871
225872
225875
225877
225879
225880
225881
225882
225883
225885
225886
225887
225889
225890
225891
225892
225893
225894
225895
225896
225897
225898
225899
225900
225901
225902
225903
225904
225905
225907
225908
225909
225910
225911
225912
225913
225915
225916
225917
225920
225921
225922
225923
225924
225927
225928
225930
225931
225932
225933
225934
225936
225937
225938
225939
225940
225941
225942
225943
225944
225947
225948
225950
225951
225952
225954
225955
225956
225957
225958
225959
225960
225961
225962
225963
225964
225965
225967
225968
225969
225970
225971
225972
225973
225974
225975
225976
225977
225978
225979
225980
225981
225982
225983
225984
225985
225986
225988
225989
225990
225992
225993
225994
225996
225997
225999
