107750
107751
107752
107753
107754
107755
107756
107757
107758
107759
107760
107761
107763
107764
107765
107767
107768
107769
107770
107773
107774
107775
107776
107777
107778
107779
107780
107782
107783
107786
107787
107788
107789
107790
107792
107793
107794
107796
107797
107798
107799
107801
107802
107803
107804
107805
107806
107807
107811
107813
107814
107815
107816
107817
107818
107819
107820
107821
107824
107825
107827
107828
107829
107830
107831
107832
107833
107834
107835
107836
107837
107838
107839
107842
107843
107844
107846
107847
107848
107849
107850
107851
107852
107853
107854
107856
107857
107858
107859
107860
107861
107862
107865
107866
107867
107868
107869
107870
107871
107872
107873
107874
107875
107876
107877
107878
107879
107880
107881
107882
107883
107885
107886
107887
107888
107889
107890
107891
107892
107893
107894
107895
107896
107897
107898
107899
107900
107901
107902
107904
107905
107906
107907
107908
107910
107913
107914
107915
107916
107917
107918
107919
107922
107923
107924
107925
107926
107927
107929
107930
107931
107932
107933
107934
107935
107937
107938
107939
107940
107941
107942
107943
107944
107945
107947
107948
107949
107950
107952
107953
107954
107955
107957
107958
107959
107960
107961
107962
107963
107965
107966
107967
107968
107969
107970
107971
107972
107973
107974
107975
107976
107977
107978
107979
107980
107981
107982
107983
107984
107985
107986
107987
107988
107989
107990
107991
107992
107993
107995
107996
107998
107999
