365250
365251
365252
365253
365254
365255
365256
365257
365258
365263
365264
365265
365266
365267
365268
365269
365270
365271
365272
365273
365274
365275
365276
365277
365278
365279
365280
365281
365282
365283
365284
365285
365286
365287
365288
365289
365290
365291
365292
365293
365296
365299
365302
365305
365306
365307
365308
365309
365310
365311
365312
365314
365315
365317
365318
365319
365320
365321
365322
365323
365324
365325
365326
365327
365328
365329
365330
365331
365333
365334
365335
365336
365337
365338
365339
365342
365348
365349
365350
365351
365352
365353
365354
365355
365356
365357
365358
365360
365361
365362
365363
365364
365365
365366
365367
365368
365372
365373
365377
365378
365379
365380
365381
365383
365384
365385
365386
365387
365389
365390
365391
365392
365393
365394
365395
365397
365398
365401
365402
365403
365404
365405
365406
365407
365408
365409
365410
365411
365412
365413
365414
365415
365416
365418
365419
365420
365421
365423
365424
365425
365426
365427
365428
365429
365430
365431
365432
365433
365434
365435
365438
365442
365445
365446
365447
365448
365449
365450
365451
365452
365453
365454
365455
365456
365458
365461
365462
365463
365464
365465
365466
365467
365468
365469
365470
365471
365472
365474
365477
365478
365479
365480
365481
365482
365483
365484
365485
365486
365487
365488
365491
365493
365494
365495
365496
365497
365498
365499
