284750
284751
284752
284753
284755
284756
284757
284758
284759
284760
284761
284762
284763
284764
284765
284766
284768
284769
284770
284771
284772
284773
284774
284775
284776
284777
284778
284779
284780
284781
284782
284783
284784
284785
284786
284787
284788
284789
284790
284791
284793
284794
284795
284796
284797
284798
284799
284800
284801
284802
284803
284804
284806
284807
284808
284809
284811
284812
284813
284814
284815
284816
284817
284818
284821
284822
284823
284824
284825
284829
284830
284831
284832
284833
284834
284835
284839
284844
284845
284846
284847
284848
284849
284851
284852
284853
284854
284855
284856
284857
284858
284859
284860
284861
284862
284863
284864
284865
284866
284867
284868
284869
284870
284871
284872
284873
284874
284875
284876
284877
284878
284879
284880
284881
284883
284884
284886
284887
284888
284889
284890
284891
284892
284895
284896
284897
284898
284900
284901
284903
284905
284906
284907
284908
284910
284911
284912
284913
284914
284915
284916
284917
284918
284919
284920
284921
284922
284923
284924
284925
284926
284927
284928
284929
284930
284932
284933
284936
284937
284938
284939
284940
284941
284942
284943
284944
284946
284947
284950
284951
284952
284953
284954
284955
284956
284957
284958
284959
284960
284961
284962
284963
284964
284965
284966
284967
284968
284969
284970
284971
284973
284975
284976
284977
284978
284979
284980
284981
284982
284983
284984
284985
284986
284987
284988
284990
284991
284992
284993
284994
284995
284997
284998
284999
