334250
334251
334253
334254
334255
334257
334258
334262
334264
334265
334266
334268
334269
334270
334271
334272
334273
334275
334276
334277
334278
334279
334280
334281
334282
334283
334284
334285
334286
334287
334288
334289
334290
334291
334292
334293
334294
334295
334296
334297
334299
334300
334301
334302
334303
334304
334305
334306
334307
334308
334309
334310
334311
334312
334313
334314
334315
334316
334317
334319
334320
334322
334323
334324
334325
334326
334327
334328
334330
334331
334332
334333
334334
334335
334336
334337
334338
334339
334340
334341
334342
334343
334344
334345
334346
334347
334348
334349
334352
334353
334354
334355
334356
334358
334359
334361
334362
334363
334364
334366
334367
334368
334369
334370
334371
334372
334373
334374
334375
334376
334378
334379
334380
334381
334382
334383
334384
334385
334386
334387
334388
334389
334390
334391
334392
334393
334394
334395
334397
334398
334399
334400
334401
334402
334403
334404
334405
334406
334407
334408
334409
334410
334411
334412
334413
334415
334418
334419
334420
334421
334422
334423
334424
334425
334426
334427
334428
334429
334430
334431
334432
334433
334434
334435
334436
334437
334438
334440
334441
334442
334443
334444
334446
334447
334448
334449
334450
334451
334452
334453
334454
334455
334456
334457
334458
334459
334460
334461
334462
334463
334464
334465
334466
334467
334468
334469
334470
334471
334472
334473
334474
334475
334476
334477
334478
334479
334480
334481
334482
334483
334484
334485
334486
334487
334488
334489
334490
334491
334492
334493
334495
334496
334497
334498
334499
