298750
298752
298753
298754
298755
298757
298758
298759
298760
298762
298763
298764
298765
298767
298768
298769
298771
298772
298773
298774
298775
298777
298778
298779
298780
298782
298783
298784
298785
298786
298787
298788
298789
298791
298792
298793
298794
298795
298796
298797
298798
298799
298800
298801
298802
298803
298805
298808
298809
298811
298812
298813
298814
298815
298816
298818
298819
298820
298822
298823
298824
298825
298826
298828
298829
298830
298831
298832
298833
298834
298835
298836
298837
298838
298839
298841
298842
298843
298844
298845
298847
298848
298849
298850
298851
298854
298855
298856
298857
298858
298859
298860
298861
298862
298863
298864
298865
298866
298867
298868
298869
298870
298871
298872
298873
298874
298875
298876
298877
298878
298879
298880
298881
298882
298883
298884
298885
298886
298887
298888
298889
298890
298891
298892
298893
298894
298895
298896
298897
298898
298899
298900
298901
298902
298903
298904
298905
298906
298907
298908
298909
298910
298911
298912
298913
298914
298915
298916
298917
298918
298919
298920
298921
298923
298925
298926
298927
298928
298929
298930
298931
298932
298933
298934
298935
298936
298937
298938
298939
298941
298942
298943
298944
298945
298946
298947
298948
298949
298950
298951
298952
298953
298954
298955
298956
298958
298959
298960
298961
298962
298963
298964
298965
298966
298967
298968
298970
298971
298972
298973
298974
298975
298976
298978
298979
298980
298981
298982
298983
298984
298986
298987
298988
298989
298991
298992
298993
298994
298995
298997
298998
