353250
353252
353253
353254
353256
353257
353258
353259
353260
353261
353262
353263
353264
353265
353266
353267
353270
353271
353272
353274
353275
353277
353278
353279
353281
353282
353284
353285
353286
353288
353289
353292
353298
353301
353302
353306
353312
353313
353314
353315
353316
353318
353319
353322
353323
353324
353325
353326
353327
353329
353330
353331
353332
353333
353335
353337
353338
353339
353340
353341
353342
353343
353346
353348
353349
353350
353351
353352
353353
353354
353355
353356
353357
353358
353359
353360
353361
353362
353363
353364
353365
353366
353367
353368
353370
353371
353372
353373
353374
353375
353376
353377
353378
353379
353380
353381
353382
353383
353384
353386
353387
353388
353389
353391
353392
353393
353394
353395
353396
353397
353398
353399
353401
353402
353403
353404
353406
353407
353408
353409
353410
353411
353412
353413
353414
353416
353417
353418
353419
353421
353422
353423
353424
353425
353426
353427
353428
353429
353431
353432
353433
353434
353436
353437
353438
353439
353440
353441
353442
353443
353445
353446
353447
353448
353449
353451
353452
353453
353455
353458
353460
353461
353462
353463
353464
353465
353466
353467
353468
353469
353470
353471
353472
353473
353474
353475
353479
353480
353481
353482
353483
353484
353485
353486
353487
353488
353489
353490
353491
353492
353493
353494
353495
353496
353497
353498
353499
