38250
38251
38252
38253
38254
38255
38256
38257
38258
38259
38260
38261
38262
38264
38265
38266
38267
38268
38271
38272
38273
38274
38275
38276
38279
38280
38281
38282
38283
38286
38287
38288
38289
38290
38291
38292
38293
38294
38295
38296
38297
38300
38301
38302
38304
38305
38306
38307
38308
38309
38310
38311
38312
38313
38314
38315
38316
38318
38319
38320
38321
38322
38323
38324
38326
38327
38328
38330
38331
38332
38335
38336
38338
38339
38340
38342
38343
38344
38345
38346
38347
38348
38349
38350
38351
38352
38353
38354
38355
38356
38357
38358
38359
38360
38361
38362
38364
38365
38366
38367
38369
38370
38372
38373
38374
38375
38376
38379
38380
38381
38382
38383
38385
38386
38387
38388
38389
38390
38391
38393
38394
38395
38396
38397
38399
38400
38401
38402
38403
38404
38405
38406
38407
38408
38409
38410
38411
38412
38414
38415
38416
38417
38418
38419
38420
38421
38422
38423
38424
38425
38426
38427
38428
38429
38430
38431
38432
38433
38434
38435
38436
38437
38438
38439
38442
38443
38444
38445
38446
38447
38448
38449
38450
38454
38455
38456
38457
38459
38460
38461
38462
38463
38464
38465
38466
38467
38468
38469
38470
38471
38474
38476
38477
38482
38485
38486
38487
38488
38491
38492
38493
38499
