425500
425501
425502
425503
425504
425505
425506
425507
425508
425509
425510
425511
425512
425513
425514
425515
425516
425517
425518
425519
425520
425521
425522
425523
425524
425525
425526
425527
425528
425529
425530
425531
425532
425533
425534
425535
425536
425537
425538
425539
425540
425541
425542
425543
425544
425545
425546
425547
425548
425549
425550
425551
425552
425553
425554
425555
425556
425557
425558
425559
425560
425561
425562
425563
425564
425565
425566
425567
425568
425569
425570
425571
425572
425573
425574
425575
425576
425577
425578
425579
425580
425581
425582
425583
425584
425585
425586
425587
425588
425589
425590
425591
425592
425593
425594
425595
425596
425597
425598
425599
425600
425601
425602
425603
425604
425605
425606
425607
425608
425609
425610
425611
425612
425613
425614
425615
425616
425617
425618
425619
425620
425621
425622
425623
425624
425625
425626
425627
425628
425629
425630
425631
425632
425633
425634
425635
425636
425637
425638
425639
425640
425641
425642
425643
425644
425645
425646
425647
425648
425649
425650
425651
425652
425653
425654
425655
425656
425657
425658
425659
425660
425661
425662
425663
425664
425665
425666
425668
425669
425670
425671
425672
425673
425674
425675
425676
425677
425678
425679
425680
425681
425682
425683
425684
425685
425686
425687
425688
425689
425690
425691
425692
425693
425694
425695
425696
425697
425698
425699
425701
425702
425703
425704
425705
425706
425708
425709
425710
425711
425712
425713
425715
425716
425717
425718
425720
425722
425723
425724
425725
425726
425727
425728
425729
425730
425731
425733
425734
425735
425736
425737
425738
425739
425740
425741
425742
425743
425744
425745
425746
425747
425749
