331751
331752
331753
331754
331755
331757
331758
331759
331760
331761
331762
331764
331765
331766
331767
331768
331769
331770
331771
331772
331774
331775
331780
331781
331782
331783
331784
331785
331786
331787
331788
331789
331790
331792
331793
331795
331796
331797
331798
331799
331800
331801
331802
331803
331804
331806
331807
331808
331809
331810
331811
331812
331813
331814
331815
331816
331817
331818
331819
331820
331821
331822
331823
331824
331825
331826
331827
331828
331829
331830
331832
331833
331836
331837
331838
331840
331841
331842
331844
331845
331846
331847
331848
331849
331851
331852
331853
331854
331855
331856
331858
331859
331860
331861
331862
331863
331864
331866
331867
331868
331869
331871
331872
331873
331874
331876
331877
331878
331879
331881
331882
331883
331884
331885
331886
331887
331888
331890
331891
331892
331893
331894
331895
331896
331897
331898
331899
331900
331901
331902
331903
331904
331905
331908
331909
331910
331911
331912
331913
331914
331915
331916
331917
331918
331919
331920
331921
331922
331923
331924
331925
331926
331927
331929
331930
331931
331934
331935
331936
331937
331938
331939
331941
331942
331944
331945
331949
331950
331951
331952
331953
331954
331955
331956
331957
331958
331959
331960
331962
331963
331964
331966
331967
331968
331970
331971
331972
331974
331975
331976
331978
331979
331980
331983
331984
331985
331986
331987
331988
331989
331990
331991
331993
331994
331995
331996
331997
331998
331999
