426750
426751
426752
426753
426754
426756
426757
426758
426759
426761
426763
426764
426765
426766
426767
426768
426769
426770
426771
426772
426773
426774
426775
426776
426777
426778
426779
426780
426781
426782
426784
426785
426786
426787
426788
426789
426791
426792
426793
426794
426795
426796
426798
426799
426800
426801
426802
426803
426805
426806
426807
426808
426809
426811
426812
426813
426814
426815
426817
426818
426819
426820
426822
426823
426824
426825
426827
426828
426829
426830
426831
426833
426834
426835
426836
426837
426838
426839
426840
426841
426842
426844
426845
426846
426848
426849
426850
426852
426853
426854
426855
426856
426857
426858
426860
426861
426863
426864
426865
426866
426867
426868
426869
426870
426871
426872
426873
426874
426875
426877
426879
426881
426882
426883
426884
426885
426887
426889
426890
426891
426892
426893
426895
426898
426899
426900
426901
426902
426903
426904
426905
426906
426907
426908
426909
426911
426912
426913
426914
426915
426916
426917
426918
426919
426920
426921
426922
426923
426924
426925
426926
426927
426928
426929
426930
426931
426932
426933
426935
426936
426937
426938
426939
426941
426943
426944
426945
426946
426947
426948
426949
426950
426951
426952
426954
426956
426957
426958
426959
426960
426961
426962
426963
426964
426965
426967
426969
426970
426971
426972
426973
426974
426975
426976
426977
426978
426979
426980
426982
426983
426984
426985
426987
426988
426989
426990
426992
426993
426994
426995
426996
426997
426998
426999
