234500
234501
234502
234503
234505
234506
234508
234509
234510
234512
234513
234514
234515
234516
234517
234518
234519
234520
234521
234522
234523
234524
234526
234528
234530
234531
234532
234534
234535
234536
234537
234538
234539
234541
234542
234543
234544
234545
234546
234547
234548
234549
234550
234553
234554
234555
234556
234558
234559
234560
234561
234562
234563
234564
234565
234566
234567
234568
234569
234570
234571
234572
234573
234574
234575
234576
234577
234578
234580
234581
234582
234583
234585
234586
234588
234589
234590
234591
234593
234594
234595
234596
234597
234598
234599
234600
234601
234602
234603
234604
234605
234606
234607
234608
234610
234611
234612
234613
234614
234615
234617
234618
234619
234620
234621
234622
234623
234624
234625
234626
234628
234632
234633
234634
234635
234636
234637
234638
234639
234640
234641
234642
234643
234644
234645
234647
234650
234651
234652
234653
234654
234655
234656
234657
234658
234659
234660
234661
234662
234663
234664
234665
234666
234667
234669
234671
234674
234676
234679
234681
234684
234686
234688
234689
234690
234691
234692
234693
234695
234696
234697
234699
234700
234701
234702
234703
234704
234705
234706
234707
234708
234709
234710
234711
234712
234713
234714
234715
234716
234717
234718
234719
234720
234722
234723
234724
234725
234726
234727
234728
234729
234730
234731
234732
234733
234734
234735
234736
234737
234738
234740
234741
234742
234743
234744
234745
234746
234748
234749
