19500
19501
19502
19504
19505
19507
19508
19509
19511
19512
19514
19515
19516
19517
19518
19519
19520
19521
19522
19524
19525
19527
19529
19530
19532
19533
19534
19535
19536
19537
19538
19540
19541
19542
19543
19544
19545
19547
19548
19549
19550
19551
19554
19555
19556
19557
19558
19559
19560
19561
19562
19563
19564
19565
19566
19567
19569
19570
19571
19572
19574
19575
19576
19577
19578
19579
19580
19581
19582
19583
19584
19585
19586
19587
19588
19589
19590
19592
19593
19594
19595
19596
19597
19598
19600
19601
19602
19603
19604
19606
19607
19608
19609
19610
19612
19613
19614
19615
19616
19617
19618
19619
19621
19622
19624
19625
19627
19628
19630
19632
19634
19635
19636
19637
19638
19639
19640
19642
19647
19648
19649
19651
19652
19653
19656
19657
19658
19659
19660
19661
19662
19663
19664
19665
19666
19667
19668
19669
19671
19672
19673
19674
19675
19676
19678
19679
19680
19681
19686
19687
19688
19689
19690
19691
19692
19693
19694
19695
19696
19697
19698
19699
19700
19701
19702
19703
19704
19705
19706
19707
19708
19709
19710
19711
19712
19713
19714
19715
19716
19718
19719
19722
19725
19726
19727
19728
19729
19731
19732
19734
19735
19736
19739
19740
19741
19742
19743
19745
19747
19748
19749
