443500
443501
443502
443503
443504
443505
443506
443507
443508
443509
443510
443511
443512
443513
443514
443515
443516
443517
443518
443519
443520
443521
443522
443523
443524
443525
443526
443527
443528
443529
443530
443531
443532
443533
443534
443535
443536
443537
443538
443539
443540
443541
443542
443543
443544
443545
443546
443547
443548
443549
443550
443551
443552
443553
443554
443555
443556
443557
443560
443562
443563
443565
443566
443567
443569
443571
443572
443575
443576
443577
443578
443580
443581
443582
443583
443584
443585
443586
443587
443588
443589
443591
443592
443593
443594
443596
443597
443598
443599
443600
443601
443602
443603
443604
443605
443606
443607
443608
443609
443610
443611
443612
443613
443614
443615
443616
443617
443619
443620
443621
443622
443623
443624
443625
443626
443627
443628
443629
443630
443631
443632
443633
443634
443635
443637
443638
443639
443640
443641
443642
443643
443644
443645
443646
443647
443648
443649
443650
443651
443652
443653
443654
443655
443656
443657
443658
443659
443660
443661
443662
443663
443664
443665
443666
443667
443668
443669
443670
443671
443672
443674
443675
443676
443677
443679
443681
443682
443684
443685
443686
443688
443690
443691
443693
443694
443695
443697
443699
443700
443702
443703
443704
443706
443708
443709
443711
443712
443713
443715
443717
443718
443720
443721
443722
443724
443726
443727
443729
443730
443731
443733
443735
443736
443737
443738
443739
443740
443741
443742
443744
443745
443746
443747
443748
443749
