464250
464252
464254
464255
464257
464258
464259
464260
464261
464262
464264
464265
464267
464268
464269
464270
464272
464273
464274
464275
464277
464278
464279
464280
464281
464282
464283
464284
464285
464286
464287
464288
464289
464290
464291
464292
464293
464294
464297
464298
464299
464300
464301
464302
464303
464304
464305
464306
464307
464308
464309
464310
464311
464312
464313
464314
464315
464316
464317
464318
464319
464320
464321
464322
464323
464324
464326
464327
464329
464330
464331
464332
464333
464334
464336
464337
464338
464339
464340
464341
464342
464343
464346
464347
464348
464349
464350
464351
464352
464353
464354
464356
464357
464358
464359
464360
464361
464363
464364
464365
464366
464367
464368
464369
464370
464371
464372
464373
464374
464375
464376
464377
464378
464379
464380
464381
464383
464384
464385
464386
464387
464388
464389
464390
464391
464392
464393
464394
464395
464396
464397
464398
464399
464400
464401
464402
464403
464404
464405
464406
464407
464408
464409
464410
464412
464413
464414
464415
464416
464417
464418
464419
464420
464421
464423
464424
464425
464426
464428
464429
464430
464431
464432
464433
464434
464435
464436
464438
464439
464440
464441
464442
464443
464445
464446
464447
464448
464449
464450
464451
464452
464453
464454
464455
464456
464457
464458
464459
464460
464461
464462
464463
464464
464465
464466
464467
464468
464469
464470
464471
464472
464475
464476
464477
464478
464480
464481
464484
464485
464486
464487
464490
464491
464492
464493
464495
464496
464497
464498
464499
