406001
406002
406003
406004
406005
406007
406008
406009
406010
406011
406012
406014
406015
406016
406017
406021
406022
406023
406024
406025
406027
406028
406030
406031
406032
406033
406034
406037
406039
406041
406042
406044
406045
406046
406047
406048
406049
406050
406051
406052
406055
406056
406057
406058
406059
406060
406061
406062
406063
406064
406065
406066
406067
406068
406070
406071
406073
406074
406076
406077
406078
406079
406080
406081
406082
406083
406084
406085
406086
406088
406090
406091
406092
406093
406095
406096
406097
406098
406100
406101
406102
406103
406105
406106
406107
406108
406111
406112
406113
406114
406115
406116
406117
406118
406119
406120
406121
406123
406124
406125
406126
406127
406128
406129
406130
406131
406132
406133
406134
406135
406136
406139
406140
406141
406142
406144
406145
406146
406147
406150
406151
406152
406154
406156
406157
406158
406159
406160
406161
406162
406163
406164
406167
406169
406170
406171
406172
406173
406175
406176
406177
406178
406179
406181
406182
406183
406184
406185
406186
406187
406189
406191
406192
406193
406194
406195
406197
406199
406200
406201
406202
406203
406205
406207
406208
406209
406210
406211
406213
406215
406216
406217
406218
406220
406223
406224
406225
406226
406227
406228
406229
406230
406231
406232
406233
406235
406236
406237
406238
406239
406241
406242
406243
406246
406247
406248
