25500
25501
25502
25503
25504
25505
25507
25508
25509
25510
25514
25515
25516
25517
25518
25519
25520
25521
25522
25523
25524
25525
25526
25527
25528
25529
25530
25531
25532
25533
25534
25535
25536
25537
25538
25544
25545
25546
25548
25550
25551
25552
25553
25555
25556
25557
25559
25560
25561
25563
25564
25565
25566
25567
25569
25572
25573
25574
25575
25578
25579
25580
25581
25584
25585
25586
25587
25588
25590
25592
25594
25596
25598
25600
25604
25607
25608
25609
25610
25611
25613
25615
25616
25617
25618
25626
25627
25628
25629
25630
25631
25632
25633
25634
25635
25636
25637
25638
25639
25640
25641
25642
25643
25645
25646
25647
25648
25649
25650
25651
25652
25653
25654
25655
25656
25658
25659
25661
25662
25664
25665
25666
25667
25668
25670
25673
25675
25677
25678
25679
25680
25682
25683
25685
25686
25687
25688
25690
25692
25693
25694
25695
25698
25700
25701
25703
25704
25705
25706
25707
25708
25709
25710
25712
25713
25714
25715
25716
25717
25719
25720
25721
25722
25723
25724
25727
25728
25729
25731
25732
25733
25734
25735
25736
25737
25738
25739
25740
25741
25742
25744
25745
25746
25748
25749
