98252
98253
98255
98256
98258
98259
98261
98262
98264
98265
98267
98268
98270
98271
98273
98274
98276
98277
98279
98280
98281
98286
98293
98296
98297
98298
98299
98300
98301
98302
98303
98304
98305
98306
98307
98308
98309
98310
98311
98312
98313
98314
98315
98316
98319
98321
98322
98323
98324
98326
98327
98328
98329
98330
98331
98333
98334
98335
98336
98337
98338
98339
98342
98345
98347
98348
98349
98350
98351
98352
98354
98356
98357
98358
98359
98361
98362
98363
98364
98366
98367
98368
98369
98370
98371
98372
98373
98374
98375
98376
98378
98379
98381
98383
98385
98387
98388
98389
98390
98392
98393
98394
98395
98396
98397
98398
98400
98403
98404
98405
98406
98409
98410
98411
98412
98413
98414
98415
98416
98417
98418
98419
98420
98422
98423
98424
98425
98426
98427
98428
98429
98430
98431
98432
98433
98434
98439
98440
98441
98443
98444
98445
98446
98448
98449
98450
98451
98452
98453
98454
98455
98457
98459
98460
98461
98463
98464
98465
98467
98468
98469
98471
98472
98473
98474
98475
98476
98477
98478
98479
98480
98481
98482
98483
98484
98485
98486
98488
98489
98490
98491
98492
98493
98494
98495
98496
98497
98498
98499
