378250
378252
378253
378255
378256
378257
378258
378259
378260
378261
378262
378263
378264
378265
378266
378267
378268
378269
378270
378271
378272
378273
378274
378275
378276
378277
378278
378279
378280
378281
378282
378283
378284
378285
378286
378287
378288
378289
378290
378291
378292
378293
378294
378295
378296
378297
378298
378299
378300
378301
378302
378303
378304
378305
378306
378307
378308
378309
378310
378311
378312
378313
378314
378315
378316
378317
378318
378319
378320
378321
378322
378323
378324
378325
378327
378328
378329
378330
378332
378333
378334
378335
378336
378337
378339
378340
378341
378342
378343
378345
378346
378347
378348
378350
378351
378352
378353
378354
378355
378356
378357
378358
378359
378360
378361
378362
378363
378364
378365
378366
378367
378368
378369
378370
378371
378372
378373
378374
378375
378376
378377
378378
378379
378380
378381
378382
378383
378384
378385
378386
378387
378388
378389
378390
378391
378392
378393
378394
378395
378396
378397
378398
378399
378401
378403
378404
378405
378406
378407
378408
378409
378410
378411
378413
378415
378416
378417
378418
378419
378420
378421
378422
378423
378424
378425
378427
378428
378429
378430
378431
378432
378433
378434
378435
378436
378437
378439
378440
378441
378442
378443
378444
378445
378446
378447
378448
378449
378451
378452
378453
378454
378455
378456
378457
378458
378459
378461
378462
378463
378465
378468
378469
378471
378473
378476
378477
378479
378480
378481
378482
378489
378490
378493
378494
378495
378496
378497
378498
378499
