457250
457251
457252
457253
457254
457255
457256
457257
457258
457259
457260
457261
457262
457263
457264
457265
457266
457267
457268
457269
457270
457271
457272
457273
457274
457275
457276
457277
457278
457279
457280
457281
457282
457283
457284
457285
457286
457287
457288
457289
457290
457292
457293
457294
457295
457296
457297
457298
457299
457300
457301
457302
457303
457304
457306
457307
457308
457309
457310
457312
457313
457314
457316
457317
457318
457320
457321
457322
457323
457325
457326
457327
457330
457331
457334
457335
457338
457339
457342
457343
457346
457347
457350
457351
457354
457355
457358
457359
457362
457363
457366
457367
457370
457371
457372
457373
457374
457375
457377
457378
457379
457381
457382
457383
457384
457385
457386
457387
457388
457389
457390
457391
457392
457393
457394
457396
457397
457398
457400
457401
457402
457403
457404
457406
457407
457408
457409
457410
457411
457412
457413
457415
457416
457417
457418
457419
457420
457421
457422
457423
457424
457425
457427
457428
457429
457430
457431
457433
457434
457435
457436
457437
457438
457439
457441
457442
457443
457444
457445
457446
457448
457449
457450
457451
457452
457453
457455
457456
457457
457459
457460
457462
457463
457464
457466
457467
457468
457469
457471
457474
457475
457476
457477
457478
457479
457480
457481
457482
457483
457484
457485
457486
457487
457488
457489
457490
457491
457492
457493
457494
457495
457496
457497
457498
457499
