312000
312001
312004
312005
312006
312007
312008
312009
312010
312013
312014
312015
312016
312017
312018
312019
312020
312021
312022
312023
312024
312025
312026
312027
312028
312029
312030
312031
312033
312035
312036
312037
312038
312040
312042
312043
312044
312045
312046
312047
312049
312050
312051
312052
312053
312054
312055
312056
312058
312059
312060
312061
312062
312063
312064
312065
312067
312068
312069
312070
312071
312072
312073
312074
312075
312076
312077
312078
312080
312081
312082
312083
312084
312085
312086
312087
312088
312089
312090
312091
312092
312093
312094
312095
312096
312097
312098
312099
312100
312101
312102
312103
312104
312105
312106
312107
312108
312109
312110
312111
312112
312113
312114
312116
312117
312118
312120
312121
312122
312124
312125
312126
312128
312129
312130
312132
312133
312134
312136
312137
312138
312140
312141
312142
312143
312144
312145
312146
312147
312148
312150
312151
312153
312154
312155
312157
312158
312159
312161
312162
312163
312165
312166
312167
312168
312169
312171
312172
312173
312174
312175
312176
312177
312178
312179
312180
312181
312183
312184
312185
312186
312188
312189
312190
312191
312192
312194
312195
312196
312197
312199
312200
312201
312202
312204
312205
312207
312209
312210
312211
312212
312213
312214
312215
312216
312217
312218
312220
312221
312222
312223
312224
312225
312227
312229
312230
312232
312233
312234
312236
312239
312241
312242
312243
312244
312245
312246
312247
312248
312249
