467500
467501
467502
467503
467504
467505
467507
467508
467509
467510
467511
467512
467514
467516
467517
467518
467519
467520
467521
467522
467523
467524
467525
467526
467527
467528
467529
467530
467531
467532
467533
467535
467536
467537
467538
467539
467540
467541
467542
467543
467544
467545
467546
467547
467548
467549
467550
467551
467552
467553
467554
467555
467556
467557
467558
467559
467560
467561
467562
467563
467564
467565
467566
467567
467568
467569
467570
467571
467572
467573
467574
467575
467576
467577
467578
467579
467580
467581
467582
467583
467584
467585
467586
467587
467588
467589
467590
467591
467592
467593
467594
467595
467596
467597
467598
467599
467600
467601
467602
467603
467604
467605
467606
467607
467608
467609
467610
467611
467612
467613
467614
467615
467616
467618
467619
467620
467621
467622
467623
467624
467625
467626
467627
467628
467630
467631
467632
467633
467635
467636
467637
467638
467639
467640
467641
467643
467644
467645
467646
467647
467649
467650
467651
467652
467653
467654
467655
467656
467658
467659
467660
467662
467663
467664
467665
467667
467668
467670
467671
467672
467673
467674
467675
467676
467677
467678
467679
467680
467681
467682
467683
467684
467685
467686
467687
467688
467689
467690
467691
467692
467693
467694
467695
467696
467697
467698
467699
467700
467701
467702
467703
467704
467705
467706
467707
467708
467709
467710
467711
467712
467713
467714
467715
467716
467717
467718
467719
467720
467721
467722
467723
467724
467725
467727
467728
467729
467730
467731
467732
467733
467734
467735
467736
467738
467739
467740
467741
467742
467743
467744
467745
467746
467747
467748
467749
