170000
170001
170002
170003
170004
170005
170006
170007
170008
170009
170010
170011
170012
170013
170015
170016
170017
170018
170019
170020
170021
170022
170023
170024
170025
170026
170027
170028
170029
170030
170031
170032
170033
170034
170035
170036
170038
170039
170040
170042
170043
170044
170045
170046
170047
170048
170050
170052
170053
170054
170055
170057
170059
170060
170061
170063
170064
170065
170066
170067
170068
170069
170070
170071
170073
170075
170076
170077
170079
170080
170081
170082
170083
170084
170087
170088
170089
170090
170091
170092
170093
170094
170095
170096
170097
170098
170099
170100
170101
170102
170103
170104
170105
170106
170107
170108
170109
170110
170111
170112
170113
170114
170115
170116
170117
170118
170119
170120
170121
170122
170123
170124
170125
170126
170127
170129
170130
170131
170132
170133
170135
170136
170137
170138
170139
170140
170141
170142
170143
170145
170146
170147
170148
170149
170151
170152
170153
170155
170156
170157
170158
170159
170160
170161
170163
170164
170166
170169
170170
170171
170172
170173
170174
170175
170176
170177
170178
170179
170180
170181
170182
170183
170185
170187
170188
170189
170190
170191
170193
170194
170195
170196
170197
170198
170199
170201
170202
170203
170204
170205
170206
170207
170208
170209
170210
170211
170213
170214
170215
170216
170217
170218
170219
170221
170222
170223
170224
170225
170227
170228
170229
170230
170231
170232
170233
170234
170235
170237
170238
170239
170240
170241
170244
170245
170246
170247
170248
