343500
343501
343502
343503
343504
343505
343506
343507
343508
343509
343511
343513
343514
343515
343516
343517
343518
343519
343520
343521
343522
343523
343524
343525
343526
343527
343528
343529
343530
343531
343532
343533
343534
343535
343536
343537
343538
343539
343540
343542
343543
343544
343545
343546
343549
343550
343551
343552
343553
343554
343555
343556
343557
343558
343559
343560
343561
343562
343563
343564
343565
343566
343567
343568
343569
343570
343571
343572
343573
343574
343575
343576
343577
343578
343579
343580
343581
343582
343583
343584
343585
343586
343587
343588
343589
343590
343591
343592
343593
343594
343595
343596
343597
343598
343599
343600
343601
343602
343603
343605
343606
343607
343608
343609
343610
343611
343612
343613
343614
343615
343616
343617
343618
343619
343620
343621
343622
343623
343624
343625
343626
343627
343628
343629
343630
343631
343632
343633
343634
343635
343636
343637
343638
343639
343640
343641
343642
343643
343644
343645
343647
343648
343649
343650
343651
343652
343653
343655
343656
343657
343658
343659
343661
343662
343663
343664
343665
343667
343669
343670
343671
343672
343674
343677
343678
343682
343683
343684
343685
343686
343687
343690
343691
343695
343696
343698
343699
343700
343701
343702
343703
343704
343705
343706
343707
343708
343710
343712
343713
343714
343715
343716
343717
343718
343720
343721
343722
343723
343724
343725
343726
343728
343729
343731
343732
343733
343734
343735
343736
343737
343738
343739
343740
343741
343742
343743
343744
343745
343747
343748
343749
