5752
5755
5758
5759
5760
5761
5762
5764
5765
5766
5769
5771
5772
5773
5774
5776
5778
5779
5780
5781
5783
5784
5785
5786
5787
5788
5789
5790
5791
5795
5796
5797
5799
5800
5801
5802
5803
5804
5805
5806
5807
5809
5810
5811
5812
5813
5814
5815
5816
5817
5818
5820
5822
5823
5824
5825
5826
5828
5830
5832
5835
5836
5838
5839
5840
5841
5843
5844
5845
5847
5848
5849
5850
5853
5854
5855
5856
5857
5858
5859
5860
5861
5864
5865
5868
5869
5870
5871
5875
5876
5877
5882
5884
5886
5887
5888
5889
5890
5891
5892
5894
5896
5898
5900
5901
5902
5905
5906
5907
5908
5909
5910
5911
5912
5913
5914
5915
5916
5917
5918
5919
5920
5921
5922
5923
5924
5925
5926
5927
5928
5929
5931
5932
5933
5934
5936
5937
5938
5939
5940
5941
5942
5943
5944
5945
5946
5947
5948
5949
5950
5951
5952
5953
5954
5955
5956
5957
5958
5959
5960
5964
5965
5966
5967
5969
5970
5971
5973
5974
5975
5976
5977
5978
5979
5981
5982
5983
5984
5985
5988
5990
5991
5993
5995
5996
