366000
366001
366002
366005
366006
366007
366009
366010
366011
366013
366014
366015
366016
366017
366018
366019
366020
366021
366022
366023
366024
366025
366026
366027
366028
366029
366030
366031
366032
366033
366034
366035
366036
366037
366038
366039
366040
366041
366042
366043
366044
366045
366046
366049
366050
366051
366052
366053
366054
366055
366056
366057
366058
366059
366061
366062
366063
366064
366066
366067
366068
366069
366070
366071
366072
366073
366074
366075
366076
366077
366078
366079
366080
366081
366082
366083
366084
366085
366087
366088
366089
366091
366092
366094
366095
366096
366097
366098
366099
366101
366102
366104
366105
366106
366107
366108
366109
366110
366111
366112
366114
366115
366116
366118
366120
366124
366125
366126
366127
366128
366129
366130
366131
366134
366136
366137
366138
366139
366140
366141
366142
366143
366144
366145
366146
366147
366148
366149
366150
366151
366152
366153
366154
366155
366157
366158
366159
366161
366162
366163
366164
366165
366166
366167
366168
366169
366170
366171
366178
366180
366185
366186
366187
366190
366191
366193
366194
366195
366197
366200
366201
366204
366208
366209
366210
366211
366212
366213
366216
366217
366219
366220
366221
366222
366223
366224
366225
366226
366227
366228
366229
366230
366232
366233
366234
366235
366236
366238
366239
366240
366242
366243
366244
366245
366246
366248
366249
