462500
462501
462502
462503
462505
462506
462507
462508
462509
462510
462512
462513
462514
462515
462516
462517
462519
462520
462522
462523
462524
462525
462526
462527
462528
462529
462530
462531
462532
462533
462534
462535
462536
462537
462538
462540
462541
462542
462543
462544
462545
462546
462547
462548
462550
462551
462552
462553
462554
462555
462556
462557
462559
462560
462561
462562
462563
462565
462566
462568
462569
462570
462573
462575
462576
462577
462578
462579
462580
462582
462583
462584
462585
462586
462587
462589
462590
462591
462592
462593
462594
462595
462597
462598
462599
462600
462601
462602
462603
462606
462607
462608
462609
462610
462611
462612
462613
462614
462615
462616
462617
462618
462619
462620
462621
462622
462624
462625
462626
462627
462630
462631
462632
462633
462636
462637
462638
462639
462642
462643
462644
462645
462648
462649
462650
462651
462652
462653
462654
462655
462656
462657
462658
462659
462660
462661
462662
462663
462664
462665
462666
462668
462670
462671
462672
462673
462674
462675
462677
462678
462679
462680
462681
462682
462684
462685
462686
462687
462688
462689
462690
462691
462692
462693
462694
462695
462698
462699
462700
462701
462702
462703
462704
462705
462706
462707
462708
462709
462710
462711
462713
462714
462715
462716
462717
462718
462719
462721
462722
462723
462724
462725
462726
462727
462729
462730
462731
462732
462733
462734
462735
462737
462738
462739
462740
462741
462742
462743
462745
462746
462747
462748
462749
