48751
48752
48753
48754
48755
48756
48757
48758
48759
48760
48761
48762
48763
48764
48765
48767
48768
48769
48770
48771
48772
48773
48774
48775
48776
48777
48778
48779
48780
48781
48783
48784
48785
48786
48787
48788
48789
48790
48791
48792
48794
48795
48796
48797
48798
48799
48800
48801
48802
48803
48804
48805
48806
48807
48808
48809
48810
48811
48813
48814
48815
48817
48819
48821
48822
48823
48824
48825
48826
48827
48831
48832
48833
48834
48835
48836
48837
48838
48839
48840
48841
48842
48844
48847
48849
48850
48851
48852
48853
48854
48855
48856
48857
48858
48859
48860
48862
48865
48867
48868
48869
48871
48872
48873
48874
48875
48876
48877
48878
48879
48880
48881
48882
48883
48884
48885
48887
48888
48889
48891
48892
48894
48896
48898
48902
48903
48904
48905
48906
48907
48908
48909
48910
48911
48912
48913
48914
48915
48916
48917
48918
48919
48920
48921
48922
48923
48924
48925
48926
48928
48929
48930
48931
48932
48934
48935
48937
48938
48940
48941
48942
48943
48944
48945
48946
48947
48948
48949
48950
48951
48952
48954
48956
48957
48958
48959
48960
48964
48965
48968
48969
48970
48972
48973
48974
48975
48976
48978
48979
48980
48981
48983
48984
48985
48987
48988
48989
48992
48993
48994
48995
48996
48997
48998
48999
