340750
340753
340754
340756
340757
340758
340761
340762
340763
340764
340765
340766
340767
340768
340769
340770
340771
340772
340773
340774
340775
340776
340777
340778
340779
340780
340781
340782
340783
340785
340786
340787
340788
340789
340790
340791
340792
340793
340794
340795
340796
340797
340798
340799
340800
340802
340803
340804
340806
340807
340808
340811
340812
340813
340814
340815
340818
340819
340820
340821
340822
340823
340824
340825
340827
340828
340829
340830
340831
340833
340834
340835
340836
340837
340839
340840
340841
340842
340843
340844
340845
340846
340847
340848
340849
340850
340851
340852
340853
340854
340855
340856
340857
340858
340859
340860
340861
340862
340863
340864
340865
340867
340868
340869
340870
340871
340872
340873
340874
340875
340876
340877
340878
340879
340880
340881
340882
340883
340884
340885
340886
340887
340889
340890
340891
340892
340893
340894
340895
340896
340897
340898
340899
340901
340904
340905
340906
340907
340908
340909
340910
340911
340912
340913
340914
340915
340916
340917
340918
340919
340920
340921
340922
340923
340924
340925
340926
340927
340928
340929
340930
340931
340932
340933
340934
340935
340936
340937
340938
340939
340940
340941
340942
340943
340944
340945
340946
340947
340948
340949
340950
340951
340952
340953
340954
340955
340956
340957
340958
340959
340960
340961
340962
340963
340964
340965
340966
340967
340968
340969
340970
340971
340972
340973
340974
340975
340976
340977
340978
340979
340980
340981
340982
340983
340984
340985
340986
340987
340988
340989
340990
340991
340992
340993
340994
340995
340996
340997
340998
340999
