384250
384251
384252
384253
384254
384255
384256
384257
384258
384259
384260
384261
384262
384265
384266
384267
384270
384271
384272
384273
384274
384276
384277
384278
384279
384281
384282
384283
384284
384285
384286
384287
384290
384292
384293
384294
384295
384296
384297
384298
384299
384300
384301
384302
384303
384304
384305
384306
384307
384308
384309
384310
384311
384312
384313
384314
384315
384316
384317
384318
384319
384320
384321
384322
384323
384324
384325
384326
384327
384328
384329
384330
384331
384332
384333
384334
384335
384336
384337
384338
384339
384340
384341
384342
384343
384344
384345
384346
384348
384350
384351
384352
384354
384355
384357
384359
384360
384362
384364
384365
384367
384369
384370
384371
384372
384373
384374
384375
384377
384379
384380
384382
384383
384384
384385
384386
384387
384388
384391
384393
384395
384396
384398
384400
384401
384402
384403
384404
384405
384406
384408
384409
384410
384411
384413
384414
384415
384416
384417
384418
384419
384420
384421
384422
384423
384426
384427
384428
384429
384430
384431
384432
384433
384434
384435
384436
384437
384438
384439
384440
384441
384442
384443
384444
384445
384446
384447
384448
384449
384450
384451
384452
384453
384454
384455
384456
384457
384460
384461
384462
384463
384464
384466
384467
384468
384470
384471
384472
384473
384474
384475
384476
384477
384478
384479
384480
384481
384482
384483
384484
384485
384486
384487
384488
384489
384490
384492
384493
384494
384495
384497
384498
384499
