401501
401503
401504
401507
401509
401510
401511
401513
401516
401519
401520
401521
401522
401523
401524
401526
401527
401528
401530
401531
401532
401533
401534
401535
401536
401537
401538
401539
401541
401542
401543
401544
401547
401548
401549
401550
401551
401552
401553
401554
401556
401561
401566
401571
401576
401579
401581
401582
401583
401584
401585
401586
401587
401588
401589
401590
401591
401593
401594
401596
401597
401598
401599
401602
401603
401604
401605
401606
401607
401608
401609
401610
401611
401612
401613
401614
401615
401616
401617
401618
401619
401620
401621
401622
401623
401624
401626
401627
401628
401629
401630
401631
401632
401633
401634
401635
401637
401638
401640
401642
401643
401644
401645
401646
401647
401648
401650
401651
401652
401653
401654
401655
401656
401657
401658
401659
401660
401661
401662
401663
401664
401665
401666
401667
401668
401669
401670
401671
401672
401673
401674
401675
401676
401677
401678
401679
401680
401681
401682
401683
401684
401685
401687
401688
401689
401690
401691
401692
401693
401694
401695
401696
401697
401698
401699
401700
401701
401703
401704
401705
401706
401707
401708
401709
401710
401711
401712
401714
401715
401716
401717
401718
401719
401720
401721
401722
401723
401724
401725
401726
401727
401729
401730
401731
401732
401733
401734
401735
401736
401737
401738
401739
401740
401742
401743
401744
401745
401746
401748
401749
