208500
208501
208505
208506
208507
208508
208509
208511
208512
208513
208517
208518
208519
208520
208521
208522
208523
208524
208525
208527
208528
208529
208533
208534
208535
208536
208537
208538
208539
208542
208543
208544
208545
208546
208547
208549
208551
208552
208553
208554
208556
208558
208559
208560
208561
208563
208565
208566
208567
208568
208569
208570
208571
208572
208573
208574
208575
208576
208577
208578
208579
208580
208581
208582
208583
208584
208585
208586
208587
208589
208590
208591
208592
208593
208594
208595
208596
208597
208598
208599
208600
208601
208602
208603
208604
208605
208607
208608
208609
208611
208612
208616
208617
208618
208619
208620
208621
208622
208623
208624
208625
208626
208627
208629
208630
208631
208632
208633
208634
208635
208636
208637
208639
208640
208641
208642
208643
208645
208647
208648
208649
208650
208651
208654
208655
208656
208657
208658
208659
208660
208662
208663
208664
208665
208666
208668
208669
208670
208672
208673
208674
208675
208676
208677
208678
208679
208680
208681
208682
208683
208684
208685
208686
208687
208688
208689
208690
208691
208692
208694
208695
208696
208697
208699
208701
208702
208704
208706
208707
208708
208709
208711
208712
208713
208714
208715
208716
208717
208718
208719
208720
208721
208722
208723
208724
208725
208726
208728
208729
208730
208731
208732
208733
208734
208735
208736
208737
208738
208739
208740
208741
208742
208743
208744
208745
208746
