47250
47251
47252
47253
47254
47255
47256
47257
47259
47260
47261
47263
47264
47265
47267
47268
47269
47270
47272
47274
47276
47278
47279
47281
47283
47284
47285
47286
47287
47288
47289
47290
47291
47292
47293
47294
47295
47296
47297
47298
47300
47302
47303
47305
47307
47309
47310
47312
47313
47315
47320
47321
47322
47323
47324
47327
47330
47331
47332
47333
47334
47337
47338
47339
47340
47341
47343
47344
47345
47346
47347
47348
47349
47352
47353
47354
47355
47357
47358
47359
47360
47362
47363
47364
47365
47366
47370
47371
47372
47373
47374
47376
47378
47379
47380
47381
47382
47383
47385
47386
47389
47390
47391
47392
47393
47394
47395
47396
47397
47398
47399
47400
47401
47402
47403
47404
47407
47409
47410
47411
47412
47417
47418
47419
47420
47421
47422
47423
47424
47425
47426
47427
47428
47429
47430
47432
47433
47434
47435
47437
47438
47440
47441
47442
47443
47444
47445
47446
47448
47450
47452
47454
47455
47456
47457
47459
47461
47462
47464
47465
47466
47467
47468
47469
47470
47471
47472
47474
47475
47476
47477
47479
47480
47481
47482
47483
47484
47485
47489
47491
47492
47493
47494
47496
47498
47499
