175501
175502
175504
175505
175506
175507
175508
175509
175510
175511
175512
175513
175514
175515
175516
175517
175518
175519
175522
175523
175524
175527
175528
175529
175530
175533
175534
175535
175537
175538
175539
175540
175543
175544
175545
175546
175547
175548
175549
175550
175555
175556
175557
175558
175559
175560
175561
175562
175563
175564
175565
175566
175567
175568
175569
175570
175571
175572
175574
175575
175576
175577
175578
175579
175580
175581
175582
175583
175584
175585
175586
175587
175588
175589
175590
175591
175592
175593
175594
175595
175596
175597
175598
175599
175602
175603
175605
175606
175607
175608
175609
175610
175611
175612
175613
175614
175615
175616
175617
175618
175619
175620
175621
175623
175625
175626
175627
175628
175629
175630
175631
175632
175633
175634
175635
175636
175637
175638
175639
175640
175641
175642
175643
175644
175645
175646
175647
175648
175649
175650
175651
175653
175654
175655
175656
175658
175659
175660
175661
175662
175663
175664
175665
175666
175667
175668
175670
175671
175673
175674
175675
175676
175677
175678
175680
175681
175682
175683
175684
175685
175687
175688
175689
175691
175692
175694
175695
175696
175697
175698
175699
175700
175701
175702
175703
175704
175705
175706
175707
175708
175709
175710
175711
175713
175714
175715
175716
175717
175718
175719
175720
175721
175722
175723
175724
175725
175726
175727
175728
175729
175730
175731
175733
175734
175735
175736
175737
175739
175740
175741
175742
175743
175744
175746
175747
175749
