124500
124501
124502
124503
124504
124505
124506
124507
124508
124509
124510
124511
124512
124513
124514
124515
124516
124517
124518
124519
124520
124522
124524
124525
124526
124527
124528
124529
124530
124531
124532
124533
124534
124535
124536
124537
124538
124540
124541
124543
124544
124545
124546
124547
124548
124549
124550
124551
124552
124554
124555
124557
124558
124559
124560
124561
124562
124563
124564
124566
124567
124568
124569
124570
124571
124575
124579
124583
124585
124587
124588
124589
124590
124591
124592
124593
124597
124598
124599
124600
124601
124604
124608
124610
124611
124612
124613
124614
124615
124616
124617
124618
124619
124620
124621
124622
124623
124626
124627
124628
124629
124630
124631
124632
124633
124635
124636
124637
124639
124640
124641
124642
124643
124646
124647
124648
124649
124650
124651
124652
124654
124655
124656
124657
124658
124660
124661
124662
124663
124664
124665
124666
124668
124669
124673
124674
124675
124676
124677
124678
124680
124681
124685
124686
124687
124688
124689
124690
124692
124693
124697
124698
124699
124700
124701
124702
124705
124709
124710
124711
124712
124713
124714
124716
124717
124718
124719
124720
124721
124722
124723
124724
124725
124726
124728
124730
124731
124732
124733
124734
124735
124736
124737
124738
124739
124740
124741
124742
124744
124745
124746
124747
124748
124749
