364000
364001
364002
364003
364005
364006
364007
364008
364009
364010
364011
364013
364014
364015
364017
364018
364019
364021
364022
364024
364026
364028
364029
364030
364032
364033
364034
364036
364037
364038
364039
364040
364041
364042
364043
364044
364045
364047
364048
364049
364050
364051
364052
364053
364054
364055
364056
364058
364059
364060
364061
364062
364063
364064
364066
364067
364068
364069
364070
364071
364072
364073
364074
364076
364077
364078
364079
364081
364082
364083
364084
364085
364086
364087
364088
364089
364091
364092
364093
364095
364096
364098
364101
364102
364103
364106
364108
364109
364110
364113
364114
364115
364116
364117
364118
364119
364122
364123
364124
364125
364126
364127
364128
364129
364132
364133
364134
364135
364136
364137
364138
364140
364141
364142
364143
364144
364145
364146
364147
364148
364149
364150
364151
364152
364153
364154
364155
364157
364158
364159
364160
364161
364162
364163
364164
364165
364166
364167
364168
364169
364170
364171
364173
364174
364175
364176
364177
364178
364179
364180
364182
364183
364184
364185
364187
364188
364189
364190
364192
364193
364194
364195
364196
364197
364198
364201
364203
364204
364206
364207
364210
364211
364212
364213
364214
364215
364216
364218
364221
364222
364223
364224
364227
364229
364230
364231
364234
364235
364236
364237
364241
364242
364243
364244
364245
364246
364247
