295250
295251
295252
295254
295255
295256
295257
295258
295261
295262
295263
295265
295266
295267
295268
295269
295271
295272
295273
295274
295275
295276
295277
295279
295280
295282
295284
295285
295286
295287
295288
295290
295291
295292
295293
295294
295295
295296
295298
295299
295300
295301
295302
295303
295304
295305
295306
295307
295308
295309
295312
295313
295314
295315
295316
295317
295318
295320
295321
295322
295323
295325
295326
295327
295328
295330
295331
295332
295333
295335
295336
295337
295338
295340
295341
295342
295343
295344
295345
295346
295347
295348
295349
295350
295351
295353
295354
295355
295356
295359
295360
295361
295362
295363
295366
295367
295368
295369
295370
295372
295374
295375
295376
295377
295378
295379
295380
295381
295382
295384
295385
295386
295387
295388
295389
295390
295392
295394
295395
295396
295397
295399
295400
295402
295404
295405
295406
295407
295408
295409
295410
295411
295412
295414
295415
295416
295417
295418
295420
295421
295422
295423
295424
295425
295426
295427
295428
295429
295431
295432
295433
295434
295435
295437
295438
295439
295440
295441
295442
295443
295444
295445
295446
295449
295450
295451
295453
295454
295455
295456
295458
295460
295461
295462
295463
295464
295465
295467
295468
295469
295470
295471
295472
295473
295475
295476
295478
295479
295480
295483
295485
295486
295488
295489
295490
295491
295492
295493
295494
295495
295496
295497
295498
295499
