347500
347503
347504
347506
347508
347509
347510
347511
347512
347513
347514
347515
347516
347517
347518
347519
347520
347521
347522
347523
347524
347525
347526
347527
347528
347529
347530
347531
347532
347533
347534
347535
347536
347537
347539
347540
347541
347542
347543
347544
347545
347546
347547
347548
347549
347550
347551
347552
347554
347555
347556
347558
347560
347561
347562
347563
347564
347566
347567
347568
347569
347570
347572
347573
347574
347575
347576
347578
347579
347580
347581
347582
347583
347584
347585
347586
347587
347588
347589
347590
347591
347592
347593
347595
347596
347597
347599
347600
347601
347603
347605
347606
347607
347608
347609
347610
347611
347612
347614
347617
347618
347619
347620
347621
347622
347623
347624
347625
347626
347627
347628
347629
347630
347631
347632
347633
347634
347635
347638
347640
347641
347642
347643
347644
347645
347646
347647
347648
347649
347650
347651
347652
347653
347657
347658
347659
347660
347662
347663
347664
347665
347670
347671
347672
347673
347674
347675
347677
347678
347679
347680
347683
347685
347686
347687
347689
347691
347692
347694
347695
347696
347697
347698
347699
347701
347702
347703
347704
347707
347708
347709
347710
347711
347712
347713
347714
347715
347716
347717
347718
347719
347720
347721
347722
347723
347724
347725
347726
347727
347728
347730
347731
347733
347734
347735
347736
347738
347739
347740
347741
347742
347743
347744
347746
347747
347748
