360250
360251
360252
360253
360255
360256
360257
360259
360260
360261
360263
360264
360265
360267
360268
360269
360271
360272
360273
360275
360276
360278
360280
360282
360284
360285
360286
360287
360289
360290
360291
360292
360293
360294
360296
360297
360298
360299
360300
360301
360302
360303
360304
360305
360306
360307
360308
360309
360310
360311
360312
360313
360314
360315
360316
360317
360318
360319
360320
360321
360322
360323
360324
360325
360326
360327
360328
360329
360330
360331
360332
360333
360334
360335
360336
360337
360338
360339
360340
360341
360342
360343
360344
360345
360346
360347
360348
360349
360350
360351
360352
360353
360354
360355
360356
360357
360358
360362
360363
360365
360366
360367
360368
360369
360370
360371
360372
360373
360374
360375
360376
360377
360378
360379
360380
360381
360382
360383
360384
360385
360386
360387
360388
360389
360390
360391
360392
360393
360394
360395
360396
360397
360398
360399
360400
360401
360402
360403
360404
360405
360406
360407
360408
360409
360410
360411
360412
360413
360415
360416
360417
360418
360419
360420
360421
360423
360424
360425
360426
360430
360431
360434
360435
360436
360437
360438
360439
360440
360441
360442
360443
360444
360445
360446
360447
360448
360449
360450
360451
360452
360453
360454
360455
360456
360457
360458
360459
360460
360461
360462
360463
360465
360466
360467
360468
360470
360471
360472
360473
360475
360476
360477
360478
360479
360480
360481
360482
360483
360485
360487
360488
360489
360490
360492
360493
360494
360495
360496
360498
360499
