154000
154002
154004
154006
154007
154010
154011
154012
154013
154016
154017
154018
154019
154021
154022
154023
154024
154025
154026
154027
154028
154029
154030
154037
154038
154040
154042
154043
154044
154045
154046
154047
154048
154051
154052
154055
154056
154057
154058
154059
154060
154062
154063
154064
154065
154067
154068
154069
154071
154072
154075
154076
154077
154078
154079
154084
154085
154091
154093
154094
154095
154098
154099
154100
154101
154102
154104
154105
154108
154109
154111
154113
154114
154116
154117
154120
154122
154124
154127
154128
154130
154133
154134
154135
154137
154138
154139
154140
154141
154142
154143
154145
154146
154149
154150
154151
154154
154155
154156
154157
154158
154159
154160
154161
154162
154163
154166
154168
154169
154170
154171
154174
154175
154176
154177
154178
154179
154180
154181
154182
154190
154191
154192
154195
154196
154197
154198
154199
154200
154201
154203
154204
154205
154206
154208
154209
154210
154211
154213
154214
154218
154219
154220
154222
154223
154224
154225
154226
154227
154228
154229
154230
154231
154232
154233
154235
154236
154237
154238
154239
154240
154241
154242
154243
154244
154245
154246
154247
154248
154249
