225000
225001
225003
225004
225005
225006
225008
225011
225012
225013
225014
225015
225016
225017
225018
225019
225020
225021
225022
225023
225024
225025
225026
225027
225029
225030
225031
225032
225033
225034
225036
225037
225038
225039
225040
225041
225042
225043
225044
225045
225046
225047
225048
225049
225050
225051
225052
225053
225054
225055
225056
225058
225059
225060
225061
225062
225063
225064
225065
225066
225067
225068
225069
225070
225071
225072
225073
225075
225076
225077
225079
225080
225081
225082
225083
225084
225085
225086
225087
225088
225089
225090
225091
225093
225095
225096
225097
225098
225099
225100
225101
225102
225103
225104
225105
225106
225107
225108
225109
225110
225111
225112
225113
225114
225115
225116
225117
225118
225119
225120
225121
225122
225123
225124
225126
225127
225128
225132
225134
225135
225136
225138
225139
225140
225141
225142
225143
225144
225145
225146
225147
225148
225150
225152
225154
225155
225157
225159
225161
225163
225165
225167
225169
225170
225171
225172
225173
225174
225175
225176
225177
225179
225181
225182
225183
225184
225185
225188
225190
225191
225192
225193
225194
225195
225196
225197
225198
225199
225200
225204
225205
225206
225207
225208
225209
225211
225212
225213
225216
225217
225218
225219
225220
225222
225224
225225
225226
225227
225228
225229
225230
225232
225233
225234
225235
225236
225239
225240
225242
225243
225246
225247
225248
225249
