66250
66251
66252
66253
66254
66255
66256
66257
66258
66259
66261
66262
66263
66264
66266
66267
66269
66270
66271
66272
66274
66275
66277
66278
66279
66280
66282
66283
66284
66285
66286
66288
66289
66294
66295
66297
66306
66307
66308
66309
66311
66313
66314
66315
66316
66317
66318
66319
66320
66322
66323
66324
66325
66330
66331
66332
66333
66335
66340
66341
66342
66343
66345
66346
66347
66348
66349
66350
66351
66352
66353
66354
66355
66356
66357
66358
66359
66360
66362
66363
66364
66365
66366
66367
66368
66369
66370
66371
66372
66373
66374
66375
66376
66377
66378
66379
66380
66381
66382
66383
66385
66386
66387
66389
66390
66391
66392
66395
66396
66397
66398
66401
66402
66403
66404
66406
66407
66408
66409
66410
66411
66412
66413
66414
66415
66416
66417
66418
66419
66421
66422
66423
66424
66426
66427
66428
66429
66430
66431
66432
66433
66434
66435
66436
66437
66438
66439
66440
66441
66444
66446
66447
66448
66449
66450
66451
66456
66458
66459
66460
66461
66462
66463
66466
66467
66469
66470
66471
66473
66474
66476
66477
66478
66479
66481
66483
66484
66485
66486
66487
66488
66489
66490
66491
66492
66493
66494
66495
66497
66499
