125000
125001
125002
125003
125004
125007
125009
125010
125013
125014
125015
125016
125017
125018
125019
125020
125021
125022
125023
125024
125025
125026
125027
125028
125029
125030
125031
125032
125033
125034
125036
125038
125042
125043
125044
125045
125046
125047
125049
125050
125051
125052
125053
125054
125055
125057
125058
125059
125060
125061
125062
125064
125066
125068
125070
125071
125072
125074
125075
125076
125077
125080
125081
125082
125083
125084
125085
125086
125087
125089
125090
125091
125094
125095
125096
125097
125099
125102
125105
125106
125107
125108
125109
125110
125111
125112
125113
125114
125115
125116
125117
125118
125119
125120
125122
125124
125125
125126
125129
125131
125132
125133
125134
125135
125136
125137
125138
125139
125140
125141
125142
125143
125146
125147
125149
125150
125151
125152
125153
125154
125155
125156
125157
125159
125160
125162
125163
125164
125166
125167
125169
125170
125171
125172
125173
125174
125175
125176
125177
125181
125185
125186
125188
125189
125190
125192
125193
125195
125196
125197
125199
125200
125201
125202
125203
125204
125206
125207
125208
125209
125211
125212
125213
125215
125216
125217
125219
125220
125221
125222
125223
125225
125226
125228
125229
125230
125231
125232
125233
125235
125236
125237
125238
125239
125241
125242
125243
125244
125246
125247
125248
125249
