470500
470501
470502
470503
470504
470506
470507
470508
470510
470511
470512
470513
470514
470515
470516
470517
470518
470519
470520
470521
470522
470523
470524
470525
470526
470527
470529
470530
470531
470533
470534
470535
470536
470537
470538
470540
470541
470542
470544
470545
470546
470547
470548
470549
470551
470552
470553
470555
470556
470557
470558
470559
470560
470562
470563
470564
470566
470567
470568
470569
470570
470571
470573
470574
470575
470577
470578
470579
470580
470581
470582
470584
470585
470586
470588
470589
470590
470591
470592
470593
470595
470596
470597
470598
470599
470600
470601
470602
470603
470604
470605
470606
470607
470608
470609
470610
470611
470612
470613
470614
470615
470616
470617
470618
470620
470623
470627
470628
470629
470631
470632
470633
470634
470635
470636
470638
470639
470640
470641
470642
470645
470646
470647
470648
470649
470650
470651
470652
470653
470654
470655
470656
470657
470658
470659
470660
470661
470664
470665
470666
470667
470668
470669
470670
470671
470672
470674
470675
470676
470677
470678
470679
470680
470682
470683
470684
470685
470686
470687
470689
470690
470691
470692
470693
470694
470695
470696
470698
470699
470700
470701
470702
470703
470704
470705
470706
470707
470708
470709
470710
470712
470713
470714
470715
470716
470717
470718
470719
470721
470722
470724
470725
470726
470728
470729
470735
470736
470737
470738
470739
470744
470745
470747
470748
470749
