312750
312751
312752
312753
312754
312755
312756
312757
312758
312759
312760
312761
312762
312763
312764
312766
312767
312768
312769
312770
312771
312772
312773
312774
312775
312776
312777
312778
312779
312780
312781
312782
312783
312784
312785
312787
312788
312789
312790
312791
312792
312793
312794
312795
312797
312798
312799
312800
312801
312803
312804
312807
312809
312810
312811
312812
312813
312815
312817
312818
312819
312820
312821
312822
312823
312824
312825
312827
312828
312829
312831
312832
312833
312834
312835
312836
312837
312838
312839
312840
312841
312842
312843
312844
312845
312846
312848
312849
312852
312853
312854
312855
312858
312859
312861
312863
312865
312868
312869
312870
312872
312873
312874
312875
312880
312881
312882
312883
312886
312887
312888
312889
312891
312892
312893
312894
312895
312897
312898
312899
312900
312901
312902
312903
312904
312905
312906
312907
312908
312909
312911
312913
312914
312915
312916
312917
312918
312919
312920
312921
312924
312927
312931
312932
312933
312934
312935
312936
312937
312938
312939
312940
312941
312942
312943
312944
312945
312946
312947
312948
312949
312950
312951
312952
312953
312954
312955
312956
312957
312959
312960
312963
312966
312969
312972
312975
312978
312979
312980
312981
312982
312983
312984
312985
312986
312987
312988
312989
312990
312991
312992
312993
312994
312996
312997
312998
