216000
216001
216002
216003
216004
216005
216006
216007
216008
216009
216010
216011
216012
216013
216014
216015
216016
216017
216018
216019
216020
216022
216023
216024
216026
216027
216028
216029
216031
216032
216033
216034
216035
216036
216038
216039
216040
216041
216042
216043
216044
216045
216047
216049
216050
216051
216052
216054
216056
216057
216058
216059
216060
216061
216062
216063
216064
216065
216067
216068
216069
216070
216071
216072
216073
216074
216075
216076
216077
216079
216080
216081
216082
216083
216084
216085
216086
216087
216088
216089
216090
216091
216092
216093
216095
216096
216097
216098
216100
216101
216102
216103
216105
216106
216107
216108
216110
216111
216112
216113
216115
216116
216117
216118
216119
216120
216121
216122
216123
216124
216125
216126
216127
216128
216129
216131
216132
216133
216134
216136
216137
216138
216140
216141
216142
216144
216145
216146
216150
216151
216152
216153
216154
216156
216157
216158
216162
216163
216164
216165
216166
216168
216169
216170
216174
216175
216176
216177
216178
216180
216181
216182
216186
216187
216188
216189
216190
216191
216193
216194
216195
216196
216197
216198
216199
216200
216202
216203
216204
216206
216207
216208
216210
216211
216212
216213
216214
216216
216217
216219
216220
216221
216223
216224
216225
216227
216228
216229
216231
216232
216233
216234
216235
216237
216238
216239
216240
216241
216242
216243
216244
216245
216246
216247
216248
216249
