79750
79751
79752
79753
79754
79755
79756
79757
79758
79759
79760
79761
79763
79764
79766
79767
79768
79769
79770
79771
79772
79773
79774
79775
79776
79777
79778
79779
79780
79781
79782
79783
79784
79785
79786
79787
79788
79789
79790
79791
79792
79794
79795
79796
79798
79799
79800
79802
79803
79805
79807
79808
79809
79810
79811
79812
79814
79815
79817
79818
79819
79820
79821
79822
79823
79824
79825
79826
79827
79828
79829
79831
79832
79833
79834
79836
79837
79838
79839
79840
79841
79842
79843
79846
79848
79849
79850
79851
79855
79856
79857
79859
79861
79863
79865
79866
79868
79869
79870
79872
79873
79875
79876
79877
79879
79880
79882
79883
79885
79886
79888
79889
79890
79891
79892
79894
79895
79896
79898
79899
79900
79901
79902
79903
79905
79907
79908
79909
79910
79911
79912
79913
79914
79915
79916
79918
79919
79920
79921
79922
79924
79925
79926
79928
79929
79930
79931
79933
79934
79935
79936
79937
79939
79940
79941
79943
79946
79947
79948
79950
79952
79953
79956
79957
79958
79960
79962
79963
79966
79967
79968
79970
79972
79973
79976
79977
79978
79979
79980
79982
79983
79984
79986
79987
79988
79989
79990
79991
79992
79993
79994
79995
79996
79997
79998
79999
