410500
410502
410503
410504
410505
410506
410508
410509
410510
410511
410512
410513
410514
410516
410517
410518
410519
410520
410521
410523
410524
410525
410526
410527
410528
410529
410530
410532
410533
410534
410536
410537
410538
410539
410540
410541
410542
410543
410544
410546
410547
410548
410549
410550
410552
410553
410554
410556
410557
410558
410559
410561
410562
410564
410565
410566
410567
410568
410570
410571
410572
410573
410575
410576
410578
410579
410580
410581
410582
410584
410585
410586
410587
410589
410590
410592
410593
410594
410595
410596
410597
410598
410599
410600
410601
410602
410603
410604
410605
410606
410607
410608
410609
410610
410611
410612
410613
410614
410615
410616
410617
410618
410619
410620
410621
410623
410624
410625
410626
410627
410628
410629
410631
410632
410634
410635
410637
410638
410640
410641
410642
410643
410645
410647
410648
410649
410651
410652
410654
410656
410657
410659
410660
410661
410664
410665
410666
410667
410669
410671
410672
410673
410675
410676
410677
410678
410679
410680
410681
410682
410683
410684
410685
410686
410687
410688
410689
410690
410691
410692
410693
410694
410695
410697
410698
410699
410700
410701
410702
410703
410705
410706
410707
410708
410709
410710
410711
410712
410713
410714
410715
410716
410717
410718
410719
410720
410721
410722
410723
410724
410725
410726
410727
410728
410729
410730
410731
410732
410733
410734
410735
410736
410737
410738
410740
410741
410742
410743
410744
410746
410747
410748
410749
