261000
261001
261002
261003
261005
261006
261007
261008
261009
261010
261011
261012
261013
261014
261015
261016
261017
261018
261019
261020
261021
261022
261023
261025
261026
261027
261028
261029
261030
261032
261033
261034
261035
261036
261037
261038
261039
261040
261041
261042
261043
261044
261046
261047
261048
261049
261050
261051
261052
261053
261054
261055
261056
261057
261058
261059
261060
261061
261062
261063
261064
261065
261066
261067
261068
261072
261073
261075
261076
261077
261078
261079
261080
261081
261082
261083
261084
261085
261086
261087
261088
261090
261091
261092
261094
261095
261096
261098
261099
261100
261102
261103
261104
261106
261107
261108
261110
261111
261112
261114
261115
261116
261118
261119
261120
261122
261123
261126
261127
261128
261131
261132
261133
261134
261135
261136
261137
261138
261139
261140
261141
261142
261143
261144
261145
261146
261147
261148
261149
261150
261151
261152
261153
261154
261155
261156
261158
261159
261160
261161
261162
261163
261164
261165
261166
261167
261168
261169
261170
261171
261172
261174
261175
261176
261177
261178
261179
261180
261181
261183
261184
261185
261186
261187
261189
261190
261191
261193
261194
261195
261196
261197
261198
261200
261202
261203
261204
261205
261206
261207
261208
261210
261213
261214
261217
261218
261221
261223
261224
261225
261226
261227
261228
261229
261230
261231
261232
261233
261234
261236
261237
261238
261239
261240
261241
261242
261243
261244
261245
261246
261247
261248
