150500
150501
150502
150504
150507
150508
150509
150510
150512
150515
150516
150517
150518
150521
150522
150523
150524
150525
150526
150527
150528
150529
150530
150531
150532
150533
150534
150535
150536
150537
150538
150539
150540
150541
150542
150543
150544
150545
150547
150548
150549
150550
150553
150555
150556
150557
150558
150560
150561
150562
150563
150564
150565
150567
150568
150569
150570
150571
150576
150577
150578
150579
150580
150581
150582
150583
150584
150585
150586
150587
150588
150589
150591
150592
150593
150594
150595
150596
150597
150598
150599
150600
150601
150602
150603
150604
150605
150606
150607
150608
150609
150610
150611
150612
150613
150615
150618
150620
150621
150622
150623
150624
150625
150627
150629
150632
150633
150634
150636
150637
150638
150639
150640
150641
150642
150644
150645
150646
150650
150651
150655
150656
150657
150660
150661
150662
150663
150664
150665
150666
150667
150668
150669
150670
150671
150672
150673
150674
150675
150677
150678
150681
150682
150683
150684
150685
150686
150689
150691
150692
150694
150695
150696
150697
150698
150699
150700
150701
150702
150703
150704
150705
150706
150707
150710
150711
150712
150714
150715
150717
150718
150719
150720
150721
150722
150726
150727
150728
150729
150730
150731
150733
150734
150736
150737
150738
150739
150740
150741
150743
150745
150746
150748
150749
