200750
200751
200752
200753
200754
200755
200756
200757
200759
200760
200761
200762
200763
200766
200768
200769
200770
200771
200772
200775
200777
200778
200779
200780
200781
200783
200784
200785
200787
200788
200790
200791
200792
200794
200797
200799
200801
200802
200803
200806
200808
200810
200811
200812
200813
200814
200815
200816
200818
200819
200820
200821
200822
200823
200824
200825
200826
200827
200828
200829
200830
200834
200836
200838
200839
200840
200842
200843
200844
200845
200846
200847
200849
200850
200851
200852
200854
200856
200857
200858
200859
200860
200861
200862
200863
200864
200867
200870
200871
200874
200875
200876
200877
200879
200880
200881
200882
200884
200885
200886
200887
200888
200889
200890
200891
200892
200893
200894
200895
200896
200897
200898
200899
200900
200901
200902
200903
200904
200905
200906
200907
200908
200909
200910
200911
200913
200914
200915
200916
200917
200918
200920
200921
200922
200923
200924
200926
200927
200928
200929
200931
200932
200934
200935
200936
200937
200938
200939
200941
200942
200944
200945
200946
200949
200950
200951
200952
200953
200954
200955
200956
200958
200960
200961
200962
200963
200965
200967
200969
200970
200972
200974
200975
200976
200977
200979
200980
200981
200982
200983
200984
200985
200986
200987
200988
200989
200991
200992
200993
200994
200995
200997
200998
200999
