339000
339001
339002
339004
339005
339006
339007
339008
339010
339011
339012
339013
339014
339017
339018
339019
339020
339021
339022
339023
339024
339025
339027
339028
339029
339030
339031
339032
339034
339035
339036
339037
339038
339039
339040
339041
339042
339043
339044
339045
339046
339047
339048
339049
339050
339051
339052
339053
339054
339055
339057
339058
339059
339060
339061
339063
339064
339065
339066
339067
339069
339070
339071
339072
339073
339074
339075
339076
339077
339078
339079
339080
339081
339082
339083
339084
339085
339086
339087
339088
339089
339090
339091
339092
339093
339094
339095
339096
339097
339098
339099
339100
339101
339102
339103
339104
339105
339106
339107
339108
339109
339110
339111
339112
339113
339114
339115
339116
339117
339118
339119
339120
339121
339122
339123
339124
339125
339126
339128
339129
339130
339132
339133
339134
339136
339137
339138
339139
339140
339141
339142
339143
339144
339145
339146
339147
339148
339149
339150
339151
339152
339153
339154
339155
339156
339157
339158
339159
339160
339161
339162
339163
339164
339165
339166
339167
339168
339169
339170
339171
339172
339173
339174
339175
339176
339177
339178
339179
339180
339181
339182
339183
339184
339185
339186
339187
339188
339190
339191
339192
339193
339194
339195
339196
339197
339198
339199
339200
339201
339202
339203
339204
339205
339206
339207
339209
339210
339211
339212
339213
339214
339215
339216
339217
339218
339219
339220
339222
339223
339224
339226
339227
339228
339229
339230
339231
339232
339233
339235
339236
339238
339239
339240
339241
339242
339243
339244
339245
339246
339247
339248
339249
