248000
248001
248002
248004
248005
248006
248007
248008
248009
248010
248011
248012
248013
248014
248015
248016
248017
248018
248019
248020
248021
248022
248023
248025
248027
248028
248029
248030
248031
248032
248033
248034
248035
248036
248037
248038
248039
248040
248041
248042
248043
248044
248045
248047
248048
248049
248050
248051
248052
248054
248055
248056
248058
248059
248060
248063
248064
248065
248067
248068
248069
248072
248073
248074
248076
248077
248078
248081
248082
248083
248084
248085
248086
248087
248088
248089
248090
248091
248092
248093
248094
248095
248096
248097
248099
248100
248101
248102
248103
248104
248105
248106
248108
248109
248110
248111
248112
248113
248114
248115
248116
248117
248118
248119
248120
248121
248122
248123
248124
248125
248126
248127
248128
248129
248130
248131
248132
248133
248134
248135
248136
248137
248138
248139
248140
248141
248142
248143
248144
248145
248146
248147
248148
248149
248150
248151
248152
248153
248154
248155
248156
248157
248158
248159
248160
248161
248162
248163
248164
248165
248166
248167
248168
248169
248170
248171
248173
248174
248175
248176
248177
248178
248179
248180
248181
248182
248183
248184
248185
248186
248187
248188
248189
248190
248191
248192
248193
248194
248195
248196
248197
248198
248199
248200
248201
248202
248203
248204
248205
248206
248207
248208
248209
248210
248211
248213
248215
248216
248217
248218
248219
248220
248221
248222
248223
248225
248226
248227
248228
248229
248231
248232
248233
248234
248235
248236
248237
248238
248239
248241
248242
248243
248244
248245
248246
248247
248248
248249
