234250
234251
234252
234253
234254
234255
234256
234258
234259
234260
234261
234263
234264
234265
234266
234268
234269
234270
234271
234273
234274
234275
234276
234277
234278
234280
234281
234283
234284
234285
234286
234287
234288
234289
234290
234291
234292
234294
234295
234297
234298
234300
234301
234302
234303
234304
234305
234306
234307
234308
234309
234310
234311
234312
234314
234315
234316
234317
234318
234319
234320
234321
234322
234323
234325
234326
234327
234328
234329
234330
234331
234332
234333
234334
234335
234336
234339
234340
234341
234344
234345
234346
234349
234350
234351
234354
234355
234356
234359
234360
234361
234362
234363
234364
234365
234366
234367
234369
234370
234371
234372
234373
234374
234376
234377
234378
234379
234380
234383
234384
234387
234388
234389
234390
234391
234392
234393
234394
234395
234396
234397
234398
234399
234400
234401
234402
234403
234404
234405
234406
234408
234409
234410
234411
234412
234413
234414
234418
234422
234423
234424
234425
234426
234427
234428
234429
234430
234431
234432
234433
234434
234435
234436
234437
234438
234439
234440
234441
234442
234443
234444
234445
234446
234447
234448
234449
234450
234451
234452
234453
234454
234455
234456
234457
234458
234459
234460
234461
234462
234463
234464
234465
234466
234468
234469
234470
234471
234472
234473
234475
234476
234478
234479
234480
234481
234482
234483
234484
234485
234486
234488
234489
234490
234491
234492
234493
234494
234496
234497
234498
234499
