435750
435751
435752
435753
435754
435755
435757
435758
435760
435761
435763
435764
435766
435767
435768
435769
435771
435772
435773
435774
435775
435776
435777
435778
435780
435781
435782
435783
435784
435786
435787
435788
435789
435790
435791
435792
435794
435795
435797
435799
435801
435802
435803
435804
435805
435806
435807
435808
435809
435810
435811
435812
435813
435814
435815
435817
435818
435821
435822
435823
435824
435825
435826
435827
435828
435829
435830
435831
435832
435833
435834
435835
435836
435837
435839
435841
435843
435844
435845
435846
435847
435848
435850
435851
435852
435854
435855
435856
435858
435859
435860
435862
435863
435864
435866
435867
435868
435870
435871
435872
435874
435875
435876
435878
435879
435880
435881
435883
435884
435886
435887
435888
435889
435890
435891
435892
435894
435895
435896
435897
435898
435899
435900
435901
435902
435903
435904
435905
435908
435909
435911
435912
435913
435914
435915
435916
435917
435918
435919
435920
435921
435922
435923
435924
435925
435926
435927
435928
435929
435930
435931
435932
435933
435934
435935
435936
435937
435938
435939
435940
435941
435942
435943
435944
435945
435946
435947
435948
435949
435950
435951
435952
435953
435954
435955
435956
435958
435959
435960
435961
435963
435964
435965
435966
435968
435969
435970
435971
435974
435976
435978
435980
435981
435982
435984
435985
435986
435987
435988
435989
435991
435993
435996
435997
435998
435999
