248500
248501
248502
248504
248505
248506
248507
248508
248509
248510
248511
248514
248515
248516
248517
248518
248519
248520
248521
248522
248523
248524
248525
248526
248528
248529
248530
248531
248532
248533
248534
248535
248537
248538
248539
248540
248541
248542
248543
248544
248545
248546
248548
248549
248550
248551
248552
248553
248554
248555
248556
248557
248559
248560
248561
248562
248563
248564
248565
248566
248567
248568
248569
248570
248571
248572
248573
248574
248575
248576
248577
248578
248579
248580
248581
248582
248583
248584
248585
248586
248587
248588
248589
248590
248591
248592
248593
248594
248595
248596
248597
248598
248599
248601
248602
248603
248604
248605
248606
248607
248609
248610
248611
248612
248613
248614
248615
248616
248617
248619
248620
248622
248623
248624
248625
248626
248627
248628
248629
248630
248631
248632
248634
248635
248636
248637
248638
248640
248641
248642
248643
248644
248645
248646
248647
248648
248649
248650
248651
248652
248653
248654
248655
248656
248657
248658
248660
248661
248662
248663
248665
248666
248667
248668
248670
248671
248672
248673
248675
248676
248677
248678
248680
248681
248682
248683
248685
248686
248687
248688
248690
248691
248692
248693
248694
248695
248696
248697
248698
248699
248700
248701
248702
248703
248704
248705
248706
248707
248708
248709
248710
248711
248712
248713
248714
248715
248716
248717
248718
248719
248720
248724
248725
248726
248727
248728
248729
248730
248731
248732
248733
248734
248735
248736
248737
248738
248739
248744
248745
248746
248748
248749
