428000
428001
428002
428003
428004
428005
428006
428007
428008
428009
428010
428012
428013
428016
428018
428019
428021
428022
428023
428024
428025
428026
428027
428028
428029
428031
428032
428033
428035
428036
428037
428038
428039
428040
428041
428042
428043
428044
428046
428047
428048
428049
428051
428052
428053
428054
428055
428056
428057
428058
428059
428060
428061
428062
428063
428066
428067
428068
428069
428070
428071
428072
428073
428074
428075
428076
428077
428078
428079
428080
428081
428082
428083
428084
428085
428086
428087
428088
428089
428090
428091
428092
428093
428094
428095
428097
428098
428099
428100
428101
428102
428104
428105
428106
428107
428108
428109
428110
428112
428113
428115
428116
428117
428118
428119
428120
428121
428122
428123
428124
428125
428126
428127
428128
428129
428130
428131
428132
428133
428134
428135
428136
428137
428138
428139
428140
428141
428142
428143
428144
428145
428146
428147
428148
428149
428150
428151
428152
428153
428154
428155
428156
428157
428158
428159
428160
428161
428162
428163
428164
428165
428166
428167
428168
428169
428170
428171
428172
428173
428174
428175
428176
428177
428178
428179
428180
428181
428182
428183
428184
428185
428186
428187
428188
428189
428190
428191
428192
428193
428194
428195
428196
428197
428198
428199
428201
428202
428203
428204
428206
428207
428210
428211
428212
428213
428215
428216
428217
428218
428219
428220
428221
428222
428223
428224
428225
428226
428227
428228
428229
428230
428231
428232
428233
428234
428235
428236
428237
428238
428239
428240
428241
428242
428243
428244
428245
428246
428247
428248
428249
