60500
60501
60502
60503
60504
60505
60506
60507
60508
60509
60511
60514
60515
60516
60519
60520
60521
60524
60525
60526
60529
60530
60531
60532
60533
60539
60540
60541
60543
60544
60545
60546
60548
60549
60550
60551
60552
60553
60554
60555
60556
60557
60558
60559
60561
60562
60564
60565
60566
60567
60568
60569
60571
60572
60573
60574
60576
60577
60578
60580
60581
60582
60583
60584
60585
60587
60588
60589
60590
60591
60592
60594
60595
60596
60597
60598
60599
60601
60602
60603
60604
60605
60606
60607
60608
60609
60610
60611
60612
60613
60614
60615
60616
60617
60618
60619
60620
60621
60622
60623
60624
60626
60627
60628
60629
60630
60631
60633
60634
60635
60636
60637
60638
60640
60641
60642
60643
60644
60645
60647
60648
60649
60650
60652
60653
60654
60655
60656
60657
60658
60659
60660
60661
60662
60663
60664
60665
60667
60668
60669
60671
60672
60673
60674
60675
60676
60678
60679
60680
60681
60682
60683
60685
60686
60687
60688
60689
60690
60692
60693
60694
60696
60699
60701
60702
60703
60704
60705
60706
60707
60708
60709
60711
60712
60713
60714
60715
60716
60717
60718
60719
60720
60721
60724
60725
60726
60727
60730
60731
60732
60733
60734
60735
60736
60737
60738
60740
60741
60742
60743
60744
60745
60746
60747
60748
60749
