96750
96751
96752
96753
96754
96755
96756
96757
96758
96759
96760
96761
96762
96763
96764
96765
96766
96767
96768
96769
96770
96771
96772
96773
96774
96775
96776
96777
96778
96779
96780
96781
96782
96783
96784
96785
96787
96789
96790
96791
96794
96797
96799
96800
96801
96802
96804
96805
96806
96807
96808
96809
96810
96811
96812
96813
96814
96815
96816
96817
96818
96819
96820
96821
96822
96823
96824
96825
96828
96830
96831
96832
96834
96835
96837
96839
96840
96841
96842
96843
96844
96846
96848
96849
96850
96851
96852
96854
96856
96857
96858
96859
96860
96861
96862
96863
96864
96866
96868
96869
96870
96871
96872
96873
96874
96875
96877
96879
96880
96881
96882
96883
96884
96885
96886
96887
96888
96889
96890
96891
96892
96893
96894
96896
96898
96899
96900
96901
96902
96903
96904
96905
96910
96911
96912
96913
96915
96916
96918
96920
96921
96923
96924
96927
96928
96930
96931
96932
96933
96934
96935
96937
96938
96939
96940
96941
96942
96944
96945
96946
96947
96948
96949
96950
96951
96952
96953
96956
96957
96958
96959
96960
96961
96962
96963
96964
96965
96966
96967
96968
96969
96970
96971
96972
96973
96974
96975
96976
96977
96978
96979
96980
96982
96983
96984
96985
96986
96987
96988
96989
96990
96992
96994
96995
96996
96997
96998
96999
