288000
288003
288004
288005
288008
288009
288010
288011
288012
288013
288014
288016
288018
288020
288021
288022
288023
288024
288025
288026
288027
288028
288029
288030
288031
288032
288033
288034
288035
288036
288037
288038
288039
288040
288041
288042
288044
288045
288046
288047
288048
288049
288050
288052
288053
288054
288055
288056
288058
288059
288060
288061
288062
288063
288064
288065
288067
288068
288070
288071
288072
288074
288076
288079
288080
288081
288082
288083
288084
288085
288086
288087
288088
288089
288090
288091
288093
288095
288096
288097
288098
288099
288100
288101
288103
288106
288108
288111
288112
288113
288114
288115
288116
288117
288118
288119
288120
288121
288122
288123
288124
288125
288126
288127
288128
288129
288130
288132
288135
288136
288137
288138
288139
288140
288141
288142
288143
288144
288145
288147
288150
288152
288155
288156
288157
288159
288160
288161
288163
288164
288165
288166
288167
288168
288169
288170
288171
288172
288173
288174
288176
288177
288179
288180
288181
288182
288183
288184
288186
288187
288188
288189
288190
288191
288192
288195
288196
288197
288198
288200
288201
288202
288203
288204
288206
288208
288210
288211
288212
288213
288215
288216
288217
288219
288220
288221
288222
288224
288225
288226
288227
288228
288229
288231
288232
288233
288234
288235
288236
288237
288238
288239
288240
288241
288242
288243
288244
288246
288247
