141500
141501
141502
141503
141504
141505
141506
141507
141509
141510
141511
141512
141514
141515
141516
141517
141519
141520
141521
141522
141523
141524
141527
141528
141529
141530
141531
141532
141533
141536
141537
141538
141539
141540
141542
141543
141544
141545
141546
141547
141548
141549
141550
141552
141553
141554
141556
141557
141558
141559
141560
141562
141564
141566
141567
141568
141569
141570
141571
141572
141573
141574
141575
141576
141577
141578
141579
141581
141582
141583
141584
141586
141587
141595
141596
141597
141598
141599
141601
141602
141603
141604
141605
141606
141607
141608
141609
141610
141612
141613
141614
141615
141616
141617
141618
141619
141621
141622
141623
141624
141625
141626
141627
141628
141630
141631
141632
141633
141634
141635
141636
141637
141638
141639
141640
141641
141643
141646
141648
141649
141650
141651
141652
141653
141654
141655
141656
141657
141658
141659
141660
141661
141662
141663
141664
141665
141666
141667
141668
141669
141670
141671
141673
141678
141679
141680
141682
141687
141688
141693
141694
141695
141696
141697
141698
141699
141701
141702
141704
141705
141706
141707
141709
141710
141712
141713
141715
141717
141718
141720
141721
141722
141723
141725
141726
141727
141729
141730
141731
141732
141733
141734
141735
141736
141737
141738
141739
141740
141741
141742
141745
141746
141747
141748
141749
