40500
40501
40502
40503
40504
40506
40507
40508
40509
40514
40515
40516
40517
40518
40519
40520
40521
40522
40523
40524
40525
40526
40527
40528
40529
40530
40531
40532
40533
40534
40535
40536
40537
40539
40540
40541
40543
40544
40545
40546
40547
40548
40549
40550
40551
40552
40553
40555
40556
40557
40558
40562
40563
40564
40565
40566
40567
40568
40569
40571
40572
40573
40574
40575
40576
40577
40578
40579
40584
40585
40586
40588
40589
40590
40591
40593
40594
40595
40597
40598
40599
40600
40601
40602
40603
40604
40606
40607
40608
40609
40610
40611
40612
40613
40614
40616
40617
40618
40619
40620
40622
40623
40624
40625
40627
40628
40629
40630
40631
40632
40634
40635
40636
40637
40638
40639
40640
40641
40642
40643
40644
40645
40646
40647
40648
40649
40651
40652
40653
40654
40656
40657
40658
40659
40660
40661
40663
40664
40665
40666
40668
40669
40670
40672
40673
40674
40675
40676
40677
40678
40679
40681
40682
40683
40684
40685
40687
40688
40689
40690
40692
40693
40694
40695
40697
40698
40699
40701
40702
40703
40704
40705
40706
40707
40708
40709
40710
40711
40712
40715
40719
40722
40724
40725
40726
40727
40728
40731
40732
40733
40736
40738
40739
40740
40741
40742
40743
40744
40745
40746
40747
40748
40749
