35501
35506
35507
35508
35510
35511
35512
35513
35514
35515
35516
35517
35518
35519
35521
35522
35523
35525
35526
35527
35529
35531
35532
35540
35541
35542
35543
35544
35546
35547
35548
35549
35550
35551
35552
35553
35554
35556
35557
35559
35560
35561
35562
35564
35565
35566
35568
35569
35570
35571
35572
35573
35574
35575
35576
35577
35578
35579
35580
35581
35582
35583
35584
35585
35586
35587
35588
35589
35590
35591
35592
35595
35596
35597
35599
35600
35601
35603
35604
35605
35607
35608
35609
35610
35611
35613
35614
35615
35616
35617
35618
35620
35621
35622
35623
35626
35628
35629
35630
35631
35633
35634
35635
35636
35640
35641
35643
35644
35646
35647
35648
35649
35651
35655
35656
35659
35661
35663
35664
35665
35667
35668
35670
35671
35673
35676
35677
35678
35679
35682
35683
35684
35687
35688
35689
35691
35692
35693
35694
35695
35696
35698
35699
35700
35701
35702
35703
35704
35705
35707
35708
35710
35711
35712
35713
35714
35715
35716
35717
35718
35719
35720
35722
35723
35725
35726
35727
35728
35729
35730
35738
35739
35740
35742
35743
35744
35745
35746
35747
35748
35749
