392000
392001
392002
392003
392004
392005
392006
392007
392008
392009
392011
392012
392013
392014
392015
392016
392017
392018
392019
392020
392021
392022
392023
392024
392025
392026
392027
392028
392029
392030
392032
392033
392034
392035
392037
392039
392040
392041
392042
392043
392044
392045
392046
392047
392048
392049
392050
392051
392052
392053
392054
392055
392056
392057
392058
392059
392060
392061
392062
392064
392066
392067
392068
392070
392071
392072
392073
392074
392075
392077
392079
392080
392081
392082
392083
392085
392086
392087
392088
392090
392091
392092
392093
392094
392095
392096
392097
392098
392099
392100
392101
392102
392103
392104
392105
392106
392107
392109
392110
392111
392112
392113
392114
392117
392120
392121
392122
392123
392124
392125
392126
392127
392128
392129
392130
392131
392132
392133
392135
392136
392137
392138
392139
392140
392141
392142
392144
392146
392148
392149
392151
392152
392154
392155
392157
392161
392162
392163
392164
392165
392166
392168
392169
392170
392171
392172
392173
392174
392175
392177
392178
392179
392180
392181
392183
392184
392185
392186
392187
392188
392189
392190
392191
392192
392193
392194
392195
392196
392197
392198
392199
392200
392201
392202
392203
392204
392205
392206
392207
392208
392209
392210
392211
392212
392213
392214
392215
392216
392217
392218
392219
392220
392221
392222
392223
392224
392225
392226
392227
392229
392230
392231
392232
392234
392235
392238
392239
392240
392241
392242
392243
392244
392245
392247
392248
392249
