388500
388501
388502
388503
388504
388505
388506
388507
388508
388509
388510
388511
388512
388513
388514
388515
388516
388517
388518
388519
388520
388521
388522
388524
388525
388526
388527
388528
388529
388530
388531
388532
388533
388534
388535
388537
388538
388539
388540
388541
388542
388543
388544
388545
388546
388547
388548
388549
388550
388551
388552
388553
388554
388555
388556
388557
388558
388559
388560
388561
388562
388563
388564
388565
388566
388567
388569
388571
388572
388573
388575
388577
388579
388580
388581
388582
388583
388584
388585
388587
388599
388600
388601
388602
388603
388604
388605
388607
388608
388610
388611
388612
388614
388616
388617
388618
388619
388620
388621
388622
388623
388625
388626
388628
388629
388630
388632
388634
388635
388636
388637
388639
388640
388641
388642
388643
388644
388645
388646
388647
388648
388649
388650
388651
388652
388655
388656
388657
388659
388662
388664
388665
388666
388667
388668
388669
388670
388671
388672
388673
388674
388675
388676
388677
388678
388679
388681
388682
388683
388684
388686
388687
388688
388689
388691
388692
388693
388694
388695
388696
388697
388698
388699
388700
388701
388704
388705
388706
388707
388708
388709
388710
388711
388712
388713
388714
388715
388716
388717
388718
388719
388720
388721
388722
388723
388724
388725
388726
388727
388728
388729
388730
388731
388732
388733
388734
388735
388736
388737
388738
388739
388740
388741
388742
388743
388744
388746
388747
388748
388749
