264000
264001
264003
264004
264006
264007
264008
264009
264010
264011
264012
264014
264016
264017
264018
264019
264020
264021
264022
264023
264024
264025
264026
264027
264028
264030
264031
264033
264035
264036
264037
264038
264039
264040
264041
264042
264043
264046
264047
264048
264049
264050
264051
264054
264055
264056
264060
264062
264063
264064
264065
264066
264067
264068
264069
264070
264073
264074
264075
264076
264077
264078
264079
264080
264081
264082
264083
264084
264085
264087
264088
264090
264093
264094
264095
264096
264097
264098
264099
264100
264101
264102
264103
264104
264105
264107
264108
264109
264112
264113
264114
264118
264119
264120
264121
264122
264123
264124
264126
264127
264129
264130
264131
264132
264133
264135
264137
264138
264139
264140
264141
264142
264143
264144
264145
264146
264147
264148
264149
264150
264151
264152
264154
264155
264156
264157
264158
264159
264160
264161
264162
264163
264164
264165
264166
264167
264168
264169
264170
264171
264172
264173
264174
264175
264176
264177
264178
264179
264180
264181
264182
264183
264184
264185
264186
264187
264188
264189
264190
264191
264192
264193
264194
264195
264196
264197
264198
264199
264200
264201
264202
264203
264204
264205
264206
264207
264208
264209
264210
264211
264212
264213
264214
264215
264216
264217
264218
264219
264220
264221
264222
264223
264224
264225
264226
264227
264228
264229
264230
264231
264232
264233
264234
264235
264236
264237
264238
264239
264240
264241
264242
264243
264244
264245
264246
264247
264248
264249
