167000
167001
167003
167004
167005
167006
167007
167008
167009
167010
167011
167012
167013
167014
167015
167016
167017
167019
167020
167021
167022
167023
167024
167025
167026
167027
167028
167029
167030
167031
167032
167033
167034
167035
167037
167039
167040
167041
167042
167043
167044
167045
167046
167047
167048
167050
167051
167052
167053
167055
167056
167057
167058
167059
167060
167061
167062
167063
167064
167065
167066
167067
167068
167070
167071
167072
167073
167074
167075
167076
167077
167078
167079
167084
167085
167086
167087
167089
167091
167092
167093
167094
167095
167096
167097
167098
167100
167101
167103
167104
167105
167107
167108
167109
167111
167112
167113
167115
167116
167117
167118
167119
167120
167121
167122
167126
167128
167129
167130
167131
167132
167133
167134
167135
167137
167138
167139
167140
167142
167143
167144
167145
167146
167148
167149
167150
167151
167152
167153
167154
167155
167157
167158
167159
167160
167161
167162
167163
167164
167166
167167
167168
167170
167171
167172
167173
167174
167175
167176
167177
167178
167179
167180
167182
167183
167184
167186
167187
167188
167189
167190
167191
167192
167194
167195
167196
167197
167198
167199
167200
167201
167202
167203
167204
167205
167206
167207
167208
167209
167210
167211
167212
167213
167214
167215
167216
167217
167218
167219
167220
167221
167222
167223
167224
167227
167229
167230
167232
167233
167234
167235
167237
167238
167239
167240
167241
167242
167243
167244
167245
167246
167247
167249
