403500
403501
403504
403505
403506
403508
403509
403510
403511
403512
403513
403514
403515
403516
403517
403518
403519
403520
403521
403523
403524
403525
403526
403527
403528
403529
403530
403531
403532
403533
403534
403535
403538
403539
403541
403542
403543
403544
403546
403547
403548
403549
403550
403551
403552
403553
403554
403555
403556
403557
403558
403559
403560
403561
403562
403563
403564
403566
403569
403570
403571
403572
403573
403574
403575
403576
403577
403578
403579
403582
403587
403588
403589
403591
403601
403602
403604
403605
403608
403609
403610
403611
403612
403618
403620
403622
403623
403625
403626
403627
403628
403629
403631
403632
403633
403634
403635
403637
403638
403639
403640
403641
403642
403644
403646
403647
403648
403649
403650
403651
403652
403653
403654
403655
403657
403658
403659
403660
403661
403662
403663
403664
403666
403667
403668
403670
403671
403672
403673
403674
403676
403677
403678
403679
403680
403681
403682
403683
403684
403685
403687
403688
403689
403690
403691
403692
403694
403695
403696
403697
403698
403699
403700
403701
403702
403703
403704
403705
403706
403707
403708
403709
403710
403711
403712
403713
403714
403715
403716
403717
403718
403719
403720
403721
403722
403723
403724
403725
403726
403727
403728
403731
403732
403733
403734
403735
403736
403737
403738
403739
403740
403741
403742
403743
403744
403745
403746
403747
403748
403749
