243500
243501
243503
243504
243505
243506
243507
243508
243509
243512
243513
243515
243516
243517
243518
243519
243520
243521
243522
243523
243525
243527
243528
243529
243530
243531
243532
243533
243534
243535
243536
243537
243538
243539
243540
243541
243543
243544
243546
243547
243548
243549
243550
243551
243552
243554
243555
243557
243558
243559
243560
243561
243562
243563
243564
243565
243566
243567
243568
243569
243570
243571
243572
243574
243575
243576
243577
243578
243580
243581
243582
243583
243584
243585
243586
243587
243588
243589
243590
243591
243592
243593
243594
243595
243596
243597
243599
243600
243601
243603
243604
243605
243607
243608
243609
243611
243612
243613
243614
243615
243616
243618
243619
243620
243621
243622
243623
243624
243625
243626
243627
243629
243630
243631
243632
243635
243637
243638
243639
243642
243644
243645
243646
243647
243648
243649
243650
243651
243652
243653
243654
243655
243656
243657
243658
243659
243660
243661
243662
243663
243664
243665
243666
243667
243668
243669
243670
243671
243672
243673
243674
243675
243676
243677
243678
243680
243681
243683
243685
243686
243687
243688
243691
243693
243694
243695
243697
243699
243700
243701
243702
243703
243705
243706
243707
243708
243709
243710
243711
243712
243714
243715
243717
243719
243720
243721
243722
243723
243724
243725
243726
243727
243728
243729
243730
243731
243732
243733
243734
243735
243736
243737
243738
243739
243740
243741
243742
243743
243744
243745
243746
243747
243748
243749
