305750
305751
305752
305753
305754
305755
305756
305757
305758
305759
305760
305761
305762
305763
305764
305765
305766
305767
305768
305769
305770
305771
305772
305773
305776
305777
305778
305782
305783
305784
305785
305786
305787
305792
305793
305794
305795
305796
305798
305799
305800
305801
305802
305803
305804
305805
305806
305807
305808
305809
305810
305811
305812
305813
305814
305815
305816
305818
305819
305820
305821
305822
305824
305825
305826
305827
305829
305830
305831
305832
305833
305834
305835
305836
305837
305838
305839
305840
305841
305842
305843
305844
305845
305846
305847
305848
305849
305852
305853
305854
305857
305858
305859
305860
305861
305862
305865
305866
305867
305868
305869
305870
305872
305873
305874
305876
305877
305878
305879
305880
305882
305883
305885
305887
305888
305889
305890
305891
305892
305893
305894
305895
305896
305897
305898
305899
305900
305901
305902
305903
305904
305905
305906
305907
305908
305909
305910
305911
305912
305913
305914
305915
305916
305917
305918
305919
305920
305921
305922
305923
305924
305925
305926
305927
305928
305929
305930
305931
305932
305933
305934
305935
305936
305937
305938
305939
305940
305941
305942
305943
305944
305945
305946
305947
305948
305949
305950
305951
305952
305953
305954
305955
305956
305957
305958
305959
305960
305961
305962
305963
305964
305965
305966
305967
305968
305969
305970
305971
305972
305973
305974
305976
305978
305979
305980
305981
305982
305983
305984
305985
305986
305987
305988
305989
305990
305991
305992
305993
305994
305995
305996
305997
305998
305999
