96500
96501
96503
96504
96505
96506
96507
96509
96510
96511
96512
96513
96515
96516
96517
96518
96519
96521
96522
96523
96524
96525
96527
96528
96529
96530
96531
96533
96534
96535
96536
96537
96538
96539
96540
96541
96542
96543
96544
96545
96546
96547
96548
96549
96550
96551
96552
96553
96554
96555
96557
96558
96559
96560
96561
96562
96563
96565
96566
96567
96568
96569
96570
96571
96573
96574
96575
96576
96577
96578
96579
96580
96581
96582
96583
96584
96585
96586
96587
96588
96589
96590
96591
96592
96593
96594
96595
96596
96597
96598
96599
96600
96602
96603
96604
96605
96606
96607
96608
96609
96610
96611
96612
96613
96614
96615
96616
96617
96618
96619
96620
96621
96622
96623
96625
96626
96627
96629
96630
96631
96632
96633
96634
96635
96636
96638
96639
96640
96641
96642
96643
96644
96645
96646
96647
96648
96649
96650
96651
96652
96653
96654
96655
96656
96657
96658
96659
96660
96661
96662
96663
96664
96665
96666
96668
96669
96670
96672
96673
96674
96675
96676
96677
96678
96680
96681
96682
96683
96684
96685
96686
96688
96689
96690
96691
96692
96693
96694
96695
96696
96698
96699
96701
96702
96703
96704
96705
96706
96707
96708
96709
96710
96711
96712
96713
96714
96715
96718
96720
96723
96724
96725
96726
96727
96728
96729
96730
96731
96733
96736
96737
96738
96739
96740
96741
96742
96743
96744
96745
96746
96747
96748
96749
