157500
157501
157502
157503
157504
157505
157506
157507
157508
157510
157511
157512
157513
157514
157515
157517
157519
157520
157522
157524
157525
157526
157527
157528
157529
157531
157532
157533
157534
157535
157536
157537
157538
157539
157540
157541
157542
157543
157544
157545
157546
157548
157549
157550
157551
157552
157554
157556
157557
157558
157561
157562
157563
157564
157565
157566
157567
157568
157569
157570
157571
157572
157573
157574
157575
157576
157577
157578
157579
157580
157581
157582
157583
157584
157585
157587
157588
157589
157590
157591
157594
157595
157596
157597
157598
157599
157600
157602
157603
157604
157605
157606
157607
157608
157609
157610
157611
157612
157615
157616
157617
157618
157619
157622
157623
157624
157626
157627
157628
157629
157631
157632
157633
157634
157635
157637
157638
157640
157641
157642
157643
157644
157645
157646
157647
157648
157649
157650
157651
157652
157653
157654
157655
157656
157657
157658
157659
157660
157661
157662
157663
157664
157665
157666
157667
157668
157669
157670
157671
157672
157677
157678
157679
157680
157681
157682
157683
157684
157685
157686
157687
157688
157689
157690
157691
157692
157693
157694
157695
157696
157697
157698
157699
157700
157701
157702
157703
157704
157705
157707
157708
157709
157710
157711
157712
157713
157714
157715
157716
157717
157718
157719
157720
157721
157722
157723
157724
157725
157726
157727
157728
157729
157730
157731
157732
157733
157735
157736
157737
157741
157742
157743
157744
157745
157746
157747
157748
157749
