253501
253503
253505
253506
253507
253508
253509
253510
253511
253512
253513
253514
253515
253516
253517
253518
253520
253521
253522
253523
253524
253525
253527
253528
253529
253530
253533
253534
253535
253536
253537
253538
253539
253540
253541
253542
253543
253544
253545
253546
253548
253549
253550
253553
253554
253555
253556
253557
253558
253559
253560
253561
253562
253563
253564
253565
253566
253567
253568
253569
253570
253571
253572
253573
253574
253575
253576
253577
253578
253579
253581
253582
253583
253584
253585
253586
253587
253588
253590
253591
253592
253593
253594
253595
253596
253597
253598
253600
253601
253602
253603
253604
253605
253606
253607
253608
253609
253610
253611
253612
253613
253614
253615
253616
253617
253618
253619
253620
253621
253622
253623
253624
253625
253627
253628
253629
253630
253631
253632
253633
253634
253635
253636
253638
253639
253640
253641
253642
253643
253644
253645
253646
253647
253649
253650
253651
253652
253653
253654
253655
253656
253657
253658
253660
253661
253662
253663
253664
253665
253666
253667
253668
253669
253671
253672
253673
253674
253675
253676
253677
253678
253679
253680
253682
253683
253685
253686
253688
253689
253691
253692
253694
253695
253697
253698
253700
253701
253704
253705
253706
253707
253708
253709
253710
253711
253712
253713
253714
253715
253718
253719
253720
253721
253724
253725
253726
253727
253728
253729
253730
253731
253733
253734
253735
253736
253737
253738
253739
253740
253741
253742
253743
253744
253745
253746
253747
253748
253749
