101250
101251
101252
101255
101256
101257
101258
101259
101260
101263
101264
101265
101266
101267
101268
101269
101270
101271
101273
101274
101275
101276
101277
101278
101279
101280
101281
101287
101288
101289
101290
101291
101292
101293
101297
101298
101299
101301
101302
101303
101305
101306
101307
101309
101310
101311
101313
101314
101315
101317
101318
101319
101321
101322
101323
101324
101325
101327
101328
101329
101330
101331
101333
101334
101335
101337
101338
101339
101340
101341
101342
101343
101344
101345
101347
101348
101350
101351
101352
101353
101354
101355
101356
101357
101358
101359
101360
101362
101364
101365
101366
101367
101369
101372
101373
101375
101376
101379
101380
101381
101382
101384
101385
101386
101387
101388
101389
101390
101391
101392
101393
101394
101395
101396
101397
101398
101400
101401
101402
101403
101404
101405
101406
101407
101408
101409
101410
101411
101412
101413
101414
101415
101416
101418
101419
101421
101422
101423
101425
101426
101427
101428
101429
101430
101432
101433
101434
101435
101436
101437
101438
101439
101441
101442
101443
101444
101445
101446
101447
101449
101450
101452
101453
101454
101455
101456
101457
101458
101459
101460
101461
101462
101463
101464
101465
101466
101467
101469
101471
101472
101473
101474
101475
101476
101478
101479
101480
101481
101482
101483
101484
101485
101486
101487
101488
101489
101490
101491
101492
101493
101494
101495
101496
101497
101498
101499
