423000
423003
423004
423006
423007
423008
423010
423011
423012
423014
423015
423017
423021
423024
423025
423026
423027
423028
423029
423030
423031
423032
423033
423034
423035
423036
423037
423038
423039
423040
423041
423042
423043
423044
423045
423046
423047
423049
423051
423052
423054
423056
423057
423058
423059
423060
423061
423062
423063
423064
423065
423066
423067
423068
423069
423070
423071
423072
423073
423074
423075
423076
423077
423078
423079
423080
423081
423082
423083
423084
423086
423087
423088
423089
423090
423091
423092
423094
423095
423096
423097
423098
423099
423100
423101
423102
423104
423105
423106
423109
423110
423111
423112
423114
423115
423116
423117
423118
423119
423120
423121
423122
423123
423124
423127
423128
423129
423130
423131
423132
423134
423135
423138
423139
423141
423142
423143
423144
423145
423146
423149
423150
423151
423152
423153
423157
423158
423159
423163
423164
423165
423166
423167
423168
423169
423170
423171
423172
423173
423174
423175
423176
423177
423178
423179
423180
423181
423182
423183
423184
423186
423187
423188
423189
423190
423191
423193
423194
423195
423196
423198
423199
423201
423202
423203
423204
423205
423206
423207
423208
423209
423210
423211
423212
423213
423214
423215
423216
423217
423218
423219
423220
423221
423222
423223
423224
423225
423226
423227
423228
423229
423230
423231
423232
423233
423234
423235
423236
423237
423238
423240
423243
423244
423245
423246
423247
423249
