66501
66503
66504
66505
66506
66509
66511
66512
66513
66514
66515
66519
66520
66521
66522
66523
66524
66525
66526
66527
66528
66531
66532
66533
66534
66535
66536
66537
66538
66539
66540
66541
66542
66543
66544
66545
66546
66547
66548
66549
66550
66551
66552
66553
66554
66555
66556
66557
66558
66559
66560
66561
66563
66564
66565
66566
66567
66568
66569
66572
66573
66575
66576
66577
66578
66579
66580
66581
66582
66583
66584
66585
66586
66588
66589
66590
66595
66596
66597
66599
66600
66601
66602
66603
66604
66605
66607
66608
66610
66611
66612
66613
66614
66615
66617
66618
66619
66620
66621
66622
66623
66624
66625
66626
66627
66628
66630
66631
66634
66635
66636
66637
66638
66640
66642
66643
66644
66645
66646
66647
66648
66649
66650
66651
66652
66654
66655
66656
66657
66658
66659
66660
66661
66663
66664
66665
66667
66669
66670
66671
66672
66673
66675
66676
66677
66678
66679
66681
66683
66685
66687
66689
66691
66692
66693
66696
66697
66698
66699
66700
66702
66703
66705
66706
66709
66710
66711
66712
66714
66715
66716
66717
66719
66720
66721
66722
66723
66724
66727
66730
66731
66732
66733
66736
66737
66738
66739
66740
66741
66742
66743
66744
66745
66746
66747
66748
66749
