437751
437752
437753
437756
437757
437758
437759
437760
437761
437762
437763
437764
437765
437766
437767
437768
437769
437770
437771
437772
437773
437774
437775
437776
437777
437780
437781
437782
437783
437784
437785
437786
437787
437788
437789
437790
437791
437792
437793
437794
437795
437796
437797
437798
437799
437800
437801
437802
437803
437804
437805
437806
437807
437808
437809
437810
437811
437812
437813
437814
437815
437816
437817
437818
437819
437820
437822
437823
437824
437825
437826
437827
437828
437830
437831
437832
437833
437834
437835
437836
437837
437838
437841
437843
437844
437845
437846
437847
437848
437849
437850
437851
437853
437854
437855
437856
437857
437858
437859
437860
437861
437862
437863
437864
437865
437866
437867
437868
437869
437871
437872
437873
437875
437876
437877
437878
437879
437880
437881
437882
437883
437884
437885
437886
437887
437888
437889
437890
437891
437892
437893
437894
437895
437896
437897
437898
437899
437900
437901
437902
437903
437904
437905
437906
437907
437908
437909
437910
437911
437912
437913
437914
437915
437916
437917
437919
437920
437921
437922
437923
437924
437927
437929
437930
437931
437932
437934
437935
437936
437937
437938
437939
437941
437942
437943
437945
437947
437948
437949
437951
437953
437954
437955
437956
437957
437959
437960
437961
437962
437963
437964
437965
437966
437967
437968
437969
437970
437971
437972
437973
437974
437975
437976
437977
437978
437979
437980
437981
437982
437983
437984
437985
437986
437987
437988
437990
437991
437992
437993
437994
437995
437996
437997
437998
437999
