220001
220002
220005
220006
220007
220008
220009
220010
220011
220012
220013
220014
220015
220016
220017
220018
220019
220020
220022
220024
220025
220027
220028
220029
220030
220031
220035
220036
220037
220038
220039
220042
220043
220044
220053
220056
220057
220078
220079
220080
220081
220086
220087
220088
220101
220102
220103
220106
220107
220108
220109
220110
220111
220112
220115
220116
220117
220118
220123
220124
220125
220126
220127
220128
220129
220130
220131
220132
220133
220134
220135
220136
220137
220138
220139
220140
220141
220142
220143
220144
220145
220146
220147
220148
220149
220150
220151
220152
220153
220154
220155
220156
220157
220158
220159
220160
220163
220165
220166
220167
220168
220170
220171
220172
220173
220175
220176
220177
220178
220180
220181
220182
220183
220184
220185
220186
220189
220192
220195
220196
220197
220200
220201
220202
220203
220204
220205
220206
220208
220209
220210
220212
220213
220214
220216
220217
220218
220219
220220
220221
220222
220223
220225
220226
220227
220228
220229
220230
220231
220232
220233
220234
220237
220238
220239
220240
220241
220242
220243
220244
220245
220246
220247
220248
220249
