270500
270501
270502
270503
270505
270506
270507
270508
270510
270511
270512
270513
270514
270517
270518
270519
270520
270521
270524
270525
270526
270527
270528
270531
270532
270534
270535
270536
270537
270538
270539
270540
270541
270542
270543
270545
270546
270547
270548
270549
270550
270551
270552
270553
270554
270555
270556
270557
270558
270559
270560
270561
270563
270564
270565
270566
270567
270568
270569
270570
270571
270572
270574
270575
270577
270580
270582
270583
270584
270585
270586
270587
270588
270589
270590
270591
270592
270593
270594
270595
270596
270597
270598
270599
270600
270601
270603
270604
270605
270606
270607
270608
270610
270611
270612
270613
270614
270615
270617
270618
270619
270620
270622
270623
270624
270625
270627
270628
270629
270630
270631
270632
270633
270634
270635
270636
270637
270638
270640
270641
270642
270643
270644
270645
270646
270647
270648
270650
270651
270652
270653
270654
270655
270656
270657
270658
270659
270660
270661
270662
270663
270664
270665
270666
270667
270668
270669
270670
270671
270672
270673
270675
270677
270678
270679
270681
270682
270683
270684
270685
270686
270688
270689
270690
270691
270692
270693
270694
270695
270696
270697
270698
270699
270700
270701
270702
270703
270704
270705
270706
270707
270708
270709
270710
270711
270712
270713
270715
270716
270717
270718
270719
270720
270721
270722
270723
270724
270725
270726
270727
270728
270729
270730
270731
270732
270733
270734
270735
270736
270737
270738
270740
270741
270742
270743
270744
270745
270746
270747
270748
270749
