29500
29501
29502
29503
29505
29508
29509
29510
29511
29512
29513
29514
29515
29520
29522
29523
29524
29525
29530
29531
29533
29534
29535
29536
29538
29539
29540
29541
29543
29544
29545
29546
29547
29548
29549
29550
29552
29553
29554
29555
29556
29557
29558
29559
29560
29561
29562
29563
29564
29565
29566
29567
29568
29569
29570
29571
29572
29573
29575
29576
29577
29578
29579
29580
29581
29582
29583
29584
29585
29586
29587
29588
29590
29591
29592
29593
29594
29595
29596
29597
29598
29599
29600
29601
29602
29603
29604
29605
29606
29607
29608
29609
29610
29611
29612
29613
29614
29615
29616
29617
29618
29619
29620
29621
29622
29623
29624
29625
29628
29629
29631
29632
29633
29634
29649
29650
29651
29652
29653
29654
29655
29656
29657
29658
29659
29660
29661
29662
29663
29667
29668
29669
29673
29674
29675
29677
29678
29679
29680
29681
29682
29683
29684
29685
29686
29689
29690
29691
29692
29693
29694
29695
29696
29697
29699
29700
29701
29702
29703
29704
29705
29706
29707
29710
29712
29713
29714
29715
29716
29717
29718
29719
29720
29725
29730
29732
29733
29734
29735
29736
29737
29738
29739
29740
29741
29744
29745
29746
29747
29748
29749
