141001
141002
141003
141004
141005
141007
141008
141009
141010
141011
141013
141014
141015
141017
141018
141019
141020
141023
141025
141026
141027
141029
141030
141031
141032
141033
141034
141035
141036
141038
141039
141040
141043
141044
141045
141046
141048
141049
141050
141051
141052
141053
141056
141057
141058
141059
141060
141062
141065
141066
141067
141068
141069
141074
141075
141080
141081
141082
141083
141084
141086
141087
141088
141089
141090
141092
141093
141094
141095
141096
141097
141098
141099
141100
141101
141103
141104
141105
141106
141109
141110
141111
141113
141114
141115
141116
141118
141119
141120
141121
141122
141123
141125
141127
141128
141129
141130
141131
141132
141133
141134
141136
141137
141138
141139
141140
141141
141143
141146
141147
141148
141151
141152
141153
141154
141155
141156
141157
141160
141161
141162
141163
141165
141166
141167
141168
141169
141170
141171
141172
141173
141174
141175
141176
141177
141178
141179
141180
141181
141182
141183
141184
141186
141187
141189
141190
141191
141192
141193
141195
141197
141198
141199
141200
141201
141203
141204
141205
141206
141207
141210
141211
141212
141215
141216
141217
141218
141219
141222
141223
141224
141225
141226
141228
141229
141231
141234
141235
141236
141237
141238
141239
141241
141242
141243
141244
141245
141246
141247
141249
