363251
363252
363253
363256
363257
363258
363259
363260
363261
363262
363263
363264
363265
363266
363267
363268
363269
363270
363271
363272
363273
363274
363275
363276
363277
363278
363280
363281
363283
363284
363285
363286
363288
363289
363290
363291
363293
363294
363295
363296
363297
363299
363300
363302
363303
363304
363305
363306
363307
363309
363310
363311
363312
363313
363314
363315
363316
363317
363318
363319
363320
363321
363322
363324
363325
363326
363327
363328
363329
363330
363331
363332
363333
363334
363335
363336
363337
363338
363339
363340
363343
363344
363345
363346
363347
363348
363349
363350
363351
363352
363353
363354
363357
363358
363359
363360
363361
363362
363363
363364
363365
363366
363367
363369
363370
363371
363372
363373
363374
363375
363376
363377
363378
363379
363380
363381
363382
363383
363384
363385
363386
363387
363388
363389
363391
363392
363393
363394
363395
363396
363397
363398
363399
363400
363401
363402
363403
363404
363405
363406
363408
363410
363411
363412
363413
363414
363415
363417
363418
363419
363420
363421
363422
363423
363424
363425
363427
363428
363429
363430
363431
363432
363433
363434
363435
363436
363437
363438
363440
363441
363442
363443
363444
363445
363446
363448
363449
363451
363452
363455
363456
363457
363458
363459
363460
363461
363462
363463
363464
363465
363466
363467
363468
363469
363470
363471
363472
363473
363474
363475
363476
363479
363480
363483
363484
363485
363486
363487
363488
363489
363490
363491
363492
363493
363494
363495
363496
363497
363498
363499
