247000
247001
247002
247003
247004
247005
247006
247007
247009
247010
247011
247012
247013
247014
247015
247017
247018
247019
247020
247021
247022
247023
247024
247025
247026
247027
247028
247029
247030
247031
247032
247033
247034
247035
247036
247037
247038
247040
247041
247042
247043
247044
247045
247046
247047
247051
247052
247053
247054
247056
247058
247059
247060
247061
247063
247065
247066
247067
247068
247070
247071
247072
247073
247074
247075
247077
247078
247079
247080
247081
247082
247086
247087
247088
247089
247091
247092
247093
247095
247096
247097
247099
247100
247101
247102
247103
247104
247105
247106
247107
247108
247109
247110
247111
247112
247113
247114
247115
247117
247118
247119
247121
247122
247123
247124
247125
247126
247128
247129
247130
247131
247132
247133
247134
247135
247136
247137
247139
247140
247142
247143
247146
247147
247148
247149
247150
247151
247152
247153
247154
247156
247157
247158
247159
247160
247161
247162
247163
247164
247166
247167
247168
247171
247172
247175
247176
247177
247178
247179
247180
247181
247182
247183
247184
247185
247187
247188
247189
247190
247191
247192
247193
247194
247196
247199
247200
247201
247202
247203
247204
247205
247206
247207
247208
247210
247211
247212
247213
247214
247215
247216
247217
247218
247219
247220
247221
247222
247223
247224
247225
247226
247227
247228
247230
247231
247232
247233
247236
247237
247238
247240
247241
247242
247243
247244
247245
247246
247247
247248
247249
