199500
199501
199502
199503
199504
199510
199511
199512
199513
199514
199515
199516
199518
199519
199520
199521
199522
199523
199524
199525
199526
199527
199528
199529
199531
199532
199533
199534
199538
199539
199540
199541
199542
199543
199544
199547
199548
199550
199551
199552
199555
199556
199557
199558
199567
199568
199570
199574
199575
199576
199577
199578
199579
199580
199582
199583
199584
199585
199586
199587
199588
199590
199591
199593
199594
199595
199596
199597
199598
199599
199600
199601
199602
199603
199604
199605
199606
199607
199608
199609
199610
199611
199612
199613
199615
199617
199618
199619
199620
199621
199622
199623
199624
199625
199626
199627
199628
199629
199633
199634
199635
199636
199637
199638
199640
199641
199642
199643
199644
199645
199646
199647
199648
199649
199650
199651
199652
199653
199654
199659
199660
199661
199662
199663
199664
199665
199666
199667
199668
199669
199670
199671
199672
199673
199674
199675
199676
199677
199678
199679
199680
199681
199682
199683
199684
199685
199686
199687
199688
199689
199690
199691
199692
199693
199694
199695
199696
199697
199698
199699
199700
199701
199702
199703
199704
199705
199707
199708
199709
199710
199712
199713
199714
199716
199717
199719
199720
199721
199722
199723
199724
199725
199726
199727
199728
199729
199730
199731
199732
199733
199734
199735
199736
199737
199738
199739
199740
199741
199742
199743
199744
199745
199747
199748
199749
