319000
319001
319002
319003
319004
319005
319006
319007
319008
319009
319010
319011
319012
319013
319014
319015
319016
319017
319018
319019
319020
319021
319022
319023
319024
319025
319026
319027
319028
319029
319030
319031
319032
319033
319034
319035
319036
319037
319038
319039
319040
319041
319042
319043
319045
319046
319048
319051
319052
319053
319054
319055
319056
319057
319058
319059
319060
319061
319062
319063
319064
319065
319066
319067
319068
319069
319070
319071
319072
319073
319074
319075
319076
319077
319078
319079
319080
319081
319082
319083
319084
319085
319087
319089
319091
319093
319094
319095
319096
319097
319098
319100
319101
319102
319103
319104
319105
319107
319108
319109
319111
319112
319113
319114
319115
319116
319117
319118
319119
319120
319121
319122
319123
319124
319126
319127
319129
319130
319132
319133
319136
319137
319139
319140
319142
319143
319145
319146
319148
319149
319151
319152
319153
319154
319157
319158
319160
319161
319162
319163
319166
319167
319169
319170
319171
319172
319175
319176
319178
319179
319180
319181
319184
319185
319187
319188
319189
319190
319193
319194
319196
319197
319198
319199
319202
319203
319205
319206
319207
319208
319210
319211
319212
319213
319215
319216
319217
319218
319219
319220
319221
319222
319224
319225
319226
319227
319228
319230
319231
319232
319233
319234
319235
319236
319238
319239
319240
319241
319242
319243
319244
319245
319246
319247
319248
319249
