147751
147752
147753
147756
147758
147762
147763
147764
147765
147766
147767
147768
147772
147773
147774
147775
147776
147778
147779
147780
147782
147784
147785
147786
147787
147790
147792
147794
147795
147796
147797
147800
147801
147802
147803
147804
147806
147807
147808
147809
147810
147811
147812
147813
147814
147815
147816
147819
147820
147822
147823
147824
147825
147827
147828
147829
147830
147831
147833
147836
147839
147840
147841
147843
147844
147845
147847
147848
147849
147850
147851
147852
147853
147854
147856
147857
147858
147859
147860
147861
147862
147863
147864
147865
147866
147868
147869
147870
147871
147872
147873
147874
147876
147877
147878
147881
147883
147884
147885
147886
147887
147888
147889
147891
147892
147893
147894
147895
147896
147897
147898
147899
147900
147901
147903
147906
147908
147909
147910
147911
147919
147920
147921
147922
147923
147924
147925
147926
147927
147928
147929
147930
147931
147932
147934
147935
147936
147938
147939
147943
147944
147945
147946
147947
147948
147949
147950
147955
147956
147959
147960
147962
147963
147964
147965
147968
147969
147970
147971
147972
147973
147974
147975
147976
147977
147978
147981
147982
147983
147984
147985
147986
147987
147988
147990
147991
147992
147993
147994
147996
147997
147998
147999
