69000
69001
69002
69003
69004
69005
69006
69007
69008
69009
69010
69011
69012
69013
69014
69015
69016
69017
69018
69019
69020
69021
69022
69024
69025
69026
69027
69028
69029
69030
69031
69032
69033
69034
69035
69036
69037
69038
69039
69040
69041
69042
69043
69044
69045
69046
69047
69048
69049
69055
69058
69059
69060
69063
69064
69065
69066
69067
69068
69069
69070
69071
69072
69073
69074
69075
69076
69077
69078
69079
69080
69081
69082
69083
69084
69085
69086
69087
69088
69089
69090
69091
69092
69093
69094
69096
69097
69098
69099
69100
69103
69104
69105
69106
69108
69109
69110
69111
69112
69113
69114
69115
69116
69117
69118
69119
69120
69121
69122
69123
69124
69125
69126
69128
69129
69130
69131
69132
69133
69134
69135
69136
69137
69138
69139
69140
69141
69142
69143
69144
69145
69146
69147
69148
69149
69150
69152
69153
69154
69155
69156
69158
69159
69160
69161
69162
69163
69164
69165
69166
69168
69169
69170
69171
69172
69177
69178
69179
69183
69184
69185
69186
69187
69188
69189
69190
69191
69192
69193
69194
69195
69196
69198
69200
69201
69202
69203
69204
69205
69206
69207
69208
69209
69210
69211
69212
69213
69215
69216
69217
69218
69219
69220
69221
69222
69224
69225
69226
69227
69228
69229
69230
69231
69232
69233
69234
69236
69240
69241
69242
69246
69247
69248
69249
