101500
101501
101502
101504
101505
101506
101507
101508
101509
101510
101512
101514
101515
101516
101517
101519
101520
101521
101523
101524
101528
101529
101530
101531
101532
101533
101536
101539
101540
101543
101544
101545
101546
101549
101550
101553
101554
101555
101556
101557
101558
101560
101562
101563
101566
101567
101568
101569
101571
101572
101573
101574
101575
101576
101577
101578
101579
101583
101587
101589
101594
101595
101596
101597
101598
101600
101601
101602
101604
101605
101606
101608
101612
101613
101614
101615
101617
101618
101619
101620
101621
101623
101624
101625
101626
101627
101629
101630
101631
101632
101633
101635
101636
101637
101639
101641
101642
101643
101644
101645
101646
101647
101648
101649
101650
101652
101654
101656
101657
101659
101660
101661
101663
101666
101667
101669
101670
101672
101673
101675
101677
101678
101679
101680
101681
101682
101683
101684
101685
101686
101687
101688
101689
101690
101691
101692
101693
101694
101695
101696
101697
101698
101707
101708
101712
101713
101716
101717
101718
101719
101720
101721
101722
101723
101724
101725
101726
101727
101728
101730
101731
101732
101733
101734
101735
101736
101737
101738
101739
101740
101741
101742
101743
101744
101745
101747
101749
