469250
469251
469254
469255
469256
469258
469259
469260
469261
469262
469263
469265
469266
469267
469268
469270
469271
469272
469273
469275
469276
469277
469278
469279
469281
469282
469284
469285
469286
469287
469290
469292
469293
469294
469295
469296
469297
469298
469299
469300
469301
469303
469304
469305
469306
469307
469308
469309
469310
469311
469312
469313
469315
469316
469317
469318
469319
469320
469321
469322
469323
469324
469325
469327
469328
469329
469330
469331
469332
469333
469335
469337
469338
469339
469340
469341
469342
469343
469344
469345
469346
469347
469348
469349
469350
469351
469352
469353
469355
469358
469359
469360
469361
469362
469363
469364
469365
469366
469367
469368
469369
469371
469372
469373
469375
469376
469377
469378
469380
469381
469382
469383
469385
469387
469388
469389
469391
469392
469393
469394
469395
469397
469398
469399
469400
469401
469402
469404
469405
469406
469407
469408
469410
469412
469413
469414
469415
469416
469417
469418
469419
469421
469422
469423
469424
469425
469426
469427
469428
469430
469431
469432
469433
469434
469435
469436
469437
469438
469439
469440
469441
469442
469444
469445
469447
469448
469449
469450
469451
469452
469453
469454
469456
469457
469458
469459
469460
469461
469462
469463
469464
469465
469466
469467
469468
469469
469470
469471
469472
469473
469475
469476
469477
469482
469486
469487
469490
469491
469492
469493
469494
469495
469497
469498
469499
