272000
272001
272002
272003
272004
272005
272006
272007
272008
272009
272010
272011
272012
272013
272014
272015
272016
272017
272018
272019
272020
272021
272022
272023
272024
272025
272026
272027
272028
272029
272030
272031
272032
272033
272034
272035
272036
272037
272038
272039
272040
272041
272042
272043
272044
272045
272046
272047
272048
272050
272051
272052
272053
272054
272055
272056
272057
272058
272059
272060
272063
272065
272066
272067
272068
272069
272070
272071
272072
272073
272074
272075
272076
272077
272078
272079
272080
272081
272082
272083
272084
272085
272086
272087
272088
272089
272090
272092
272093
272095
272096
272097
272098
272099
272100
272101
272102
272104
272105
272106
272107
272109
272110
272111
272113
272114
272115
272116
272117
272118
272119
272120
272121
272123
272124
272125
272126
272127
272128
272129
272130
272133
272134
272135
272137
272138
272139
272142
272143
272144
272145
272146
272147
272148
272149
272150
272151
272152
272153
272154
272155
272156
272157
272158
272159
272160
272161
272162
272163
272164
272165
272166
272167
272168
272169
272170
272171
272172
272173
272174
272175
272176
272177
272179
272180
272181
272182
272183
272185
272186
272187
272188
272189
272190
272191
272192
272193
272194
272195
272196
272197
272198
272199
272200
272202
272204
272205
272206
272207
272208
272209
272210
272211
272212
272213
272214
272215
272216
272217
272218
272219
272220
272221
272222
272223
272225
272226
272227
272229
272230
272231
272232
272233
272234
272236
272237
272238
272239
272240
272241
272242
272243
272244
272245
272246
272247
272248
272249
