151750
151751
151752
151753
151755
151759
151760
151762
151766
151767
151768
151770
151771
151772
151774
151775
151776
151777
151780
151781
151782
151783
151784
151786
151787
151788
151789
151790
151791
151792
151794
151796
151797
151798
151799
151800
151801
151804
151805
151806
151807
151808
151809
151810
151812
151814
151815
151816
151817
151818
151819
151820
151821
151822
151823
151824
151825
151826
151827
151828
151831
151832
151835
151838
151839
151840
151841
151842
151843
151844
151845
151846
151852
151853
151854
151855
151856
151857
151858
151859
151860
151861
151875
151876
151877
151878
151879
151880
151881
151882
151886
151887
151891
151892
151895
151896
151897
151898
151899
151903
151904
151908
151909
151911
151912
151913
151914
151917
151918
151925
151926
151927
151929
151930
151932
151933
151934
151935
151936
151937
151938
151939
151940
151941
151942
151943
151944
151948
151949
151955
151956
151957
151958
151959
151960
151962
151963
151964
151965
151966
151967
151968
151969
151970
151971
151972
151973
151975
151976
151977
151978
151979
151980
151981
151982
151983
151985
151986
151987
151988
151989
151990
151992
151993
151994
151997
151998
