227750
227751
227753
227754
227755
227756
227758
227759
227760
227761
227762
227763
227764
227765
227767
227769
227771
227772
227774
227778
227781
227782
227783
227784
227785
227788
227789
227790
227791
227792
227793
227794
227795
227796
227797
227798
227799
227800
227801
227802
227803
227804
227806
227808
227809
227812
227813
227815
227816
227819
227820
227821
227822
227823
227824
227825
227826
227828
227829
227830
227831
227832
227834
227835
227836
227837
227840
227841
227842
227843
227844
227845
227846
227847
227848
227849
227852
227853
227854
227855
227856
227857
227858
227859
227860
227861
227862
227863
227864
227867
227868
227869
227870
227871
227872
227873
227874
227877
227880
227881
227884
227885
227886
227887
227888
227893
227894
227895
227896
227897
227898
227899
227900
227901
227902
227904
227906
227908
227909
227910
227911
227914
227915
227916
227919
227920
227921
227922
227923
227924
227925
227926
227927
227928
227929
227930
227931
227932
227934
227935
227936
227938
227939
227940
227941
227942
227943
227947
227948
227949
227950
227951
227952
227953
227954
227956
227957
227959
227961
227962
227964
227965
227967
227968
227969
227970
227971
227972
227973
227974
227975
227976
227977
227978
227979
227980
227981
227982
227983
227984
227985
227986
227987
227988
227989
227993
227994
227998
227999
