1500
1501
1502
1504
1505
1506
1507
1508
1509
1510
1512
1513
1514
1515
1517
1518
1519
1520
1521
1522
1524
1525
1526
1527
1528
1529
1531
1532
1533
1534
1535
1537
1538
1539
1543
1544
1546
1547
1549
1550
1551
1553
1554
1555
1556
1557
1559
1560
1562
1563
1564
1565
1566
1567
1568
1569
1570
1571
1572
1573
1574
1575
1580
1581
1582
1583
1585
1586
1587
1588
1589
1590
1591
1593
1594
1595
1596
1597
1598
1599
1600
1601
1602
1603
1604
1605
1606
1607
1608
1609
1610
1611
1612
1613
1615
1616
1618
1623
1624
1625
1627
1628
1629
1630
1631
1632
1634
1635
1636
1637
1638
1639
1640
1641
1642
1643
1644
1645
1648
1649
1650
1651
1652
1656
1657
1658
1659
1660
1661
1662
1663
1664
1665
1666
1667
1668
1669
1670
1671
1672
1673
1674
1677
1678
1679
1680
1681
1682
1683
1684
1685
1686
1687
1688
1689
1690
1693
1694
1695
1697
1698
1701
1704
1705
1706
1709
1710
1711
1712
1713
1715
1716
1717
1718
1719
1721
1722
1723
1724
1725
1726
1727
1728
1729
1730
1735
1736
1739
1741
1743
1744
1748
1749
