144500
144501
144503
144504
144505
144506
144509
144511
144512
144513
144514
144515
144516
144517
144518
144519
144520
144521
144522
144523
144524
144525
144526
144527
144528
144529
144530
144531
144532
144534
144535
144536
144537
144538
144539
144540
144541
144542
144543
144547
144548
144549
144550
144551
144552
144553
144554
144556
144557
144558
144559
144560
144563
144564
144565
144566
144567
144568
144569
144570
144571
144572
144573
144574
144575
144576
144578
144579
144580
144581
144583
144584
144585
144586
144587
144588
144589
144590
144591
144592
144593
144594
144597
144598
144599
144600
144601
144602
144603
144604
144605
144606
144607
144609
144612
144613
144614
144615
144616
144617
144618
144619
144620
144621
144622
144624
144625
144626
144627
144629
144630
144631
144632
144633
144634
144635
144636
144637
144638
144640
144641
144643
144644
144645
144646
144647
144649
144650
144651
144652
144653
144654
144655
144656
144657
144658
144659
144660
144661
144662
144663
144664
144665
144666
144667
144668
144670
144671
144672
144673
144674
144675
144676
144677
144678
144679
144680
144681
144682
144683
144684
144685
144686
144687
144688
144689
144690
144691
144692
144693
144694
144695
144696
144697
144698
144699
144701
144702
144703
144704
144705
144706
144707
144708
144710
144711
144712
144713
144714
144716
144717
144718
144719
144720
144721
144722
144723
144724
144726
144727
144728
144729
144730
144731
144732
144733
144734
144735
144737
144738
144739
144740
144742
144743
144744
144745
144746
144747
144748
144749
