46251
46252
46253
46254
46256
46257
46258
46260
46261
46262
46263
46264
46273
46275
46276
46277
46280
46284
46286
46288
46289
46290
46293
46294
46296
46297
46303
46305
46306
46307
46308
46309
46310
46311
46312
46313
46314
46315
46316
46317
46318
46321
46322
46323
46330
46331
46332
46334
46335
46337
46339
46340
46342
46344
46346
46347
46348
46349
46350
46352
46353
46354
46355
46357
46358
46359
46360
46361
46363
46364
46365
46366
46368
46369
46371
46372
46373
46379
46380
46381
46383
46385
46386
46387
46388
46389
46390
46391
46392
46394
46395
46396
46398
46399
46400
46401
46402
46403
46404
46405
46410
46412
46414
46418
46419
46420
46421
46422
46423
46424
46425
46426
46427
46428
46429
46430
46431
46432
46434
46435
46436
46437
46438
46440
46441
46443
46444
46445
46447
46448
46451
46452
46454
46455
46457
46458
46459
46460
46461
46462
46466
46468
46469
46472
46473
46475
46476
46478
46479
46480
46481
46482
46483
46487
46488
46491
46492
46495
46496
46498
46499
