255750
255751
255754
255755
255756
255757
255758
255759
255760
255761
255762
255763
255764
255765
255768
255769
255770
255771
255772
255773
255774
255775
255776
255777
255778
255779
255780
255781
255782
255783
255785
255786
255787
255789
255790
255791
255792
255794
255795
255797
255798
255799
255800
255801
255802
255804
255805
255806
255807
255808
255809
255810
255811
255812
255813
255814
255815
255818
255819
255820
255821
255822
255823
255825
255826
255827
255828
255829
255830
255831
255832
255833
255834
255835
255836
255838
255840
255842
255843
255844
255845
255847
255848
255849
255850
255851
255855
255857
255858
255859
255860
255861
255862
255863
255864
255866
255868
255869
255870
255871
255872
255873
255874
255875
255877
255878
255880
255881
255882
255884
255885
255886
255887
255888
255889
255891
255892
255894
255896
255897
255898
255899
255900
255901
255902
255903
255904
255905
255906
255907
255908
255909
255910
255911
255912
255913
255914
255915
255916
255917
255918
255919
255920
255921
255922
255923
255924
255925
255926
255927
255928
255929
255930
255931
255932
255933
255934
255935
255936
255937
255938
255939
255940
255941
255942
255943
255944
255945
255946
255947
255948
255949
255950
255951
255952
255953
255954
255955
255956
255957
255958
255959
255960
255961
255962
255963
255964
255965
255966
255967
255968
255969
255970
255971
255972
255973
255974
255975
255976
255977
255978
255979
255980
255981
255982
255983
255984
255985
255986
255987
255988
255989
255990
255991
255992
255993
255994
255996
255997
255998
255999
