397000
397002
397003
397004
397005
397007
397009
397012
397013
397014
397015
397016
397018
397020
397021
397023
397025
397028
397029
397030
397031
397032
397033
397034
397035
397036
397037
397038
397039
397040
397041
397042
397043
397044
397045
397046
397047
397048
397049
397050
397051
397052
397053
397054
397055
397056
397057
397058
397060
397061
397064
397066
397068
397069
397070
397071
397072
397074
397075
397078
397080
397082
397083
397084
397085
397086
397088
397089
397092
397094
397096
397097
397098
397099
397100
397102
397103
397106
397108
397110
397111
397112
397113
397114
397116
397117
397120
397122
397124
397125
397126
397127
397128
397130
397131
397134
397136
397138
397139
397140
397141
397142
397144
397145
397148
397150
397152
397153
397154
397155
397156
397157
397158
397159
397160
397161
397162
397163
397164
397165
397166
397167
397168
397169
397170
397171
397172
397173
397174
397175
397176
397179
397180
397183
397184
397185
397187
397190
397191
397192
397193
397194
397195
397196
397197
397198
397199
397200
397201
397202
397204
397205
397206
397207
397210
397211
397213
397215
397216
397219
397220
397221
397222
397223
397224
397225
397227
397228
397229
397230
397231
397232
397233
397234
397235
397236
397237
397238
397239
397240
397241
397242
397243
397244
397245
397246
397247
397248
397249
