1250
1251
1252
1253
1258
1259
1260
1262
1264
1265
1266
1267
1268
1269
1270
1271
1273
1274
1277
1278
1279
1280
1281
1282
1283
1285
1286
1287
1289
1290
1291
1292
1297
1298
1299
1300
1301
1302
1303
1304
1305
1306
1307
1308
1310
1311
1314
1315
1316
1317
1318
1320
1321
1322
1323
1324
1325
1327
1328
1329
1330
1331
1332
1333
1334
1336
1337
1338
1339
1340
1342
1343
1344
1345
1346
1347
1348
1349
1350
1352
1354
1355
1356
1358
1359
1360
1362
1363
1364
1366
1367
1368
1370
1371
1372
1374
1375
1376
1377
1378
1379
1380
1381
1382
1383
1384
1385
1386
1387
1388
1389
1393
1395
1396
1397
1398
1399
1401
1402
1403
1405
1406
1407
1408
1410
1411
1413
1416
1418
1419
1420
