408250
408251
408252
408253
408254
408255
408256
408257
408258
408259
408260
408261
408262
408263
408264
408265
408266
408267
408268
408269
408270
408271
408272
408273
408274
408275
408276
408277
408278
408279
408280
408281
408282
408283
408284
408286
408287
408288
408289
408291
408292
408293
408294
408296
408297
408298
408300
408301
408302
408304
408305
408306
408307
408308
408310
408311
408312
408313
408314
408315
408316
408317
408318
408319
408320
408322
408323
408324
408325
408326
408328
408329
408330
408331
408332
408333
408334
408335
408336
408337
408338
408339
408340
408341
408342
408343
408344
408346
408348
408351
408352
408353
408354
408355
408357
408361
408364
408365
408366
408367
408369
408370
408371
408372
408374
408375
408376
408377
408378
408379
408380
408381
408382
408383
408386
408387
408388
408389
408390
408391
408392
408394
408395
408397
408399
408400
408401
408402
408403
408404
408405
408407
408408
408410
408411
408412
408413
408414
408417
408418
408419
408420
408421
408422
408424
408425
408426
408427
408431
408432
408434
408435
408436
408437
408438
408439
408440
408441
408442
408443
408444
408445
408446
408447
408448
408449
408450
408451
408452
408453
408454
408456
408457
408458
408459
408462
408466
408467
408468
408471
408472
408473
408474
408476
408478
408479
408480
408481
408482
408483
408484
408485
408486
408487
408488
408489
408490
408491
408492
408493
408495
408496
408498
