186500
186501
186502
186504
186505
186506
186507
186509
186510
186511
186512
186514
186515
186519
186521
186523
186524
186525
186526
186527
186528
186529
186530
186531
186532
186533
186534
186535
186536
186537
186538
186539
186540
186541
186542
186543
186544
186545
186546
186549
186550
186551
186552
186553
186554
186555
186556
186559
186560
186561
186562
186563
186564
186565
186566
186569
186570
186571
186572
186573
186574
186575
186576
186577
186578
186579
186580
186583
186584
186588
186589
186591
186592
186594
186595
186596
186597
186598
186599
186601
186602
186603
186604
186605
186606
186607
186608
186609
186613
186615
186617
186618
186619
186621
186622
186623
186624
186625
186626
186627
186628
186629
186630
186631
186632
186633
186634
186635
186636
186637
186638
186639
186640
186641
186642
186643
186644
186645
186646
186647
186648
186649
186650
186651
186652
186653
186654
186655
186656
186657
186658
186659
186660
186661
186662
186663
186664
186665
186666
186667
186668
186670
186671
186672
186673
186674
186675
186676
186677
186678
186679
186680
186684
186686
186687
186688
186689
186690
186692
186693
186694
186696
186697
186698
186700
186701
186702
186703
186705
186706
186708
186710
186711
186712
186713
186714
186715
186716
186717
186718
186719
186720
186721
186722
186723
186724
186727
186728
186729
186730
186731
186732
186734
186735
186736
186738
186739
186740
186741
186742
186743
186744
186745
186746
186747
186748
