6752
6757
6758
6759
6762
6763
6764
6766
6769
6770
6771
6772
6773
6774
6775
6776
6777
6778
6779
6781
6782
6783
6784
6785
6786
6787
6788
6789
6790
6792
6793
6796
6797
6798
6799
6800
6802
6804
6805
6806
6811
6812
6813
6814
6815
6817
6820
6821
6822
6823
6825
6827
6828
6830
6833
6835
6836
6838
6839
6840
6841
6842
6844
6845
6846
6847
6848
6850
6851
6852
6853
6854
6855
6856
6857
6858
6859
6861
6862
6863
6864
6865
6866
6867
6868
6869
6870
6872
6873
6874
6875
6876
6877
6878
6879
6880
6881
6883
6884
6885
6886
6888
6889
6890
6892
6893
6894
6895
6896
6897
6898
6899
6900
6901
6902
6903
6904
6905
6917
6918
6920
6922
6923
6924
6925
6926
6927
6928
6929
6930
6933
6936
6937
6938
6939
6940
6943
6944
6945
6946
6947
6948
6949
6951
6952
6953
6954
6955
6956
6957
6958
6959
6961
6962
6963
6964
6968
6969
6970
6971
6973
6974
6976
6979
6980
6981
6983
6984
6986
6987
6989
6990
6992
6993
6997
