26501
26502
26503
26504
26505
26506
26507
26508
26509
26511
26512
26513
26514
26515
26516
26517
26519
26520
26521
26522
26524
26525
26526
26527
26528
26529
26530
26531
26532
26534
26536
26537
26538
26539
26540
26541
26542
26543
26544
26545
26546
26547
26548
26549
26550
26551
26552
26555
26556
26557
26558
26559
26560
26561
26562
26563
26564
26565
26566
26568
26570
26572
26573
26574
26576
26577
26579
26581
26583
26584
26585
26588
26589
26590
26591
26592
26593
26594
26598
26601
26603
26604
26605
26606
26607
26608
26610
26611
26612
26613
26614
26615
26616
26617
26618
26620
26621
26622
26623
26624
26625
26627
26628
26629
26630
26631
26632
26634
26635
26636
26637
26638
26639
26641
26642
26643
26644
26645
26646
26648
26651
26653
26656
26658
26659
26660
26661
26662
26663
26664
26665
26666
26670
26671
26672
26677
26678
26680
26681
26682
26684
26685
26686
26687
26688
26689
26690
26691
26692
26696
26697
26698
26703
26704
26705
26706
26708
26710
26711
26712
26713
26714
26715
26717
26718
26731
26732
26733
26734
26737
26738
26739
26740
26741
26742
26743
26744
26745
26746
26747
26748
