190000
190001
190002
190003
190004
190005
190006
190007
190008
190009
190010
190011
190012
190013
190014
190015
190016
190018
190019
190021
190022
190023
190024
190025
190026
190027
190028
190029
190030
190032
190034
190036
190037
190039
190040
190041
190043
190044
190045
190046
190047
190048
190049
190050
190051
190053
190054
190055
190056
190057
190058
190059
190060
190061
190062
190063
190064
190065
190066
190067
190069
190070
190071
190072
190074
190075
190076
190077
190078
190079
190080
190081
190082
190083
190084
190086
190087
190090
190091
190092
190093
190094
190095
190096
190098
190099
190100
190101
190102
190103
190104
190105
190106
190107
190108
190109
190110
190111
190112
190113
190115
190116
190117
190119
190120
190121
190123
190124
190125
190127
190128
190129
190130
190131
190132
190134
190135
190136
190137
190138
190139
190140
190141
190142
190143
190144
190145
190146
190147
190148
190149
190150
190151
190152
190156
190157
190158
190159
190160
190163
190167
190169
190170
190171
190172
190173
190174
190175
190176
190177
190178
190179
190180
190181
190182
190183
190186
190187
190188
190189
190190
190191
190195
190196
190197
190198
190202
190203
190204
190205
190206
190207
190208
190209
190210
190212
190213
190214
190215
190216
190217
190218
190220
190221
190222
190223
190224
190225
190226
190227
190228
190229
190231
190233
190234
190237
190238
190239
190240
190241
190242
190243
190245
190246
190247
190248
190249
