59000
59002
59004
59005
59006
59007
59009
59010
59011
59013
59014
59016
59017
59018
59019
59021
59022
59027
59029
59030
59031
59033
59034
59035
59037
59038
59040
59041
59042
59044
59045
59046
59050
59051
59052
59053
59054
59055
59057
59058
59060
59061
59062
59063
59064
59065
59066
59067
59068
59069
59070
59071
59072
59073
59074
59075
59077
59078
59079
59080
59081
59082
59084
59085
59086
59087
59088
59089
59090
59093
59095
59096
59097
59098
59099
59100
59101
59102
59103
59104
59105
59106
59107
59109
59110
59112
59113
59114
59115
59116
59117
59118
59119
59122
59123
59124
59126
59127
59128
59129
59131
59132
59133
59134
59135
59136
59137
59138
59139
59140
59141
59142
59143
59144
59146
59147
59148
59150
59151
59152
59153
59154
59155
59156
59157
59158
59159
59160
59161
59162
59163
59164
59165
59167
59171
59172
59174
59178
59179
59180
59181
59182
59183
59185
59186
59187
59188
59190
59191
59192
59193
59194
59196
59197
59198
59199
59200
59201
59202
59203
59205
59206
59207
59208
59209
59210
59211
59212
59213
59214
59215
59216
59217
59218
59219
59220
59221
59222
59223
59224
59225
59226
59227
59228
59229
59230
59231
59233
59234
59235
59237
59238
59239
59240
59241
59242
59243
59244
59245
59246
59247
59249
