289251
289253
289254
289255
289256
289257
289258
289259
289260
289262
289263
289264
289265
289267
289268
289269
289270
289271
289272
289273
289274
289275
289276
289277
289278
289279
289280
289282
289283
289284
289285
289286
289287
289288
289289
289291
289292
289293
289294
289295
289296
289297
289298
289300
289301
289302
289305
289306
289309
289310
289311
289312
289313
289315
289316
289318
289320
289321
289322
289324
289325
289326
289327
289328
289329
289330
289331
289332
289333
289334
289335
289338
289339
289340
289341
289342
289344
289345
289346
289347
289349
289350
289351
289352
289354
289355
289357
289358
289359
289360
289361
289362
289363
289364
289365
289366
289367
289368
289370
289371
289372
289374
289375
289376
289378
289379
289380
289381
289383
289385
289387
289388
289391
289392
289393
289394
289395
289396
289397
289398
289399
289400
289401
289402
289403
289404
289405
289406
289407
289408
289409
289410
289411
289412
289413
289414
289415
289416
289417
289418
289419
289420
289422
289423
289424
289425
289426
289428
289429
289430
289431
289432
289433
289434
289435
289436
289437
289438
289439
289440
289441
289442
289444
289445
289447
289448
289450
289451
289452
289453
289454
289455
289456
289457
289458
289459
289460
289461
289462
289463
289464
289465
289466
289468
289469
289470
289472
289473
289475
289477
289478
289479
289481
289482
289483
289484
289485
289486
289488
289489
289490
289491
289492
289493
289494
289495
289497
289498
289499
