365500
365501
365503
365505
365506
365507
365508
365509
365510
365511
365512
365513
365515
365517
365518
365519
365520
365521
365522
365523
365524
365525
365526
365527
365528
365529
365530
365531
365532
365533
365534
365535
365536
365537
365538
365539
365540
365541
365542
365543
365544
365545
365546
365547
365548
365549
365550
365551
365552
365553
365554
365555
365556
365557
365558
365559
365560
365561
365562
365563
365564
365565
365568
365569
365570
365571
365572
365573
365574
365575
365576
365577
365578
365579
365580
365581
365583
365584
365586
365587
365589
365592
365593
365594
365595
365596
365598
365599
365600
365602
365603
365604
365605
365606
365607
365608
365609
365610
365611
365612
365613
365614
365615
365616
365617
365618
365619
365620
365621
365622
365623
365624
365625
365627
365628
365629
365630
365631
365634
365635
365636
365637
365638
365641
365642
365643
365644
365645
365648
365649
365650
365651
365652
365655
365656
365658
365659
365660
365661
365662
365663
365664
365665
365666
365667
365668
365669
365670
365671
365672
365673
365674
365675
365676
365677
365678
365679
365680
365681
365682
365683
365684
365685
365686
365687
365688
365689
365692
365693
365694
365695
365696
365697
365698
365699
365700
365701
365703
365704
365706
365707
365708
365709
365711
365712
365714
365715
365717
365718
365720
365721
365722
365723
365724
365725
365726
365727
365728
365729
365730
365731
365733
365734
365735
365736
365737
365738
365740
365741
365742
365743
365744
365745
365746
365747
