75751
75752
75753
75755
75757
75758
75759
75760
75761
75762
75763
75764
75765
75766
75767
75769
75770
75771
75773
75774
75775
75776
75778
75779
75781
75782
75783
75784
75786
75787
75788
75790
75791
75792
75793
75794
75796
75797
75798
75800
75801
75802
75803
75804
75806
75807
75808
75810
75811
75812
75813
75814
75815
75816
75817
75818
75819
75820
75821
75822
75823
75824
75825
75826
75827
75828
75829
75830
75831
75832
75834
75836
75839
75840
75841
75844
75847
75848
75849
75850
75853
75856
75859
75860
75861
75862
75863
75864
75867
75869
75870
75871
75872
75873
75874
75876
75877
75878
75879
75880
75881
75882
75883
75884
75885
75886
75887
75888
75889
75891
75892
75894
75895
75896
75897
75898
75901
75902
75904
75905
75907
75908
75909
75910
75911
75912
75913
75914
75915
75916
75919
75920
75921
75923
75924
75925
75926
75927
75928
75929
75932
75933
75934
75935
75936
75938
75941
75942
75943
75944
75945
75946
75947
75948
75949
75950
75951
75952
75953
75954
75955
75956
75957
75958
75959
75961
75962
75963
75964
75965
75972
75973
75974
75975
75976
75977
75978
75979
75980
75981
75982
75983
75984
75985
75986
75987
75988
75989
75990
75991
75992
75993
75994
75996
75997
75998
