353750
353751
353752
353753
353755
353757
353758
353759
353760
353761
353762
353764
353766
353767
353768
353769
353770
353771
353772
353773
353776
353777
353778
353779
353781
353782
353783
353784
353786
353787
353788
353789
353791
353792
353793
353794
353796
353797
353798
353799
353801
353802
353803
353804
353805
353806
353807
353808
353809
353810
353811
353812
353813
353814
353815
353816
353817
353818
353819
353820
353821
353822
353823
353824
353825
353826
353827
353828
353829
353830
353831
353832
353833
353834
353835
353836
353837
353839
353840
353841
353842
353843
353845
353846
353847
353848
353849
353851
353852
353853
353854
353856
353857
353858
353859
353860
353861
353862
353863
353864
353865
353866
353867
353868
353870
353871
353872
353873
353874
353875
353876
353877
353878
353879
353880
353881
353882
353883
353884
353885
353886
353887
353888
353889
353890
353891
353892
353893
353895
353896
353898
353899
353900
353905
353906
353908
353909
353910
353911
353919
353920
353921
353922
353923
353927
353928
353932
353933
353934
353935
353936
353937
353938
353940
353941
353942
353943
353944
353946
353947
353948
353949
353951
353952
353953
353954
353956
353957
353958
353959
353961
353962
353963
353964
353966
353967
353968
353969
353971
353972
353973
353974
353975
353976
353977
353978
353979
353980
353981
353982
353984
353985
353986
353987
353988
353990
353993
353994
353995
353997
353998
353999
