269250
269251
269252
269253
269254
269255
269256
269257
269258
269259
269260
269261
269262
269265
269266
269267
269268
269269
269270
269271
269274
269275
269276
269277
269278
269280
269281
269282
269283
269284
269285
269286
269287
269288
269289
269290
269291
269292
269293
269294
269295
269296
269297
269298
269299
269300
269301
269302
269304
269305
269307
269309
269310
269311
269313
269314
269315
269316
269317
269318
269319
269320
269321
269322
269323
269325
269326
269327
269328
269329
269330
269331
269333
269334
269335
269336
269338
269339
269340
269341
269342
269343
269344
269345
269346
269347
269348
269349
269351
269353
269354
269355
269356
269357
269360
269361
269363
269364
269365
269366
269367
269368
269369
269370
269371
269372
269374
269375
269376
269377
269378
269379
269380
269381
269382
269383
269384
269385
269386
269387
269388
269389
269390
269391
269392
269393
269395
269396
269397
269399
269400
269401
269403
269404
269405
269406
269407
269408
269409
269410
269411
269412
269413
269414
269415
269416
269417
269418
269419
269420
269421
269422
269424
269425
269426
269428
269429
269430
269431
269432
269433
269434
269435
269436
269437
269438
269440
269441
269442
269443
269444
269445
269446
269449
269450
269451
269452
269453
269454
269455
269456
269459
269460
269461
269462
269463
269464
269466
269467
269469
269470
269471
269472
269473
269474
269476
269477
269478
269479
269480
269482
269483
269484
269485
269486
269487
269488
269489
269490
269491
269492
269493
269495
269496
269497
269498
269499
