166750
166751
166752
166753
166754
166755
166757
166758
166759
166760
166762
166763
166764
166765
166767
166768
166769
166770
166771
166772
166773
166774
166775
166776
166777
166778
166779
166780
166785
166786
166787
166789
166790
166791
166793
166794
166795
166797
166798
166799
166801
166802
166803
166805
166806
166807
166809
166810
166812
166814
166815
166816
166817
166818
166819
166820
166821
166823
166824
166825
166827
166828
166829
166831
166832
166833
166834
166835
166836
166838
166839
166840
166841
166842
166844
166845
166846
166848
166849
166850
166851
166852
166853
166854
166855
166856
166857
166858
166859
166860
166861
166862
166863
166866
166867
166868
166869
166870
166871
166872
166873
166874
166875
166876
166877
166878
166879
166880
166881
166882
166883
166884
166885
166886
166887
166888
166889
166890
166891
166892
166893
166894
166895
166896
166897
166898
166899
166900
166901
166902
166904
166906
166907
166908
166909
166910
166911
166912
166915
166916
166917
166918
166919
166920
166921
166922
166924
166925
166926
166927
166930
166931
166932
166933
166934
166935
166936
166937
166938
166939
166940
166941
166943
166944
166945
166946
166947
166949
166950
166951
166952
166953
166954
166955
166956
166958
166959
166960
166961
166962
166963
166964
166965
166966
166967
166968
166969
166970
166971
166972
166973
166974
166975
166976
166977
166980
166981
166983
166984
166985
166986
166987
166988
166990
166991
166992
166993
166995
166996
166998
166999
