122251
122252
122253
122254
122255
122257
122258
122259
122260
122261
122264
122265
122266
122267
122268
122270
122271
122272
122273
122274
122276
122277
122278
122279
122280
122281
122283
122284
122285
122286
122287
122288
122289
122290
122291
122292
122293
122295
122296
122297
122298
122299
122300
122305
122306
122307
122308
122309
122310
122311
122312
122313
122314
122315
122316
122317
122318
122320
122321
122323
122324
122325
122326
122327
122328
122329
122332
122333
122336
122337
122342
122346
122347
122348
122349
122350
122351
122352
122353
122354
122355
122356
122357
122358
122359
122360
122361
122362
122363
122364
122365
122366
122367
122369
122370
122371
122372
122373
122374
122375
122376
122377
122378
122379
122380
122381
122382
122383
122386
122387
122388
122389
122390
122391
122392
122393
122394
122395
122396
122397
122398
122399
122400
122401
122402
122403
122404
122405
122406
122407
122408
122409
122410
122411
122412
122413
122414
122415
122416
122417
122418
122419
122423
122424
122425
122426
122427
122429
122430
122431
122432
122433
122434
122435
122436
122440
122443
122444
122447
122448
122449
122450
122451
122452
122453
122455
122458
122459
122460
122461
122462
122464
122465
122466
122467
122468
122469
122470
122471
122473
122474
122475
122476
122477
122478
122479
122480
122481
122483
122484
122485
122486
122487
122488
122489
122491
122492
122493
122494
122495
122496
122498
122499
