79000
79001
79002
79003
79004
79006
79008
79011
79012
79013
79014
79015
79016
79017
79022
79023
79024
79025
79026
79027
79028
79029
79030
79031
79032
79033
79034
79035
79036
79037
79038
79041
79043
79044
79045
79046
79048
79049
79050
79051
79053
79054
79055
79056
79057
79058
79059
79060
79061
79063
79064
79069
79070
79071
79072
79073
79078
79079
79081
79082
79083
79084
79085
79088
79089
79091
79092
79093
79094
79095
79096
79097
79098
79099
79100
79102
79108
79109
79110
79111
79112
79113
79114
79115
79116
79118
79120
79122
79125
79126
79127
79128
79129
79132
79133
79134
79135
79136
79137
79138
79139
79140
79141
79142
79143
79144
79145
79146
79147
79148
79149
79150
79151
79152
79153
79155
79156
79157
79158
79160
79161
79162
79164
79166
79167
79168
79169
79170
79171
79172
79173
79174
79178
79179
79180
79181
79182
79184
79186
79187
79188
79190
79192
79193
79195
79197
79198
79199
79200
79202
79204
79205
79206
79207
79208
79210
79214
79215
79216
79217
79218
79222
79224
79225
79227
79228
79229
79232
79233
79234
79235
79236
79237
79238
79239
79240
79241
79242
79243
79244
79245
79247
79248
79249
