147253
147254
147255
147256
147257
147258
147259
147260
147263
147265
147268
147269
147270
147271
147272
147273
147274
147275
147276
147277
147278
147279
147281
147282
147283
147284
147285
147286
147287
147290
147291
147293
147294
147295
147297
147298
147299
147300
147301
147302
147304
147306
147308
147309
147310
147311
147312
147314
147316
147317
147319
147320
147322
147323
147324
147325
147326
147328
147329
147330
147331
147332
147333
147337
147338
147340
147341
147343
147344
147345
147346
147347
147348
147349
147350
147351
147353
147355
147356
147357
147358
147359
147360
147361
147362
147363
147364
147365
147367
147368
147369
147370
147371
147372
147374
147376
147378
147379
147380
147382
147383
147384
147385
147387
147389
147392
147393
147394
147395
147396
147397
147398
147399
147400
147403
147405
147406
147407
147408
147409
147410
147412
147413
147414
147415
147418
147419
147420
147421
147422
147423
147424
147425
147426
147427
147428
147429
147430
147431
147432
147435
147436
147437
147438
147440
147442
147444
147445
147446
147447
147448
147449
147450
147451
147452
147453
147455
147456
147457
147458
147460
147462
147463
147464
147465
147466
147467
147468
147471
147472
147473
147474
147475
147477
147478
147479
147480
147481
147482
147483
147484
147485
147486
147488
147489
147490
147491
147492
147493
147494
147495
147496
147497
147498
