355750
355751
355752
355753
355754
355755
355756
355757
355758
355759
355761
355764
355768
355769
355770
355771
355774
355775
355776
355777
355778
355779
355780
355781
355782
355783
355784
355785
355786
355787
355789
355790
355791
355792
355793
355795
355796
355797
355798
355799
355800
355801
355802
355803
355804
355805
355806
355807
355808
355809
355810
355811
355813
355814
355815
355816
355817
355818
355819
355820
355821
355822
355824
355825
355826
355829
355830
355831
355832
355834
355835
355836
355837
355838
355839
355840
355841
355842
355843
355844
355845
355846
355847
355848
355849
355850
355851
355852
355853
355854
355856
355857
355858
355859
355860
355861
355864
355865
355866
355867
355868
355869
355870
355871
355872
355874
355875
355876
355877
355878
355879
355880
355884
355885
355886
355887
355888
355889
355890
355891
355892
355893
355894
355895
355896
355897
355899
355900
355901
355904
355905
355908
355909
355910
355913
355917
355918
355919
355920
355921
355927
355928
355930
355931
355932
355934
355936
355937
355938
355939
355942
355943
355946
355947
355950
355951
355953
355954
355955
355957
355959
355960
355961
355962
355965
355966
355968
355969
355970
355972
355974
355975
355976
355977
355980
355981
355982
355984
355987
355990
355991
355997
355998
