331500
331501
331502
331503
331505
331506
331507
331508
331510
331511
331512
331513
331515
331516
331517
331518
331520
331521
331522
331523
331525
331526
331527
331528
331530
331531
331532
331533
331534
331535
331537
331538
331539
331540
331541
331542
331543
331544
331546
331547
331549
331550
331551
331552
331553
331554
331555
331556
331558
331559
331560
331561
331562
331564
331565
331566
331567
331569
331570
331571
331572
331574
331575
331576
331577
331579
331580
331582
331583
331584
331585
331586
331587
331589
331590
331592
331593
331594
331595
331596
331597
331598
331599
331600
331601
331602
331603
331604
331605
331606
331608
331609
331610
331611
331612
331615
331616
331617
331618
331620
331621
331622
331623
331625
331626
331627
331629
331631
331632
331633
331634
331635
331637
331639
331640
331641
331642
331643
331644
331645
331646
331648
331649
331650
331651
331652
331653
331654
331655
331656
331658
331659
331660
331661
331662
331664
331666
331667
331668
331669
331670
331671
331672
331673
331674
331675
331676
331677
331678
331679
331680
331681
331682
331683
331684
331685
331686
331687
331688
331689
331690
331691
331692
331693
331694
331695
331696
331697
331698
331699
331700
331701
331702
331703
331705
331706
331707
331708
331710
331711
331712
331713
331715
331716
331717
331718
331719
331720
331721
331722
331724
331725
331726
331727
331731
331733
331734
331736
331737
331738
331739
331740
331741
331743
331745
331746
331747
331748
331749
