62750
62751
62753
62756
62757
62758
62759
62760
62763
62766
62767
62770
62773
62774
62777
62780
62781
62784
62787
62788
62791
62792
62793
62794
62795
62796
62798
62799
62800
62801
62802
62803
62804
62805
62807
62808
62809
62810
62811
62813
62814
62815
62816
62817
62818
62819
62820
62821
62822
62823
62824
62825
62826
62827
62829
62830
62831
62832
62833
62834
62836
62837
62838
62839
62840
62841
62843
62844
62845
62846
62847
62848
62850
62851
62852
62853
62854
62855
62857
62858
62859
62860
62861
62862
62864
62865
62866
62867
62868
62869
62871
62872
62873
62874
62875
62876
62878
62879
62880
62881
62882
62883
62885
62886
62887
62888
62889
62890
62892
62893
62894
62895
62896
62898
62899
62900
62901
62902
62904
62905
62906
62907
62908
62910
62911
62912
62913
62914
62916
62917
62918
62919
62920
62922
62923
62924
62925
62926
62928
62930
62931
62932
62933
62934
62935
62936
62937
62938
62940
62941
62942
62943
62944
62945
62946
62947
62948
62949
62950
62951
62953
62954
62956
62957
62958
62961
62962
62963
62964
62965
62966
62967
62970
62972
62973
62974
62975
62976
62977
62978
62979
62980
62981
62982
62983
62984
62987
62988
62989
62990
62992
62994
62995
62997
62998
62999
