75501
75502
75504
75505
75506
75507
75508
75509
75510
75511
75512
75513
75514
75515
75517
75518
75521
75522
75524
75525
75526
75528
75529
75530
75531
75532
75533
75534
75535
75536
75537
75538
75539
75542
75543
75544
75545
75546
75547
75548
75549
75550
75551
75552
75553
75554
75555
75557
75558
75559
75560
75561
75562
75563
75564
75565
75567
75570
75573
75574
75575
75577
75578
75579
75583
75584
75588
75589
75593
75594
75598
75599
75600
75602
75603
75605
75606
75607
75609
75610
75611
75612
75613
75614
75615
75616
75617
75618
75619
75620
75621
75622
75623
75624
75625
75630
75633
75636
75637
75640
75641
75642
75643
75644
75645
75646
75647
75648
75654
75655
75656
75657
75658
75659
75661
75662
75663
75664
75665
75666
75667
75668
75669
75670
75671
75672
75673
75674
75675
75676
75677
75679
75681
75682
75683
75685
75686
75687
75689
75690
75691
75692
75693
75695
75696
75697
75698
75699
75701
75702
75703
75704
75705
75707
75708
75709
75710
75711
75714
75716
75717
75718
75719
75720
75721
75722
75723
75724
75727
75728
75729
75730
75731
75732
75733
75734
75735
75736
75737
75738
75739
75741
75742
75743
75745
75746
75747
75748
75749
