238750
238751
238752
238754
238756
238757
238758
238759
238760
238761
238762
238763
238765
238766
238767
238768
238769
238770
238771
238772
238773
238774
238775
238776
238777
238778
238779
238780
238781
238783
238784
238785
238787
238788
238790
238791
238792
238793
238794
238795
238796
238797
238798
238799
238800
238801
238802
238803
238804
238805
238806
238807
238808
238809
238810
238811
238812
238813
238814
238815
238816
238817
238818
238820
238821
238822
238823
238824
238825
238826
238827
238828
238829
238830
238831
238832
238833
238835
238836
238837
238838
238839
238840
238841
238842
238843
238844
238847
238849
238850
238851
238852
238853
238854
238855
238856
238857
238858
238859
238860
238861
238864
238865
238866
238867
238868
238869
238870
238871
238872
238873
238874
238875
238876
238877
238878
238879
238880
238882
238883
238884
238885
238886
238887
238888
238889
238891
238892
238893
238894
238895
238896
238899
238902
238903
238904
238905
238906
238907
238909
238910
238911
238912
238913
238914
238915
238916
238917
238918
238919
238920
238921
238922
238923
238924
238925
238934
238935
238936
238937
238938
238939
238940
238941
238942
238943
238944
238945
238946
238947
238948
238951
238952
238953
238955
238956
238957
238958
238959
238961
238962
238963
238964
238965
238966
238967
238968
238969
238970
238971
238972
238973
238974
238975
238976
238977
238978
238980
238982
238985
238986
238987
238988
238989
238990
238991
238992
238993
238994
238995
238996
238997
238999
