76750
76751
76752
76753
76754
76755
76756
76758
76760
76761
76763
76764
76765
76766
76767
76768
76769
76770
76772
76773
76774
76775
76776
76777
76778
76779
76781
76782
76783
76784
76785
76786
76788
76792
76796
76800
76804
76808
76809
76810
76812
76813
76814
76815
76816
76817
76818
76819
76820
76821
76822
76824
76825
76826
76827
76828
76829
76831
76832
76833
76834
76835
76836
76837
76838
76839
76840
76841
76842
76843
76848
76849
76850
76851
76852
76854
76856
76859
76860
76861
76862
76863
76866
76868
76869
76870
76871
76872
76873
76874
76875
76876
76877
76878
76879
76880
76881
76883
76884
76886
76887
76888
76889
76890
76893
76894
76895
76896
76897
76898
76899
76901
76902
76903
76904
76905
76906
76907
76909
76911
76912
76913
76914
76917
76921
76923
76924
76925
76927
76928
76929
76930
76933
76934
76935
76939
76940
76941
76944
76945
76946
76947
76948
76949
76950
76951
76952
76955
76956
76957
76959
76960
76961
76962
76963
76965
76966
76967
76968
76969
76970
76972
76975
76976
76977
76978
76979
76980
76983
76984
76985
76986
76989
76990
76991
76992
76993
76994
76995
76999
