354750
354751
354752
354753
354754
354756
354757
354758
354759
354760
354761
354762
354763
354764
354765
354767
354768
354769
354770
354771
354774
354775
354776
354777
354778
354779
354780
354781
354782
354784
354785
354786
354788
354789
354790
354791
354792
354793
354794
354795
354796
354797
354798
354799
354800
354801
354802
354803
354804
354805
354807
354808
354809
354810
354811
354812
354814
354815
354816
354817
354818
354819
354820
354821
354822
354824
354825
354826
354827
354829
354830
354831
354832
354834
354835
354836
354837
354838
354839
354840
354841
354842
354843
354844
354845
354846
354847
354848
354849
354850
354851
354852
354853
354854
354855
354856
354857
354858
354859
354860
354862
354863
354864
354865
354866
354867
354869
354873
354876
354877
354878
354879
354880
354881
354882
354883
354884
354885
354886
354887
354890
354891
354892
354893
354894
354895
354896
354897
354898
354900
354901
354902
354905
354906
354907
354908
354909
354911
354912
354913
354916
354917
354918
354920
354921
354922
354923
354924
354925
354926
354927
354928
354929
354931
354932
354933
354934
354935
354936
354937
354939
354941
354944
354946
354947
354948
354949
354950
354951
354954
354955
354956
354958
354959
354960
354961
354962
354963
354964
354965
354966
354967
354968
354970
354971
354973
354974
354975
354977
354978
354979
354980
354981
354982
354983
354984
354985
354986
354987
354988
354989
354990
354991
354992
354993
354994
354995
354996
354997
354998
354999
