106750
106751
106752
106753
106755
106756
106757
106758
106759
106762
106763
106764
106765
106767
106768
106769
106771
106772
106773
106774
106775
106776
106777
106778
106779
106780
106781
106782
106783
106784
106785
106786
106787
106788
106789
106790
106791
106792
106794
106795
106796
106797
106799
106801
106802
106803
106804
106806
106807
106808
106810
106811
106813
106814
106815
106818
106820
106821
106823
106824
106825
106826
106827
106829
106830
106831
106832
106833
106834
106835
106836
106837
106838
106839
106840
106841
106842
106843
106844
106847
106848
106849
106851
106852
106853
106855
106856
106857
106858
106859
106860
106861
106862
106864
106865
106866
106867
106868
106870
106871
106872
106873
106874
106876
106877
106878
106879
106881
106883
106884
106885
106886
106888
106889
106890
106891
106892
106893
106894
106897
106898
106899
106900
106901
106902
106903
106904
106905
106906
106907
106908
106909
106910
106911
106912
106914
106915
106916
106917
106918
106919
106922
106923
106924
106925
106926
106927
106928
106929
106932
106935
106937
106938
106939
106941
106942
106944
106945
106946
106947
106948
106949
106950
106951
106952
106953
106954
106955
106956
106957
106958
106959
106960
106961
106962
106963
106964
106965
106966
106967
106968
106969
106970
106971
106972
106973
106974
106975
106976
106977
106978
106979
106980
106981
106982
106983
106984
106985
106986
106988
106989
106990
106991
106993
106995
106996
106997
106998
