65500
65502
65503
65504
65506
65507
65508
65509
65510
65511
65512
65513
65515
65516
65517
65518
65519
65520
65521
65522
65527
65531
65535
65539
65543
65544
65545
65546
65547
65548
65549
65550
65551
65552
65553
65556
65557
65558
65559
65560
65561
65562
65563
65565
65566
65567
65568
65569
65570
65571
65572
65573
65574
65575
65576
65577
65578
65579
65580
65581
65585
65586
65587
65588
65589
65590
65591
65592
65593
65594
65595
65596
65597
65598
65599
65600
65601
65602
65603
65604
65605
65606
65607
65608
65609
65610
65611
65612
65613
65614
65615
65616
65617
65619
65621
65622
65623
65624
65625
65626
65627
65629
65630
65631
65632
65633
65634
65635
65637
65638
65639
65640
65641
65642
65644
65646
65647
65648
65649
65650
65651
65652
65653
65654
65656
65658
65659
65660
65661
65662
65663
65664
65665
65666
65668
65670
65671
65672
65673
65674
65675
65676
65677
65678
65679
65680
65682
65683
65684
65685
65686
65688
65691
65692
65693
65694
65695
65696
65697
65698
65699
65700
65701
65702
65703
65704
65705
65706
65708
65710
65711
65712
65713
65714
65715
65716
65717
65718
65719
65720
65721
65722
65724
65725
65727
65729
65730
65733
65734
65739
65740
65741
65742
65743
65744
65746
65747
65749
