432750
432751
432752
432753
432754
432755
432756
432757
432758
432759
432760
432761
432762
432763
432764
432765
432766
432767
432768
432769
432770
432771
432772
432773
432774
432775
432776
432777
432778
432779
432780
432782
432783
432784
432785
432786
432787
432788
432789
432790
432791
432793
432795
432797
432798
432800
432802
432804
432805
432806
432808
432810
432811
432812
432813
432814
432816
432817
432818
432819
432821
432822
432823
432824
432825
432827
432828
432830
432831
432832
432833
432834
432836
432838
432839
432840
432841
432842
432843
432844
432845
432846
432847
432848
432849
432850
432851
432852
432853
432854
432855
432856
432857
432858
432859
432860
432861
432862
432863
432864
432865
432866
432867
432868
432869
432870
432871
432872
432873
432874
432875
432876
432877
432878
432879
432880
432881
432885
432886
432887
432888
432889
432890
432892
432893
432894
432895
432896
432897
432898
432899
432900
432901
432902
432903
432904
432905
432906
432907
432908
432909
432910
432911
432912
432913
432914
432915
432916
432917
432918
432919
432920
432921
432922
432923
432924
432925
432926
432927
432928
432929
432930
432931
432932
432933
432934
432935
432936
432937
432938
432939
432940
432941
432942
432943
432944
432945
432946
432947
432948
432949
432950
432951
432952
432953
432954
432955
432956
432957
432958
432959
432960
432961
432962
432963
432964
432965
432966
432967
432968
432969
432970
432971
432972
432973
432974
432976
432979
432981
432984
432986
432987
432988
432989
432990
432991
432992
432993
432994
432995
432996
432997
432998
432999
