350001
350002
350004
350006
350007
350008
350009
350010
350011
350012
350013
350014
350015
350017
350019
350021
350022
350024
350026
350027
350028
350029
350030
350034
350035
350036
350038
350039
350040
350041
350042
350043
350044
350045
350046
350047
350048
350053
350054
350055
350057
350058
350059
350060
350061
350062
350063
350064
350065
350066
350067
350068
350069
350070
350071
350072
350074
350075
350076
350077
350078
350080
350081
350082
350083
350084
350085
350086
350087
350088
350089
350090
350091
350092
350093
350094
350095
350096
350097
350098
350099
350100
350101
350102
350103
350104
350105
350106
350107
350108
350109
350110
350111
350112
350113
350114
350115
350116
350118
350119
350120
350121
350122
350123
350125
350126
350127
350128
350130
350131
350132
350133
350134
350135
350136
350138
350140
350141
350142
350143
350144
350145
350147
350148
350149
350151
350152
350153
350154
350155
350156
350157
350158
350159
350160
350161
350162
350163
350164
350165
350166
350168
350169
350172
350174
350179
350180
350181
350182
350184
350185
350187
350188
350189
350190
350191
350192
350193
350194
350195
350196
350197
350198
350199
350200
350201
350203
350205
350206
350207
350208
350209
350224
350225
350227
350228
350231
350234
350235
350236
350238
350239
350240
350241
350244
350245
350248
