9250
9261
9264
9265
9267
9268
9270
9271
9272
9273
9276
9277
9278
9279
9280
9281
9282
9283
9284
9285
9287
9288
9289
9290
9294
9296
9297
9298
9299
9300
9304
9306
9307
9308
9309
9311
9312
9313
9314
9315
9316
9317
9318
9319
9321
9322
9323
9324
9326
9330
9331
9333
9334
9335
9336
9337
9338
9339
9340
9341
9342
9344
9345
9346
9347
9349
9350
9351
9352
9354
9356
9357
9360
9362
9364
9365
9367
9368
9370
9371
9374
9375
9376
9378
9379
9380
9384
9385
9386
9387
9388
9389
9390
9391
9392
9393
9394
9395
9397
9398
9400
9401
9402
9403
9404
9407
9408
9411
9412
9413
9414
9415
9416
9418
9420
9421
9422
9423
9424
9425
9426
9427
9428
9429
9430
9431
9432
9434
9435
9440
9444
9447
9448
9450
9451
9452
9453
9454
9455
9456
9458
9459
9460
9461
9463
9464
9465
9466
9470
9471
9472
9473
9474
9475
9476
9477
9478
9480
9483
9486
9487
9488
9489
9492
9493
9494
9496
9497
9498
