262250
262254
262255
262256
262257
262258
262259
262260
262261
262262
262265
262266
262267
262268
262269
262270
262271
262272
262273
262274
262278
262279
262283
262284
262288
262289
262290
262292
262294
262295
262296
262297
262298
262302
262303
262304
262306
262308
262309
262310
262311
262314
262315
262316
262317
262318
262319
262320
262321
262322
262323
262324
262325
262326
262327
262329
262330
262331
262332
262333
262334
262335
262336
262337
262339
262340
262341
262342
262343
262344
262346
262347
262348
262349
262350
262351
262352
262353
262354
262355
262356
262357
262359
262360
262362
262363
262365
262366
262368
262369
262370
262371
262372
262373
262374
262375
262377
262378
262379
262380
262382
262384
262385
262386
262387
262388
262390
262392
262393
262394
262395
262396
262398
262400
262402
262403
262404
262405
262407
262409
262412
262413
262414
262415
262416
262418
262419
262420
262421
262423
262424
262425
262426
262427
262428
262429
262431
262432
262433
262436
262437
262438
262439
262440
262441
262442
262443
262446
262447
262448
262449
262450
262451
262452
262453
262454
262455
262457
262458
262460
262461
262464
262465
262466
262467
262468
262469
262470
262471
262472
262473
262474
262475
262476
262477
262478
262479
262480
262481
262482
262483
262484
262485
262486
262487
262488
262489
262490
262491
262492
262493
262494
262495
262496
262497
262498
262499
