205000
205001
205002
205003
205004
205005
205006
205007
205008
205009
205010
205011
205012
205013
205014
205016
205017
205018
205019
205020
205021
205022
205023
205024
205025
205026
205027
205028
205029
205030
205031
205032
205033
205034
205035
205036
205037
205038
205039
205040
205041
205042
205043
205044
205045
205046
205047
205048
205049
205050
205051
205052
205053
205054
205055
205056
205057
205058
205059
205060
205061
205062
205063
205064
205065
205066
205067
205068
205069
205070
205071
205072
205073
205074
205075
205076
205078
205080
205082
205083
205084
205085
205086
205087
205088
205089
205090
205091
205093
205095
205096
205099
205101
205102
205105
205107
205108
205111
205113
205114
205119
205121
205122
205123
205125
205126
205127
205128
205129
205130
205131
205132
205133
205134
205135
205136
205137
205138
205139
205140
205141
205142
205143
205144
205145
205147
205148
205149
205150
205151
205152
205153
205154
205155
205156
205157
205158
205159
205160
205161
205162
205163
205164
205165
205166
205167
205169
205170
205171
205172
205173
205174
205175
205176
205177
205178
205179
205180
205181
205183
205184
205185
205186
205187
205188
205189
205190
205191
205192
205193
205194
205195
205197
205198
205199
205200
205201
205202
205203
205204
205205
205206
205207
205208
205209
205211
205212
205213
205214
205215
205216
205217
205218
205219
205220
205221
205222
205223
205225
205226
205227
205228
205229
205230
205231
205232
205233
205234
205235
205236
205237
205239
205240
205241
205242
205243
205244
205245
205246
205247
205248
205249
