253251
253252
253254
253255
253256
253257
253258
253260
253261
253263
253264
253265
253266
253267
253268
253269
253270
253271
253272
253273
253275
253277
253278
253279
253280
253281
253282
253283
253284
253285
253286
253288
253289
253290
253291
253292
253293
253294
253295
253296
253297
253298
253299
253300
253301
253302
253306
253307
253308
253309
253310
253311
253312
253313
253314
253315
253316
253317
253318
253319
253320
253321
253322
253323
253324
253327
253329
253330
253331
253332
253333
253334
253335
253336
253337
253338
253339
253340
253342
253343
253344
253345
253346
253348
253349
253351
253353
253354
253355
253356
253357
253358
253359
253360
253361
253362
253363
253364
253365
253366
253367
253368
253369
253370
253371
253372
253373
253374
253375
253376
253377
253378
253379
253380
253381
253382
253384
253385
253387
253388
253389
253390
253391
253392
253393
253394
253395
253397
253398
253399
253400
253401
253402
253403
253404
253405
253406
253407
253408
253409
253410
253411
253412
253413
253414
253415
253416
253418
253419
253420
253421
253424
253425
253426
253427
253429
253430
253431
253432
253435
253436
253437
253438
253439
253440
253441
253442
253443
253444
253445
253446
253448
253449
253451
253452
253453
253454
253455
253457
253458
253459
253460
253461
253465
253466
253467
253469
253470
253471
253472
253473
253475
253476
253477
253478
253479
253480
253481
253482
253483
253484
253485
253486
253487
253488
253489
253490
253491
253492
253494
253496
253499
