413500
413502
413503
413504
413506
413507
413508
413510
413511
413512
413513
413514
413515
413517
413518
413519
413520
413521
413522
413523
413524
413525
413526
413528
413530
413531
413532
413533
413534
413535
413536
413537
413538
413539
413541
413543
413544
413545
413546
413547
413548
413549
413550
413551
413552
413554
413556
413557
413558
413559
413560
413561
413562
413563
413564
413565
413567
413569
413570
413571
413572
413573
413574
413575
413576
413577
413578
413579
413580
413581
413582
413583
413584
413585
413586
413587
413588
413589
413590
413594
413595
413596
413597
413598
413599
413600
413601
413602
413603
413604
413607
413608
413609
413612
413613
413614
413616
413617
413618
413620
413621
413622
413623
413624
413626
413627
413628
413629
413630
413631
413632
413634
413635
413636
413638
413639
413640
413644
413645
413646
413647
413648
413649
413650
413652
413653
413654
413655
413656
413657
413658
413660
413661
413662
413663
413664
413665
413666
413667
413668
413669
413670
413671
413672
413673
413674
413675
413676
413677
413678
413679
413680
413681
413682
413683
413684
413685
413686
413687
413688
413689
413690
413691
413692
413693
413694
413695
413696
413697
413698
413702
413703
413707
413708
413709
413711
413712
413714
413715
413716
413717
413718
413719
413720
413721
413722
413723
413724
413725
413726
413727
413728
413729
413730
413731
413732
413733
413734
413735
413737
413738
413741
413742
413744
413745
413748
413749
