391750
391751
391752
391753
391754
391755
391758
391760
391762
391763
391764
391765
391766
391767
391768
391769
391770
391771
391772
391773
391774
391775
391776
391777
391778
391779
391780
391781
391782
391783
391784
391786
391787
391788
391789
391791
391792
391793
391794
391795
391796
391797
391798
391799
391800
391801
391802
391803
391804
391805
391806
391807
391808
391809
391811
391812
391813
391814
391815
391816
391817
391818
391820
391821
391822
391823
391824
391825
391826
391827
391829
391830
391831
391832
391833
391834
391835
391836
391838
391839
391840
391841
391842
391843
391844
391845
391847
391848
391849
391850
391851
391852
391853
391854
391856
391857
391858
391859
391860
391861
391862
391863
391865
391866
391867
391868
391869
391870
391871
391872
391874
391875
391876
391877
391878
391879
391880
391881
391883
391884
391885
391886
391887
391888
391889
391890
391891
391893
391894
391895
391896
391897
391898
391899
391900
391902
391903
391904
391905
391906
391907
391908
391909
391911
391912
391913
391914
391915
391916
391917
391918
391920
391921
391922
391923
391924
391925
391926
391927
391929
391930
391931
391932
391933
391934
391935
391936
391937
391938
391939
391941
391942
391943
391945
391946
391948
391951
391953
391954
391955
391956
391959
391960
391962
391963
391964
391965
391966
391967
391968
391969
391970
391972
391973
391974
391976
391978
391980
391981
391982
391983
391984
391985
391986
391987
391988
391989
391991
391992
391993
391994
391995
391996
391998
391999
