448750
448751
448752
448753
448754
448755
448756
448757
448758
448761
448762
448764
448765
448766
448767
448770
448771
448772
448773
448774
448775
448776
448777
448778
448779
448780
448781
448782
448783
448784
448785
448786
448787
448788
448789
448790
448791
448792
448793
448794
448795
448796
448797
448798
448799
448800
448801
448802
448803
448804
448805
448806
448808
448811
448812
448813
448814
448816
448817
448818
448822
448823
448827
448828
448832
448833
448837
448838
448842
448843
448844
448845
448846
448848
448849
448850
448851
448852
448854
448855
448857
448858
448860
448861
448863
448864
448866
448867
448868
448869
448870
448871
448872
448875
448876
448877
448878
448879
448880
448881
448882
448883
448884
448885
448886
448887
448888
448889
448890
448892
448893
448894
448895
448896
448897
448898
448899
448900
448901
448902
448903
448904
448905
448906
448907
448908
448909
448910
448912
448913
448914
448915
448916
448917
448919
448920
448921
448922
448924
448925
448926
448928
448929
448931
448932
448933
448934
448935
448936
448937
448938
448939
448940
448941
448942
448943
448944
448945
448946
448947
448948
448949
448950
448951
448952
448953
448954
448955
448956
448957
448958
448959
448960
448962
448963
448964
448966
448967
448970
448971
448972
448973
448974
448975
448977
448978
448979
448980
448981
448982
448983
448984
448986
448987
448988
448989
448990
448991
448992
448993
448994
448995
448996
448997
448998
448999
