223500
223501
223502
223503
223504
223505
223506
223508
223509
223510
223511
223512
223513
223514
223515
223516
223517
223518
223520
223521
223522
223523
223524
223525
223526
223527
223528
223530
223532
223534
223535
223536
223537
223538
223539
223542
223543
223544
223545
223547
223548
223549
223550
223551
223552
223553
223555
223558
223559
223560
223564
223565
223566
223567
223568
223570
223571
223572
223576
223577
223578
223579
223580
223581
223582
223583
223584
223585
223586
223587
223588
223589
223590
223591
223592
223594
223596
223597
223598
223599
223600
223601
223602
223603
223604
223605
223607
223608
223610
223612
223617
223618
223619
223622
223623
223625
223626
223627
223628
223629
223630
223631
223632
223633
223637
223638
223639
223640
223641
223643
223644
223645
223647
223649
223654
223656
223658
223659
223660
223662
223664
223665
223666
223667
223668
223669
223672
223673
223674
223675
223676
223677
223678
223679
223680
223681
223682
223683
223684
223685
223686
223687
223688
223689
223690
223691
223692
223694
223695
223696
223697
223699
223700
223702
223703
223704
223705
223706
223708
223710
223712
223713
223714
223715
223716
223717
223718
223719
223720
223723
223724
223725
223726
223727
223728
223729
223730
223734
223735
223736
223737
223738
223739
223740
223741
223744
223747
