135250
135251
135252
135254
135255
135257
135258
135259
135260
135261
135262
135263
135264
135265
135266
135267
135268
135269
135270
135271
135272
135276
135277
135278
135279
135280
135282
135283
135284
135285
135286
135288
135289
135290
135291
135292
135293
135294
135295
135297
135298
135299
135300
135301
135302
135303
135304
135305
135306
135307
135308
135309
135310
135311
135313
135314
135316
135317
135318
135319
135320
135321
135322
135323
135325
135327
135328
135329
135330
135332
135333
135334
135336
135337
135338
135340
135341
135342
135343
135345
135346
135347
135350
135351
135352
135354
135355
135356
135357
135358
135359
135361
135362
135363
135364
135368
135369
135370
135371
135372
135373
135374
135375
135376
135377
135378
135379
135381
135394
135395
135396
135397
135398
135399
135400
135401
135402
135403
135404
135405
135406
135407
135408
135410
135411
135412
135413
135414
135417
135418
135419
135421
135422
135423
135424
135425
135426
135427
135429
135430
135431
135432
135433
135434
135435
135436
135437
135438
135439
135440
135441
135442
135443
135444
135445
135446
135447
135448
135449
135450
135451
135452
135453
135454
135455
135457
135460
135461
135462
135464
135466
135467
135469
135471
135472
135474
135476
135477
135479
135480
135481
135482
135483
135484
135486
135487
135488
135489
135491
135492
135493
135494
135496
135497
135498
135499
