77000
77003
77004
77005
77007
77008
77009
77010
77011
77012
77013
77014
77015
77016
77017
77018
77019
77020
77022
77023
77025
77027
77028
77029
77031
77032
77034
77035
77037
77039
77040
77041
77043
77044
77045
77046
77047
77048
77049
77051
77052
77055
77067
77069
77079
77080
77081
77098
77102
77107
77108
77120
77121
77122
77123
77127
77128
77129
77130
77134
77135
77139
77140
77144
77145
77150
77153
77156
77157
77158
77159
77161
77162
77163
77164
77165
77166
77167
77168
77169
77170
77171
77172
77173
77174
77175
77176
77177
77178
77179
77181
77182
77183
77187
77188
77189
77190
77191
77192
77193
77194
77195
77196
77197
77198
77199
77200
77203
77204
77205
77206
77207
77208
77209
77211
77213
77214
77215
77217
77218
77220
77221
77225
77226
77229
77232
77233
77235
77236
77238
77239
77240
77241
77242
77243
77244
77245
77246
77247
77248
77249
