293250
293251
293253
293254
293255
293256
293257
293258
293259
293261
293262
293263
293264
293265
293268
293271
293272
293274
293275
293276
293277
293278
293279
293280
293281
293282
293283
293284
293285
293286
293287
293288
293289
293290
293291
293292
293293
293294
293295
293296
293297
293298
293299
293300
293301
293302
293303
293304
293305
293306
293307
293308
293309
293310
293311
293312
293313
293314
293317
293318
293319
293320
293321
293322
293323
293324
293325
293326
293327
293328
293329
293331
293332
293333
293334
293335
293336
293337
293338
293341
293342
293343
293344
293345
293346
293347
293348
293351
293354
293355
293357
293358
293359
293360
293361
293362
293363
293364
293365
293366
293367
293368
293369
293370
293371
293372
293373
293374
293375
293376
293377
293378
293379
293380
293381
293382
293383
293384
293385
293386
293387
293388
293389
293392
293395
293396
293398
293399
293400
293401
293402
293403
293405
293406
293407
293408
293409
293410
293411
293412
293413
293414
293415
293416
293417
293418
293419
293420
293421
293422
293423
293424
293425
293426
293427
293428
293429
293430
293431
293432
293433
293434
293435
293436
293437
293438
293439
293440
293441
293442
293443
293444
293445
293446
293448
293449
293450
293451
293452
293453
293454
293455
293456
293457
293458
293459
293460
293461
293462
293463
293464
293465
293466
293467
293469
293470
293471
293472
293473
293474
293475
293478
293479
293482
293483
293486
293487
293490
293491
293494
293495
293498
293499
