7251
7253
7254
7255
7256
7257
7258
7261
7263
7265
7266
7267
7268
7269
7270
7272
7273
7274
7278
7280
7281
7282
7283
7284
7285
7286
7287
7288
7289
7290
7292
7293
7294
7295
7298
7299
7300
7301
7302
7303
7304
7305
7306
7307
7308
7310
7314
7317
7318
7323
7324
7325
7326
7328
7329
7330
7331
7332
7336
7337
7338
7339
7340
7341
7343
7344
7347
7348
7349
7350
7351
7352
7355
7356
7357
7358
7359
7360
7361
7362
7363
7364
7365
7366
7367
7368
7369
7370
7371
7372
7373
7374
7375
7376
7377
7378
7379
7381
7382
7383
7384
7385
7387
7388
7389
7390
7391
7392
7393
7394
7395
7396
7398
7399
7400
7401
7402
7403
7404
7405
7406
7407
7409
7416
7417
7418
7419
7420
7421
7422
7423
7424
7425
7426
7427
7429
7430
7431
7432
7433
7435
7436
7437
7439
7440
7441
7443
7444
7445
7447
7448
7449
7451
7452
7454
7456
7457
7458
7459
7460
7462
7463
7464
7468
7469
7470
7471
7472
7476
7477
7481
7482
7483
7484
7486
7487
7488
7490
7492
7493
7494
7495
7496
7497
7498
7499
