85500
85501
85502
85503
85504
85505
85506
85507
85509
85510
85511
85512
85513
85514
85517
85518
85519
85521
85522
85523
85524
85525
85526
85527
85528
85529
85530
85531
85532
85533
85534
85535
85536
85537
85538
85539
85540
85541
85542
85543
85544
85545
85546
85547
85548
85549
85550
85551
85552
85553
85554
85555
85556
85557
85558
85559
85560
85561
85562
85563
85564
85565
85566
85567
85568
85569
85570
85571
85572
85573
85574
85575
85577
85578
85579
85581
85582
85583
85586
85587
85588
85589
85591
85592
85593
85594
85595
85596
85597
85598
85599
85600
85601
85602
85604
85605
85606
85607
85608
85609
85610
85611
85612
85613
85615
85616
85617
85618
85619
85620
85622
85623
85624
85625
85626
85627
85629
85630
85631
85632
85633
85634
85635
85636
85638
85640
85641
85642
85643
85644
85646
85647
85648
85649
85651
85652
85655
85656
85657
85658
85659
85660
85662
85663
85666
85667
85668
85669
85670
85671
85672
85674
85675
85676
85677
85678
85679
85680
85682
85684
85685
85686
85687
85688
85689
85690
85691
85692
85693
85694
85695
85696
85697
85698
85699
85700
85701
85702
85703
85704
85705
85706
85707
85708
85709
85710
85711
85712
85713
85714
85715
85716
85717
85718
85719
85720
85723
85724
85725
85726
85727
85728
85730
85731
85732
85733
85734
85735
85736
85737
85738
85739
85740
85741
85742
85743
85744
85745
85746
85747
85748
85749
