70000
70001
70002
70003
70004
70005
70006
70007
70008
70009
70010
70011
70013
70014
70015
70016
70017
70018
70019
70021
70022
70023
70025
70027
70028
70029
70031
70032
70033
70035
70037
70038
70039
70041
70043
70045
70046
70047
70049
70051
70052
70053
70054
70055
70056
70058
70059
70061
70062
70063
70065
70066
70067
70068
70069
70070
70071
70073
70074
70076
70077
70078
70079
70080
70081
70082
70083
70084
70085
70086
70087
70088
70089
70090
70091
70092
70093
70094
70095
70097
70098
70099
70100
70101
70102
70103
70104
70105
70106
70107
70108
70109
70110
70111
70112
70113
70114
70115
70116
70117
70118
70120
70121
70122
70123
70124
70125
70126
70127
70128
70129
70130
70131
70132
70133
70134
70135
70136
70137
70138
70143
70144
70145
70146
70147
70148
70149
70150
70151
70152
70153
70154
70155
70156
70158
70159
70160
70161
70162
70164
70165
70166
70168
70169
70170
70171
70172
70173
70174
70175
70177
70178
70179
70180
70181
70182
70183
70184
70185
70186
70187
70188
70189
70190
70192
70193
70194
70195
70196
70197
70198
70199
70200
70201
70202
70203
70204
70206
70207
70208
70209
70210
70211
70212
70213
70214
70215
70216
70217
70218
70219
70220
70221
70222
70223
70224
70225
70226
70227
70228
70229
70230
70233
70234
70235
70236
70237
70239
70241
70243
70245
70246
70247
70249
