433501
433502
433503
433504
433505
433506
433507
433508
433509
433510
433511
433512
433513
433516
433517
433519
433521
433522
433523
433524
433525
433526
433527
433528
433529
433530
433531
433532
433534
433535
433536
433537
433538
433540
433541
433542
433543
433544
433545
433547
433548
433549
433550
433551
433553
433555
433556
433557
433558
433560
433562
433563
433564
433565
433566
433567
433569
433570
433571
433573
433574
433575
433577
433578
433579
433581
433582
433583
433585
433586
433587
433589
433590
433591
433592
433593
433594
433595
433596
433597
433598
433599
433600
433601
433602
433603
433604
433605
433606
433607
433608
433609
433610
433612
433613
433614
433616
433617
433618
433619
433620
433621
433623
433624
433625
433627
433628
433629
433630
433631
433632
433633
433634
433635
433637
433638
433639
433640
433642
433643
433644
433645
433646
433647
433648
433649
433650
433651
433652
433653
433654
433655
433656
433657
433658
433659
433660
433661
433662
433663
433665
433667
433668
433669
433670
433671
433672
433673
433674
433676
433677
433678
433679
433680
433681
433682
433684
433685
433686
433687
433688
433689
433690
433691
433692
433693
433694
433695
433696
433697
433698
433699
433701
433702
433703
433704
433705
433706
433707
433708
433709
433710
433711
433712
433713
433714
433715
433716
433717
433719
433721
433724
433725
433726
433727
433728
433730
433731
433732
433733
433734
433735
433737
433738
433739
433740
433741
433742
433743
433744
433745
433746
433747
