329250
329251
329252
329253
329254
329255
329257
329258
329259
329260
329263
329265
329267
329269
329270
329271
329272
329273
329274
329275
329276
329277
329278
329279
329283
329284
329285
329288
329289
329290
329291
329292
329293
329296
329297
329299
329300
329301
329302
329303
329304
329305
329306
329307
329308
329309
329310
329311
329312
329313
329316
329317
329319
329320
329322
329323
329324
329326
329327
329328
329330
329331
329332
329334
329335
329336
329337
329338
329343
329344
329345
329347
329348
329349
329351
329352
329353
329356
329357
329358
329359
329360
329361
329364
329365
329366
329367
329368
329369
329371
329373
329375
329376
329377
329378
329379
329381
329383
329385
329386
329387
329388
329389
329391
329393
329395
329396
329397
329398
329399
329400
329401
329402
329403
329404
329405
329406
329407
329408
329409
329411
329412
329413
329414
329415
329417
329418
329419
329420
329421
329422
329424
329426
329427
329428
329429
329430
329432
329433
329434
329435
329436
329437
329438
329440
329442
329445
329446
329447
329448
329450
329451
329452
329454
329455
329456
329459
329460
329461
329464
329465
329466
329468
329470
329471
329472
329473
329476
329477
329479
329480
329481
329485
329486
329487
329489
329490
329491
329494
329495
329496
329498
329499
