420750
420751
420754
420756
420757
420758
420759
420760
420761
420762
420763
420764
420765
420767
420769
420770
420771
420772
420773
420774
420775
420776
420777
420778
420779
420781
420783
420784
420785
420786
420787
420788
420789
420791
420793
420794
420795
420796
420797
420798
420799
420801
420803
420804
420807
420813
420816
420819
420820
420821
420822
420825
420826
420827
420828
420829
420830
420831
420832
420833
420835
420836
420837
420838
420839
420840
420841
420843
420844
420845
420851
420852
420853
420854
420855
420856
420857
420858
420859
420860
420861
420862
420863
420864
420865
420866
420867
420868
420870
420871
420872
420873
420874
420875
420876
420877
420879
420881
420882
420883
420885
420887
420888
420889
420891
420893
420894
420895
420897
420899
420900
420901
420902
420904
420905
420906
420907
420909
420910
420911
420912
420913
420914
420915
420916
420918
420919
420920
420921
420922
420924
420925
420928
420929
420930
420932
420933
420934
420935
420936
420937
420938
420939
420940
420941
420942
420943
420944
420945
420946
420947
420948
420949
420950
420951
420952
420953
420954
420956
420957
420958
420960
420961
420962
420963
420965
420966
420967
420969
420970
420972
420973
420974
420978
420980
420981
420983
420984
420985
420986
420987
420988
420990
420991
420992
420993
420998
420999
