278250
278251
278253
278254
278256
278257
278259
278260
278261
278263
278264
278265
278269
278270
278271
278272
278273
278274
278275
278276
278278
278279
278280
278282
278283
278284
278285
278286
278288
278289
278291
278292
278293
278295
278296
278297
278298
278299
278300
278302
278303
278304
278305
278306
278307
278308
278309
278311
278312
278313
278314
278315
278316
278318
278319
278320
278321
278322
278323
278324
278325
278328
278329
278330
278331
278332
278333
278338
278339
278340
278341
278342
278343
278344
278345
278347
278349
278350
278351
278354
278355
278356
278357
278359
278360
278361
278362
278363
278364
278365
278366
278367
278368
278369
278370
278371
278372
278373
278374
278375
278376
278377
278378
278379
278380
278382
278383
278384
278385
278387
278388
278389
278390
278391
278392
278393
278394
278395
278396
278397
278399
278400
278401
278403
278404
278405
278407
278408
278409
278411
278412
278413
278414
278415
278416
278417
278420
278421
278422
278424
278425
278426
278428
278429
278430
278431
278433
278434
278435
278437
278439
278440
278443
278444
278447
278448
278450
278451
278453
278454
278455
278456
278457
278458
278459
278461
278463
278465
278467
278469
278471
278472
278473
278475
278476
278478
278480
278481
278482
278483
278484
278485
278487
278488
278489
278490
278492
278493
278496
278497
278498
