296500
296501
296502
296503
296504
296505
296506
296507
296508
296509
296510
296513
296514
296515
296517
296518
296519
296520
296521
296522
296523
296524
296525
296526
296527
296528
296529
296530
296531
296532
296533
296534
296535
296536
296537
296538
296539
296540
296541
296542
296543
296544
296546
296547
296549
296550
296551
296552
296554
296555
296556
296557
296558
296559
296561
296562
296564
296565
296566
296567
296568
296572
296573
296574
296577
296578
296580
296582
296584
296588
296589
296590
296591
296592
296593
296595
296596
296597
296598
296601
296602
296603
296604
296605
296606
296607
296608
296610
296613
296614
296615
296616
296617
296618
296619
296620
296621
296622
296623
296624
296625
296626
296627
296628
296629
296631
296632
296633
296634
296636
296638
296639
296642
296643
296644
296645
296646
296647
296648
296649
296650
296651
296652
296654
296656
296657
296658
296659
296661
296662
296663
296664
296666
296667
296668
296669
296670
296671
296672
296673
296674
296675
296676
296679
296680
296681
296682
296684
296685
296686
296687
296688
296689
296690
296691
296693
296694
296695
296696
296697
296698
296699
296700
296701
296702
296703
296704
296705
296706
296709
296710
296711
296712
296714
296715
296716
296717
296718
296719
296720
296721
296724
296725
296726
296727
296728
296729
296730
296731
296733
296734
296735
296736
296737
296738
296739
296740
296741
296742
296743
296744
296745
296746
296747
296748
296749
