307250
307251
307252
307253
307254
307255
307256
307257
307258
307259
307260
307261
307262
307263
307264
307265
307266
307267
307268
307269
307270
307272
307273
307275
307276
307277
307278
307280
307281
307282
307283
307285
307287
307288
307290
307291
307292
307293
307294
307295
307296
307297
307298
307299
307300
307301
307304
307305
307308
307309
307313
307314
307316
307317
307318
307319
307320
307321
307322
307323
307324
307325
307326
307329
307330
307333
307334
307335
307336
307337
307339
307340
307342
307343
307344
307345
307346
307347
307348
307349
307350
307354
307356
307357
307358
307359
307360
307361
307362
307363
307364
307365
307366
307367
307368
307369
307370
307371
307372
307373
307374
307375
307376
307377
307378
307379
307380
307381
307387
307388
307389
307390
307391
307392
307393
307394
307395
307396
307397
307398
307399
307400
307401
307402
307406
307407
307408
307412
307414
307415
307416
307418
307419
307420
307421
307423
307424
307425
307426
307428
307429
307430
307432
307433
307434
307435
307436
307437
307438
307439
307440
307441
307442
307443
307444
307445
307447
307448
307449
307450
307451
307452
307453
307454
307455
307456
307457
307458
307459
307460
307461
307462
307463
307464
307465
307466
307467
307468
307469
307470
307471
307472
307473
307474
307475
307477
307478
307480
307481
307483
307484
307485
307486
307487
307489
307490
307491
307492
307493
307494
307495
307497
307498
307499
