254500
254502
254504
254505
254506
254507
254508
254509
254510
254511
254512
254513
254514
254515
254517
254518
254519
254520
254521
254522
254524
254526
254528
254529
254530
254531
254532
254533
254534
254535
254536
254537
254539
254540
254541
254542
254543
254545
254546
254547
254549
254550
254551
254552
254553
254554
254555
254556
254557
254558
254559
254560
254561
254562
254563
254564
254565
254566
254568
254569
254570
254572
254574
254575
254576
254578
254580
254581
254582
254584
254585
254586
254587
254588
254589
254590
254591
254592
254593
254594
254595
254596
254598
254599
254600
254602
254603
254604
254605
254609
254610
254611
254612
254613
254614
254615
254616
254617
254618
254620
254621
254622
254623
254624
254626
254627
254628
254629
254630
254632
254633
254634
254635
254636
254638
254639
254640
254641
254642
254643
254644
254645
254646
254648
254649
254650
254651
254652
254653
254656
254657
254658
254659
254660
254661
254662
254664
254665
254666
254667
254668
254670
254671
254672
254673
254674
254675
254677
254678
254679
254680
254681
254682
254683
254684
254685
254686
254687
254688
254689
254690
254691
254692
254693
254694
254695
254696
254698
254699
254700
254701
254702
254703
254704
254705
254706
254707
254708
254709
254710
254712
254714
254715
254716
254717
254719
254720
254722
254724
254725
254726
254727
254728
254730
254731
254732
254733
254734
254735
254736
254737
254738
254739
254740
254741
254742
254743
254744
254745
254746
254747
254748
254749
