249000
249001
249002
249003
249004
249005
249006
249010
249011
249012
249013
249014
249015
249016
249017
249018
249019
249020
249021
249022
249023
249024
249025
249027
249028
249030
249031
249032
249033
249034
249035
249036
249037
249038
249040
249042
249043
249044
249045
249046
249047
249048
249049
249050
249051
249052
249053
249056
249057
249058
249060
249062
249063
249064
249065
249066
249067
249068
249069
249070
249072
249073
249074
249075
249076
249077
249078
249079
249080
249082
249083
249085
249086
249087
249088
249090
249092
249093
249094
249095
249096
249097
249099
249103
249104
249105
249106
249107
249108
249109
249110
249111
249112
249113
249114
249115
249116
249117
249118
249119
249120
249121
249122
249123
249124
249125
249126
249127
249128
249129
249130
249131
249132
249133
249134
249135
249136
249137
249138
249139
249140
249141
249142
249143
249144
249145
249146
249147
249148
249149
249150
249153
249154
249155
249156
249157
249158
249159
249161
249162
249163
249164
249167
249168
249172
249173
249174
249175
249176
249178
249179
249180
249182
249184
249185
249186
249188
249190
249191
249192
249193
249195
249196
249198
249199
249200
249201
249202
249203
249204
249205
249206
249207
249208
249209
249210
249211
249213
249214
249215
249217
249218
249219
249220
249221
249222
249224
249225
249226
249227
249229
249230
249231
249232
249235
249236
249237
249239
249241
249242
249243
249244
249245
249246
249247
249248
249249
