416500
416502
416503
416504
416505
416507
416508
416510
416511
416513
416514
416515
416516
416517
416518
416519
416520
416521
416523
416531
416532
416533
416534
416535
416542
416543
416544
416545
416546
416547
416548
416549
416552
416553
416554
416555
416556
416557
416559
416561
416562
416563
416564
416565
416566
416567
416568
416569
416570
416571
416572
416573
416574
416575
416576
416577
416580
416581
416582
416583
416584
416585
416586
416587
416588
416589
416590
416591
416592
416593
416594
416595
416596
416597
416598
416599
416600
416601
416602
416603
416604
416606
416608
416609
416610
416611
416612
416613
416616
416619
416621
416622
416623
416625
416626
416627
416629
416630
416631
416632
416633
416635
416636
416638
416639
416641
416642
416644
416645
416646
416647
416649
416650
416651
416652
416653
416654
416655
416656
416657
416658
416660
416661
416662
416663
416664
416666
416667
416668
416669
416670
416672
416673
416674
416675
416676
416677
416678
416679
416680
416681
416683
416684
416685
416686
416688
416689
416690
416691
416692
416693
416694
416695
416696
416698
416699
416700
416701
416702
416703
416706
416707
416709
416710
416711
416713
416714
416715
416718
416719
416720
416721
416722
416723
416724
416725
416726
416727
416728
416729
416730
416731
416732
416734
416735
416736
416738
416739
416740
416741
416742
416743
416744
416745
416749
