23250
23251
23252
23253
23255
23256
23257
23258
23259
23260
23261
23263
23264
23265
23266
23267
23268
23269
23271
23272
23273
23274
23275
23276
23277
23279
23280
23281
23282
23283
23284
23285
23287
23288
23289
23290
23291
23292
23293
23295
23296
23297
23298
23299
23300
23301
23303
23304
23305
23306
23307
23308
23309
23311
23312
23313
23314
23315
23316
23317
23319
23320
23321
23322
23323
23324
23325
23327
23328
23329
23330
23331
23332
23333
23334
23335
23336
23337
23338
23339
23340
23341
23342
23343
23344
23345
23346
23347
23348
23350
23351
23352
23353
23354
23355
23356
23358
23359
23360
23361
23362
23363
23365
23366
23367
23369
23370
23371
23372
23373
23374
23375
23376
23377
23378
23379
23380
23381
23382
23383
23385
23386
23390
23391
23392
23393
23394
23395
23396
23397
23398
23400
23401
23402
23403
23404
23405
23409
23410
23412
23414
23421
23422
23423
23424
23425
23426
23427
23428
23429
23430
23431
23432
23434
23435
23436
23437
23438
23439
23441
23442
23443
23444
23445
23446
23447
23448
23449
23450
23451
23454
23455
23456
23457
23458
23459
23460
23461
23462
23465
23468
23471
23474
23476
23477
23478
23480
23481
23482
23489
23490
23491
23492
23493
23494
23495
23496
23498
23499
