92252
92253
92255
92256
92259
92260
92261
92262
92263
92266
92267
92269
92270
92272
92273
92274
92275
92276
92277
92278
92279
92281
92282
92283
92284
92285
92286
92287
92288
92289
92290
92291
92293
92295
92296
92297
92299
92300
92301
92302
92304
92305
92307
92308
92309
92310
92312
92313
92314
92316
92317
92320
92321
92322
92324
92325
92326
92327
92328
92329
92330
92331
92332
92333
92334
92335
92336
92337
92338
92339
92340
92341
92342
92343
92344
92345
92346
92347
92348
92350
92351
92352
92355
92356
92359
92360
92361
92362
92364
92367
92368
92371
92373
92374
92375
92377
92379
92380
92381
92383
92385
92386
92387
92388
92389
92390
92391
92392
92393
92397
92398
92399
92400
92401
92402
92403
92404
92405
92406
92407
92408
92409
92410
92412
92413
92414
92415
92416
92417
92418
92419
92421
92422
92423
92424
92425
92426
92427
92428
92430
92431
92432
92433
92434
92435
92436
92437
92438
92439
92440
92441
92444
92447
92448
92450
92451
92452
92453
92455
92457
92459
92460
92461
92462
92464
92465
92467
92468
92469
92471
92473
92475
92476
92477
92478
92481
92482
92483
92484
92485
92486
92488
92490
92491
92492
92493
92494
92495
92496
92497
92498
