381000
381003
381004
381005
381006
381007
381008
381009
381011
381012
381013
381014
381015
381016
381017
381018
381021
381022
381023
381024
381025
381026
381027
381030
381032
381033
381034
381036
381038
381039
381040
381043
381044
381045
381046
381047
381048
381049
381050
381051
381052
381054
381055
381057
381058
381059
381060
381062
381063
381064
381066
381067
381068
381069
381070
381071
381073
381075
381076
381077
381078
381079
381080
381081
381082
381083
381084
381085
381086
381087
381088
381089
381090
381091
381092
381093
381095
381096
381097
381098
381099
381100
381101
381102
381103
381107
381108
381109
381110
381111
381112
381113
381114
381115
381118
381119
381120
381121
381122
381123
381124
381125
381126
381127
381128
381129
381130
381131
381132
381133
381135
381136
381137
381138
381140
381141
381142
381143
381144
381145
381147
381148
381149
381150
381152
381153
381155
381156
381157
381158
381159
381160
381161
381162
381163
381164
381165
381166
381167
381168
381169
381170
381171
381172
381173
381174
381175
381176
381177
381178
381179
381180
381181
381182
381183
381184
381185
381186
381187
381188
381190
381191
381192
381194
381195
381196
381197
381198
381199
381200
381201
381202
381203
381204
381205
381206
381207
381208
381209
381210
381212
381213
381214
381215
381217
381218
381219
381221
381222
381223
381224
381225
381226
381227
381228
381229
381233
381234
381235
381236
381237
381238
381239
381240
381248
381249
