324002
324003
324004
324005
324006
324007
324008
324011
324012
324013
324014
324015
324016
324017
324020
324021
324022
324023
324024
324025
324026
324027
324029
324030
324031
324032
324033
324034
324035
324036
324037
324038
324039
324040
324041
324042
324043
324045
324047
324049
324050
324052
324053
324054
324055
324056
324057
324058
324059
324062
324063
324066
324067
324068
324069
324070
324071
324072
324073
324074
324075
324076
324077
324078
324079
324080
324081
324082
324083
324085
324086
324087
324088
324089
324090
324091
324092
324093
324094
324095
324096
324097
324098
324099
324101
324102
324103
324104
324105
324106
324107
324108
324109
324110
324111
324113
324114
324116
324117
324118
324119
324121
324122
324123
324124
324125
324127
324128
324129
324130
324131
324132
324133
324134
324135
324136
324139
324140
324141
324142
324143
324145
324146
324147
324148
324149
324150
324151
324152
324153
324154
324155
324156
324157
324158
324159
324160
324161
324162
324163
324164
324165
324166
324167
324168
324169
324170
324171
324172
324173
324174
324175
324176
324177
324178
324180
324181
324182
324183
324185
324186
324187
324188
324189
324190
324191
324195
324196
324197
324198
324199
324200
324201
324202
324203
324204
324205
324206
324207
324208
324209
324210
324211
324212
324213
324214
324215
324219
324220
324221
324222
324223
324225
324226
324227
324228
324229
324230
324231
324234
324235
324236
324237
324238
324239
324241
324242
324243
324244
324245
324246
324247
324248
324249
