372750
372751
372752
372753
372754
372755
372757
372758
372759
372761
372762
372763
372764
372765
372766
372767
372768
372769
372770
372771
372772
372773
372774
372776
372777
372778
372779
372780
372781
372782
372783
372784
372785
372786
372787
372789
372790
372791
372792
372793
372795
372796
372797
372798
372799
372800
372801
372802
372803
372804
372805
372806
372807
372808
372809
372810
372811
372812
372813
372814
372815
372816
372817
372818
372819
372820
372821
372822
372823
372824
372825
372826
372827
372828
372829
372830
372831
372832
372833
372834
372835
372836
372837
372838
372839
372840
372841
372842
372843
372844
372845
372846
372847
372848
372849
372850
372851
372853
372854
372855
372857
372858
372859
372860
372861
372862
372863
372864
372865
372866
372867
372868
372869
372870
372871
372873
372874
372875
372876
372877
372878
372879
372883
372884
372885
372886
372887
372888
372889
372890
372891
372892
372893
372894
372895
372896
372897
372898
372899
372900
372901
372902
372903
372904
372905
372906
372907
372908
372909
372910
372911
372915
372916
372918
372919
372920
372921
372922
372923
372924
372925
372926
372927
372928
372929
372930
372931
372932
372933
372934
372935
372936
372937
372938
372939
372940
372941
372942
372943
372944
372945
372946
372947
372948
372949
372950
372951
372952
372953
372954
372955
372956
372957
372958
372960
372961
372962
372963
372964
372965
372966
372967
372968
372969
372970
372971
372972
372973
372974
372975
372977
372979
372980
372981
372982
372983
372984
372985
372986
372988
372989
372990
372991
372992
372993
372994
372995
372996
372997
