205750
205751
205752
205753
205754
205755
205756
205757
205758
205759
205760
205761
205762
205763
205764
205765
205766
205767
205768
205769
205774
205775
205777
205781
205782
205785
205786
205787
205788
205790
205791
205792
205793
205794
205796
205797
205798
205799
205800
205801
205807
205809
205810
205811
205812
205813
205814
205815
205816
205817
205818
205819
205820
205821
205822
205824
205825
205826
205828
205829
205830
205832
205833
205834
205835
205836
205837
205838
205839
205840
205841
205843
205844
205845
205846
205848
205849
205850
205851
205852
205853
205854
205855
205856
205857
205858
205859
205860
205862
205863
205864
205866
205867
205868
205869
205870
205871
205872
205873
205874
205875
205876
205877
205878
205879
205880
205881
205882
205883
205884
205885
205886
205887
205888
205889
205890
205891
205892
205893
205894
205895
205896
205897
205898
205899
205900
205901
205902
205903
205904
205905
205906
205907
205908
205909
205910
205911
205912
205913
205914
205915
205916
205917
205918
205919
205920
205921
205923
205924
205925
205927
205929
205930
205931
205932
205933
205934
205935
205936
205937
205938
205939
205940
205941
205943
205944
205945
205946
205947
205948
205949
205950
205951
205952
205953
205954
205955
205956
205957
205958
205959
205960
205961
205962
205963
205964
205965
205966
205967
205968
205969
205970
205971
205972
205973
205975
205976
205977
205978
205980
205981
205982
205983
205985
205986
205987
205989
205990
205991
205992
205993
205994
205995
205997
205998
205999
