72500
72501
72503
72505
72507
72508
72510
72512
72513
72514
72515
72516
72519
72520
72524
72525
72526
72527
72528
72529
72530
72531
72532
72533
72534
72535
72536
72537
72538
72539
72540
72541
72542
72543
72544
72545
72546
72547
72548
72549
72550
72551
72553
72555
72556
72557
72559
72561
72562
72563
72564
72565
72567
72568
72569
72571
72572
72573
72574
72575
72576
72577
72579
72580
72581
72582
72585
72586
72590
72591
72592
72593
72594
72596
72597
72598
72599
72600
72601
72602
72604
72605
72606
72609
72610
72611
72612
72613
72614
72615
72616
72617
72618
72620
72622
72623
72624
72625
72626
72628
72630
72631
72632
72633
72634
72636
72638
72639
72640
72641
72642
72644
72646
72647
72648
72649
72650
72652
72654
72655
72656
72657
72658
72660
72662
72663
72664
72665
72666
72668
72670
72671
72672
72673
72674
72675
72676
72677
72678
72679
72680
72681
72684
72686
72687
72688
72689
72690
72691
72693
72695
72696
72697
72698
72699
72700
72701
72702
72703
72704
72705
72707
72709
72710
72711
72712
72713
72715
72717
72718
72719
72720
72721
72723
72725
72726
72727
72728
72729
72730
72731
72732
72733
72734
72735
72736
72737
72741
72742
72743
72744
72745
72746
72747
72748
72749
