270750
270751
270752
270753
270754
270755
270756
270757
270758
270760
270761
270762
270763
270764
270765
270766
270767
270768
270769
270770
270771
270772
270773
270774
270775
270776
270777
270778
270779
270780
270781
270782
270783
270784
270785
270786
270787
270788
270789
270790
270791
270792
270793
270794
270795
270796
270797
270798
270799
270801
270802
270803
270804
270806
270808
270810
270812
270814
270816
270818
270820
270821
270822
270823
270824
270825
270826
270827
270828
270829
270830
270831
270832
270833
270834
270837
270838
270839
270840
270841
270842
270843
270844
270847
270848
270849
270850
270852
270853
270855
270856
270857
270858
270859
270860
270861
270862
270863
270864
270866
270868
270869
270870
270871
270873
270874
270875
270876
270877
270879
270880
270881
270882
270883
270884
270885
270886
270888
270889
270890
270891
270892
270893
270894
270895
270896
270897
270898
270900
270901
270902
270903
270904
270907
270908
270909
270910
270911
270912
270913
270914
270915
270916
270917
270918
270919
270920
270922
270923
270924
270925
270927
270928
270929
270930
270931
270933
270934
270935
270936
270938
270939
270940
270941
270942
270944
270945
270946
270948
270950
270952
270954
270955
270956
270957
270958
270959
270960
270962
270963
270964
270965
270966
270967
270968
270969
270970
270972
270973
270974
270975
270976
270977
270978
270979
270980
270981
270982
270984
270985
270986
270987
270989
270990
270991
270992
270994
270995
270996
270997
270998
270999
