440000
440002
440003
440004
440005
440008
440009
440010
440011
440012
440013
440014
440015
440016
440017
440018
440019
440020
440021
440022
440023
440024
440025
440026
440028
440029
440030
440031
440032
440033
440037
440040
440041
440043
440044
440045
440046
440047
440048
440049
440050
440051
440052
440053
440054
440060
440061
440062
440063
440064
440065
440066
440067
440068
440069
440070
440071
440072
440073
440074
440075
440076
440077
440078
440079
440080
440081
440082
440083
440084
440085
440086
440087
440088
440094
440095
440096
440097
440100
440101
440102
440103
440104
440105
440106
440107
440108
440109
440110
440111
440112
440113
440114
440115
440118
440120
440121
440122
440123
440124
440125
440126
440127
440128
440129
440130
440131
440132
440133
440134
440135
440136
440137
440139
440140
440141
440142
440143
440144
440145
440146
440147
440148
440149
440151
440152
440153
440155
440156
440157
440160
440161
440164
440165
440166
440167
440170
440171
440172
440173
440174
440175
440176
440188
440189
440190
440191
440192
440193
440194
440195
440196
440197
440198
440199
440200
440201
440202
440203
440204
440206
440207
440208
440209
440210
440211
440213
440214
440215
440216
440217
440218
440220
440221
440222
440223
440224
440225
440226
440227
440228
440229
440230
440231
440232
440233
440234
440235
440236
440237
440238
440239
440240
440241
440242
440243
440244
440245
440246
440247
440248
440249
