133500
133501
133502
133503
133505
133506
133508
133509
133510
133511
133512
133515
133516
133517
133518
133521
133522
133523
133524
133527
133530
133531
133532
133533
133535
133536
133537
133538
133539
133540
133541
133542
133543
133544
133545
133546
133547
133548
133550
133551
133552
133553
133554
133555
133556
133557
133558
133559
133560
133561
133562
133563
133564
133565
133566
133567
133568
133569
133570
133571
133572
133574
133575
133576
133582
133583
133585
133586
133587
133588
133589
133591
133592
133593
133594
133596
133597
133598
133601
133603
133604
133605
133606
133607
133608
133609
133610
133612
133614
133615
133617
133618
133619
133620
133621
133622
133624
133625
133626
133627
133628
133629
133630
133631
133633
133634
133635
133637
133638
133639
133641
133642
133643
133645
133646
133647
133649
133650
133651
133652
133653
133654
133655
133657
133658
133659
133660
133661
133662
133663
133665
133666
133667
133668
133669
133670
133671
133672
133673
133674
133675
133676
133677
133678
133680
133682
133683
133684
133685
133686
133687
133688
133689
133690
133691
133693
133694
133695
133696
133697
133698
133699
133700
133701
133702
133703
133704
133705
133706
133707
133708
133710
133711
133712
133713
133714
133715
133716
133717
133718
133719
133720
133721
133722
133723
133724
133725
133726
133728
133729
133731
133732
133734
133735
133736
133737
133738
133739
133740
133741
133743
133744
133745
133746
133747
133748
133749
