5500
5501
5502
5503
5504
5506
5507
5508
5509
5510
5511
5512
5515
5517
5518
5519
5522
5523
5524
5525
5526
5527
5528
5529
5530
5531
5533
5534
5536
5537
5539
5540
5541
5542
5543
5544
5545
5546
5547
5553
5554
5557
5563
5565
5566
5570
5574
5578
5583
5587
5588
5589
5590
5591
5593
5594
5596
5597
5598
5599
5600
5601
5602
5603
5605
5606
5607
5608
5610
5611
5612
5613
5614
5615
5616
5617
5618
5619
5620
5621
5623
5624
5626
5627
5632
5633
5634
5635
5637
5639
5640
5641
5651
5652
5653
5654
5655
5656
5657
5659
5660
5661
5662
5664
5668
5669
5670
5671
5672
5673
5674
5675
5677
5678
5679
5682
5684
5685
5686
5687
5688
5689
5691
5692
5693
5694
5695
5696
5697
5698
5699
5701
5702
5703
5704
5705
5706
5707
5708
5709
5710
5711
5713
5714
5715
5716
5717
5718
5719
5720
5722
5723
5724
5725
5726
5727
5729
5730
5731
5732
5733
5734
5735
5736
5737
5738
5739
5740
5741
5742
5744
5745
5746
5747
