471000
471001
471002
471003
471004
471005
471006
471007
471008
471009
471010
471011
471012
471013
471014
471015
471016
471017
471018
471019
471022
471024
471025
471026
471027
471028
471029
471030
471031
471032
471033
471034
471035
471036
471037
471038
471039
471042
471043
471044
471045
471046
471047
471048
471049
471050
471052
471053
471058
471059
471063
471064
471065
471067
471068
471069
471071
471072
471073
471074
471075
471077
471078
471079
471080
471081
471082
471083
471084
471085
471086
471089
471090
471091
471092
471093
471096
471098
471099
471100
471103
471105
471106
471108
471109
471110
471111
471113
471114
471119
471120
471121
471122
471123
471124
471127
471128
471132
471133
471134
471136
471138
471139
471140
471141
471142
471146
471147
471149
471150
471152
471153
471155
471156
471158
471159
471161
471162
471164
471165
471168
471169
471173
471174
471175
471176
471181
471182
471183
471184
471185
471186
471187
471188
471189
471190
471193
471201
471202
471205
471206
471207
471208
471209
471210
471211
471213
471214
471215
471216
471217
471218
471219
471220
471226
471228
471229
471230
471231
471235
471239
471241
471242
471243
471245
471249
