358751
358752
358753
358754
358755
358756
358757
358758
358759
358760
358761
358762
358763
358764
358774
358775
358776
358778
358779
358780
358781
358782
358783
358784
358785
358786
358787
358788
358789
358790
358791
358792
358793
358795
358798
358800
358801
358803
358805
358806
358809
358811
358813
358814
358815
358816
358818
358822
358823
358824
358828
358829
358830
358831
358833
358834
358835
358836
358837
358839
358840
358843
358844
358845
358846
358847
358848
358849
358850
358851
358852
358853
358854
358855
358856
358857
358860
358861
358862
358863
358864
358865
358866
358867
358868
358869
358870
358871
358872
358873
358878
358879
358880
358881
358882
358883
358886
358888
358889
358890
358893
358895
358896
358897
358900
358902
358903
358905
358906
358907
358908
358909
358911
358912
358913
358914
358915
358916
358917
358918
358919
358920
358921
358922
358923
358924
358926
358928
358929
358930
358931
358932
358933
358935
358936
358937
358938
358942
358943
358944
358945
358946
358947
358948
358949
358950
358951
358952
358953
358955
358956
358957
358958
358959
358961
358962
358963
358964
358965
358966
358967
358968
358969
358970
358971
358972
358973
358974
358975
358976
358977
358978
358979
358980
358981
358982
358983
358984
358985
358986
358987
358988
358989
358990
358991
358992
358993
358994
358995
358996
358997
358998
358999
