371500
371501
371502
371503
371505
371506
371507
371508
371509
371510
371511
371512
371513
371514
371515
371516
371517
371518
371520
371522
371524
371525
371527
371529
371530
371532
371534
371535
371536
371537
371538
371539
371541
371542
371543
371544
371545
371546
371547
371548
371551
371552
371553
371554
371556
371557
371558
371559
371560
371562
371563
371564
371565
371566
371567
371568
371569
371570
371571
371572
371573
371574
371575
371577
371578
371579
371580
371581
371582
371583
371584
371585
371586
371587
371588
371589
371590
371591
371592
371593
371594
371595
371596
371597
371598
371599
371600
371601
371602
371603
371604
371605
371606
371607
371608
371609
371610
371611
371612
371613
371614
371615
371617
371619
371620
371621
371622
371623
371624
371625
371626
371627
371628
371629
371630
371631
371632
371633
371634
371635
371636
371637
371638
371640
371641
371642
371643
371644
371645
371646
371647
371648
371649
371650
371651
371652
371655
371656
371657
371658
371659
371660
371661
371663
371664
371665
371666
371667
371668
371669
371670
371672
371673
371674
371675
371676
371677
371679
371680
371681
371684
371685
371686
371687
371688
371689
371690
371691
371692
371693
371694
371696
371698
371699
371700
371701
371702
371703
371704
371705
371706
371707
371709
371710
371711
371712
371713
371714
371715
371718
371719
371720
371721
371722
371724
371726
371727
371728
371729
371731
371733
371734
371735
371736
371737
371738
371739
371740
371742
371744
371745
371746
371747
371748
371749
