212500
212501
212502
212503
212504
212505
212506
212507
212508
212509
212511
212512
212513
212514
212515
212516
212517
212518
212520
212521
212522
212523
212524
212525
212526
212527
212528
212530
212531
212532
212539
212540
212542
212543
212544
212545
212546
212547
212548
212549
212550
212551
212552
212553
212554
212555
212556
212557
212558
212559
212561
212562
212563
212564
212565
212567
212568
212569
212570
212571
212574
212575
212576
212577
212579
212580
212581
212583
212584
212585
212586
212587
212588
212589
212590
212591
212592
212593
212596
212597
212598
212599
212600
212601
212602
212604
212605
212607
212608
212610
212612
212613
212615
212616
212617
212618
212619
212620
212621
212622
212623
212624
212625
212626
212627
212628
212629
212630
212631
212632
212633
212634
212635
212636
212637
212638
212640
212641
212642
212644
212645
212646
212648
212649
212650
212652
212653
212654
212655
212656
212657
212658
212659
212660
212662
212663
212664
212666
212667
212669
212670
212671
212672
212673
212676
212677
212678
212680
212681
212682
212683
212684
212685
212686
212687
212688
212689
212690
212691
212692
212693
212694
212696
212697
212698
212699
212700
212701
212702
212703
212704
212705
212706
212707
212708
212709
212711
212712
212713
212714
212716
212717
212718
212719
212720
212721
212722
212723
212724
212725
212727
212728
212729
212730
212732
212733
212734
212735
212736
212737
212738
212739
212740
212741
212742
212743
212744
212745
212746
212747
212748
212749
