277250
277252
277253
277255
277256
277260
277261
277262
277263
277264
277265
277266
277267
277268
277269
277271
277272
277273
277277
277278
277279
277280
277281
277282
277284
277285
277286
277288
277289
277290
277291
277292
277293
277294
277295
277296
277297
277300
277302
277303
277304
277305
277306
277307
277308
277309
277310
277311
277312
277315
277316
277317
277318
277319
277320
277321
277322
277323
277324
277325
277326
277327
277328
277329
277330
277331
277332
277333
277334
277335
277336
277337
277338
277339
277340
277341
277342
277343
277344
277345
277346
277347
277348
277349
277350
277351
277352
277353
277354
277355
277356
277357
277358
277359
277360
277361
277362
277363
277364
277365
277366
277367
277368
277369
277370
277371
277372
277373
277374
277375
277376
277377
277378
277379
277380
277381
277382
277383
277384
277385
277387
277388
277389
277391
277392
277396
277397
277398
277400
277401
277402
277403
277404
277405
277406
277407
277408
277409
277410
277411
277412
277413
277414
277415
277416
277417
277418
277419
277420
277421
277422
277423
277424
277425
277426
277427
277428
277429
277430
277433
277434
277436
277437
277439
277440
277442
277443
277445
277446
277448
277449
277451
277452
277454
277455
277457
277458
277460
277461
277463
277464
277466
277467
277469
277470
277472
277473
277475
277476
277477
277478
277479
277480
277481
277482
277483
277484
277485
277487
277488
277489
277490
277491
277492
277493
277495
277496
277497
277498
