471253
471257
471258
471259
471261
471262
471263
471264
471268
471269
471270
471271
471273
471274
471277
471278
471285
471286
471287
471288
471289
471290
471292
471293
471294
471300
471301
471302
471303
471306
471307
471308
471309
471310
471311
471312
471313
471314
471315
471317
471319
471320
471321
471324
471325
471326
471327
471328
471329
471330
471331
471332
471333
471334
471335
471337
471338
471339
471340
471341
471342
471343
471344
471345
471346
471347
471348
471349
471350
471351
471352
471353
471354
471355
471356
471357
471358
471359
471360
471361
471362
471363
471364
471365
471366
471367
471368
471369
471370
471371
471372
471373
471374
471375
471376
471377
471378
471379
471380
471381
471382
471383
471384
471385
471386
471387
471388
471391
471393
471394
471395
471396
471397
471398
471399
471400
471401
471403
471404
471409
471410
471411
471412
471413
471414
471415
471416
471417
471418
471419
471423
471424
471425
471427
471428
471429
471434
471435
471438
471439
471443
471444
471445
471447
471449
471450
471451
471452
471453
471457
471458
471462
471463
471464
471468
471469
471470
471471
471475
471477
471478
471479
471480
471482
471483
471484
471485
471487
471488
471489
471490
471492
471493
471494
471495
471497
471498
471499
