381250
381251
381252
381254
381258
381259
381260
381266
381267
381268
381269
381270
381272
381273
381274
381275
381276
381279
381280
381282
381284
381285
381287
381289
381290
381292
381294
381295
381296
381297
381298
381299
381301
381302
381303
381304
381305
381306
381307
381308
381309
381310
381311
381312
381313
381314
381315
381316
381317
381318
381319
381320
381321
381322
381323
381324
381325
381326
381327
381328
381329
381330
381331
381332
381333
381334
381335
381336
381337
381338
381339
381340
381341
381342
381343
381344
381345
381346
381347
381348
381349
381350
381351
381352
381353
381354
381355
381356
381357
381358
381359
381360
381361
381362
381363
381364
381365
381366
381367
381368
381369
381370
381371
381372
381376
381377
381378
381379
381380
381381
381382
381383
381384
381385
381386
381387
381388
381389
381390
381392
381393
381394
381398
381399
381400
381401
381404
381405
381406
381407
381408
381411
381412
381413
381414
381415
381416
381417
381418
381419
381420
381422
381423
381427
381429
381430
381431
381432
381433
381434
381435
381436
381438
381439
381440
381441
381442
381443
381444
381445
381446
381447
381448
381449
381450
381451
381452
381453
381454
381456
381457
381459
381461
381462
381463
381464
381465
381466
381467
381468
381469
381471
381473
381475
381476
381477
381478
381479
381480
381481
381482
381483
381486
381487
381488
381489
381490
381491
381493
381494
381495
381496
381497
381498
381499
