404500
404501
404502
404503
404504
404505
404506
404507
404508
404509
404510
404511
404513
404514
404516
404517
404519
404520
404521
404522
404523
404524
404525
404526
404527
404528
404529
404530
404531
404533
404534
404536
404538
404539
404540
404542
404543
404544
404545
404546
404547
404548
404549
404550
404551
404553
404554
404555
404556
404557
404558
404559
404561
404562
404565
404566
404567
404568
404569
404570
404572
404574
404575
404576
404577
404578
404579
404580
404582
404583
404585
404588
404589
404591
404596
404599
404600
404601
404602
404604
404605
404606
404607
404608
404609
404613
404615
404616
404617
404618
404619
404620
404621
404622
404623
404624
404625
404626
404627
404628
404629
404631
404632
404633
404635
404636
404639
404640
404641
404643
404644
404645
404646
404649
404650
404651
404653
404654
404655
404656
404658
404660
404661
404663
404664
404665
404666
404667
404668
404669
404670
404671
404672
404675
404676
404677
404679
404680
404682
404683
404684
404685
404686
404687
404690
404691
404692
404694
404695
404696
404697
404700
404701
404702
404704
404705
404706
404707
404710
404711
404712
404714
404715
404718
404719
404720
404721
404722
404723
404724
404727
404728
404729
404731
404732
404733
404734
404737
404738
404739
404741
404742
404743
404744
404748
404749
