138500
138502
138503
138504
138505
138506
138507
138508
138509
138511
138512
138513
138515
138516
138517
138518
138519
138520
138522
138523
138524
138525
138526
138527
138528
138530
138531
138532
138533
138534
138535
138537
138538
138539
138540
138541
138542
138543
138545
138546
138547
138549
138550
138551
138552
138553
138554
138556
138557
138558
138559
138560
138561
138562
138564
138565
138566
138567
138568
138569
138571
138572
138573
138574
138575
138576
138577
138578
138579
138580
138581
138582
138583
138584
138585
138587
138588
138592
138593
138594
138595
138596
138597
138598
138599
138600
138601
138602
138603
138604
138605
138606
138607
138608
138610
138611
138613
138614
138615
138616
138618
138619
138620
138621
138624
138625
138627
138628
138629
138630
138632
138636
138637
138638
138639
138642
138643
138644
138645
138646
138647
138650
138651
138653
138655
138658
138661
138663
138664
138665
138667
138668
138669
138670
138671
138673
138674
138677
138679
138680
138681
138682
138683
138684
138685
138686
138687
138688
138690
138691
138692
138693
138694
138695
138696
138697
138698
138699
138700
138701
138702
138703
138707
138708
138709
138710
138714
138716
138717
138719
138720
138723
138724
138725
138726
138727
138728
138730
138731
138733
138734
138735
138736
138737
138738
138739
138740
138741
138742
138743
138744
138745
138746
138747
138748
138749
