122751
122752
122753
122754
122756
122758
122759
122761
122762
122764
122765
122767
122768
122769
122770
122771
122772
122773
122774
122776
122777
122778
122779
122781
122782
122783
122784
122785
122787
122788
122789
122790
122792
122793
122794
122795
122796
122797
122800
122801
122802
122803
122804
122805
122806
122808
122809
122810
122811
122812
122814
122815
122816
122817
122818
122820
122821
122822
122823
122824
122825
122826
122827
122828
122829
122830
122832
122833
122834
122835
122836
122837
122838
122839
122840
122842
122843
122844
122846
122848
122849
122850
122852
122853
122854
122855
122856
122857
122858
122859
122860
122861
122862
122863
122864
122865
122866
122867
122868
122869
122871
122872
122875
122877
122878
122879
122880
122881
122882
122883
122884
122885
122886
122887
122888
122889
122890
122891
122892
122893
122895
122896
122897
122898
122899
122900
122901
122902
122903
122904
122905
122906
122907
122909
122910
122911
122912
122913
122914
122916
122918
122920
122921
122922
122923
122926
122931
122933
122934
122935
122936
122937
122938
122939
122940
122941
122942
122943
122944
122945
122947
122948
122950
122951
122952
122954
122955
122956
122957
122958
122959
122960
122961
122962
122965
122966
122967
122968
122969
122970
122971
122972
122973
122974
122976
122978
122979
122980
122981
122982
122983
122984
122985
122986
122987
122990
122994
122995
122996
122997
122998
122999
