164751
164752
164753
164754
164755
164758
164760
164761
164763
164764
164765
164766
164767
164768
164769
164770
164771
164772
164773
164774
164775
164776
164777
164778
164780
164783
164784
164785
164786
164789
164790
164791
164792
164793
164794
164795
164796
164797
164798
164799
164800
164801
164802
164803
164805
164808
164809
164810
164812
164813
164814
164815
164816
164817
164819
164820
164821
164822
164823
164825
164827
164828
164829
164831
164832
164833
164834
164837
164838
164839
164842
164844
164845
164846
164847
164848
164849
164851
164852
164853
164854
164855
164857
164858
164859
164860
164861
164862
164863
164864
164865
164866
164867
164868
164871
164872
164873
164875
164876
164877
164878
164879
164881
164882
164883
164884
164885
164886
164887
164888
164889
164890
164891
164892
164893
164894
164895
164896
164897
164898
164899
164900
164901
164902
164903
164904
164905
164906
164907
164909
164911
164912
164914
164915
164916
164918
164919
164922
164923
164924
164925
164926
164927
164928
164929
164930
164931
164932
164933
164934
164935
164936
164937
164939
164940
164942
164943
164944
164946
164948
164949
164950
164954
164955
164956
164957
164958
164959
164960
164961
164962
164963
164964
164966
164967
164968
164969
164970
164971
164972
164973
164974
164975
164976
164977
164979
164980
164981
164985
164986
164987
164988
164989
164990
164991
164992
164993
164994
164995
164996
164997
