204000
204001
204002
204003
204004
204005
204006
204008
204009
204010
204011
204012
204013
204014
204015
204016
204017
204018
204019
204020
204021
204022
204023
204024
204025
204026
204027
204028
204029
204030
204031
204032
204033
204034
204035
204037
204038
204039
204041
204042
204043
204044
204045
204046
204048
204049
204050
204051
204052
204053
204054
204055
204056
204057
204058
204059
204060
204061
204062
204063
204064
204065
204066
204067
204068
204069
204070
204071
204072
204073
204074
204075
204076
204077
204078
204079
204080
204081
204083
204084
204085
204087
204088
204090
204091
204092
204093
204094
204095
204096
204098
204099
204100
204101
204103
204104
204107
204108
204110
204112
204113
204114
204115
204116
204119
204120
204122
204123
204125
204126
204129
204130
204131
204132
204133
204134
204135
204136
204137
204139
204141
204142
204143
204144
204145
204146
204148
204149
204151
204152
204154
204155
204156
204157
204158
204160
204161
204162
204163
204164
204165
204166
204169
204170
204171
204173
204174
204175
204176
204177
204178
204181
204184
204186
204187
204189
204190
204192
204193
204194
204195
204196
204197
204198
204199
204201
204202
204203
204204
204205
204206
204208
204209
204210
204211
204212
204213
204215
204216
204217
204218
204219
204220
204222
204223
204224
204225
204227
204228
204229
204230
204232
204233
204234
204235
204237
204239
204241
204243
204245
204246
204248
204249
