269750
269751
269752
269754
269755
269756
269757
269759
269761
269763
269764
269765
269766
269768
269769
269770
269771
269773
269774
269775
269776
269777
269778
269779
269780
269781
269782
269783
269784
269785
269786
269787
269788
269789
269790
269791
269793
269795
269796
269797
269798
269799
269800
269801
269802
269803
269804
269805
269807
269808
269809
269811
269812
269813
269814
269815
269816
269817
269818
269819
269820
269821
269822
269823
269824
269826
269827
269828
269829
269830
269831
269833
269834
269836
269837
269838
269839
269840
269841
269842
269843
269844
269845
269846
269847
269848
269849
269852
269853
269854
269855
269856
269858
269859
269860
269861
269862
269864
269866
269867
269868
269869
269870
269872
269873
269874
269875
269877
269878
269879
269880
269881
269884
269885
269886
269887
269888
269889
269890
269894
269896
269897
269898
269899
269900
269901
269902
269903
269904
269906
269908
269909
269910
269911
269912
269913
269914
269915
269916
269918
269919
269920
269921
269923
269925
269927
269929
269931
269932
269934
269936
269937
269939
269940
269941
269942
269943
269944
269945
269947
269948
269953
269955
269956
269957
269958
269960
269962
269963
269964
269965
269966
269969
269972
269973
269974
269975
269976
269977
269979
269980
269981
269982
269983
269984
269986
269988
269989
269990
269991
269992
269993
269995
269999
