241259
241260
241261
241262
241263
241264
241265
241266
241267
241268
241269
241270
241271
241272
241273
241274
241275
241276
241277
241278
241279
241280
241281
241282
241284
241285
241286
241287
241288
241289
241290
241291
241293
241294
241298
241299
241301
241302
241303
241304
241305
241306
241308
241309
241310
241311
241312
241313
241315
241316
241317
241319
241320
241321
241326
241327
241328
241329
241330
241331
241332
241333
241334
241335
241336
241337
241338
241339
241341
241342
241343
241344
241345
241346
241347
241348
241349
241350
241351
241353
241354
241356
241357
241358
241359
241360
241361
241362
241363
241364
241365
241366
241367
241368
241369
241370
241371
241372
241373
241374
241375
241376
241377
241378
241379
241380
241381
241382
241383
241384
241386
241387
241388
241391
241392
241393
241395
241396
241397
241398
241399
241400
241402
241403
241404
241405
241406
241407
241408
241412
241413
241414
241416
241417
241418
241419
241420
241421
241435
241436
241437
241439
241440
241441
241443
241444
241445
241446
241449
241450
241451
241452
241453
241454
241455
241457
241458
241460
241462
241464
241465
241466
241467
241468
241470
241472
241473
241474
241475
241476
241477
241478
241479
241480
241481
241482
241483
241485
241488
241489
241490
241491
241492
241493
241494
241495
241496
241497
241498
241499
