137501
137502
137504
137505
137506
137507
137508
137509
137510
137515
137516
137517
137519
137520
137521
137522
137523
137524
137525
137526
137527
137528
137531
137532
137533
137534
137535
137536
137539
137540
137541
137542
137543
137544
137547
137548
137549
137550
137551
137552
137555
137556
137557
137558
137559
137560
137563
137564
137565
137566
137567
137568
137571
137572
137573
137574
137575
137576
137579
137580
137581
137582
137583
137584
137587
137588
137589
137591
137592
137594
137595
137596
137597
137598
137599
137600
137601
137602
137603
137604
137605
137606
137608
137610
137611
137612
137613
137614
137615
137617
137620
137621
137622
137623
137624
137625
137626
137628
137629
137630
137631
137632
137633
137634
137635
137636
137637
137638
137639
137640
137641
137642
137643
137644
137645
137646
137647
137648
137650
137651
137652
137654
137655
137657
137658
137659
137660
137661
137664
137666
137667
137668
137669
137670
137671
137673
137674
137675
137677
137679
137680
137681
137682
137683
137684
137685
137686
137687
137689
137690
137693
137694
137695
137697
137698
137699
137700
137702
137703
137704
137705
137706
137707
137708
137709
137710
137712
137713
137714
137715
137716
137717
137718
137719
137720
137721
137722
137724
137725
137726
137727
137728
137729
137731
137732
137733
137734
137735
137736
137737
137738
137739
137741
137743
137744
137745
137746
137747
137748
137749
