360750
360752
360756
360757
360759
360763
360764
360765
360766
360767
360768
360770
360771
360772
360773
360774
360775
360776
360777
360778
360780
360782
360783
360784
360785
360787
360789
360790
360791
360794
360795
360797
360798
360799
360800
360801
360802
360803
360806
360807
360808
360809
360810
360814
360815
360816
360817
360821
360822
360823
360828
360829
360830
360831
360832
360833
360834
360835
360836
360837
360838
360839
360840
360841
360842
360843
360844
360845
360846
360849
360850
360851
360852
360853
360854
360855
360856
360857
360858
360861
360862
360863
360864
360865
360866
360867
360868
360869
360870
360871
360872
360874
360875
360876
360877
360879
360880
360881
360882
360883
360884
360885
360886
360887
360888
360889
360890
360891
360892
360893
360894
360895
360896
360897
360900
360901
360902
360903
360904
360905
360906
360907
360908
360909
360910
360911
360914
360915
360916
360917
360919
360920
360921
360922
360924
360926
360927
360928
360929
360930
360931
360932
360933
360934
360936
360937
360938
360939
360940
360942
360944
360945
360946
360947
360949
360950
360951
360952
360953
360954
360955
360956
360957
360958
360959
360960
360962
360963
360964
360966
360967
360969
360970
360971
360972
360973
360974
360975
360976
360977
360978
360979
360980
360982
360983
360984
360985
360986
360987
360988
360989
360990
360991
360993
360994
360996
360997
360998
360999
