304501
304502
304504
304505
304506
304507
304508
304509
304510
304511
304512
304513
304514
304515
304516
304517
304518
304519
304520
304521
304522
304523
304525
304526
304527
304528
304529
304530
304531
304532
304533
304534
304535
304536
304537
304538
304539
304540
304542
304543
304544
304545
304546
304547
304548
304549
304550
304551
304552
304553
304554
304555
304556
304557
304558
304559
304560
304561
304562
304563
304564
304565
304566
304568
304569
304570
304571
304572
304573
304575
304576
304577
304579
304580
304581
304582
304584
304585
304586
304587
304588
304590
304591
304593
304594
304595
304596
304597
304598
304599
304600
304601
304602
304603
304604
304605
304606
304608
304609
304610
304611
304613
304614
304616
304617
304618
304619
304620
304621
304623
304624
304626
304627
304628
304629
304630
304631
304632
304633
304634
304636
304638
304640
304642
304643
304644
304645
304646
304647
304648
304649
304650
304651
304652
304653
304654
304655
304656
304657
304658
304659
304662
304663
304665
304668
304669
304670
304671
304672
304673
304674
304675
304676
304677
304678
304679
304680
304681
304683
304684
304685
304686
304687
304688
304689
304690
304691
304692
304693
304694
304695
304696
304697
304698
304699
304700
304701
304702
304703
304704
304705
304706
304707
304708
304709
304710
304711
304712
304713
304714
304715
304716
304717
304718
304719
304720
304721
304722
304723
304724
304725
304726
304727
304730
304731
304732
304733
304734
304735
304736
304737
304738
304740
304741
304742
304743
304744
304745
304746
304747
304748
304749
