152252
152253
152254
152257
152258
152259
152260
152263
152264
152265
152266
152267
152268
152269
152270
152272
152273
152274
152275
152276
152277
152278
152280
152282
152283
152284
152285
152286
152287
152289
152290
152295
152299
152302
152303
152304
152305
152306
152307
152308
152310
152313
152315
152317
152318
152319
152320
152322
152323
152324
152325
152326
152327
152328
152329
152330
152331
152332
152333
152334
152335
152336
152337
152339
152340
152341
152342
152343
152344
152345
152346
152349
152350
152351
152353
152354
152355
152356
152357
152358
152359
152360
152361
152362
152363
152364
152365
152366
152367
152368
152371
152372
152374
152375
152376
152377
152378
152379
152380
152381
152384
152385
152387
152388
152389
152390
152393
152394
152395
152396
152397
152399
152400
152401
152402
152404
152405
152407
152408
152409
152411
152412
152413
152414
152415
152416
152417
152418
152419
152421
152422
152423
152424
152425
152426
152427
152429
152431
152433
152434
152435
152436
152438
152439
152440
152442
152443
152444
152445
152446
152447
152448
152451
152453
152455
152456
152459
152460
152461
152462
152463
152464
152465
152466
152467
152470
152474
152475
152476
152477
152480
152481
152482
152484
152485
152486
152487
152488
152489
152490
152492
152493
152494
152495
152498
152499
