430000
430001
430002
430003
430004
430005
430006
430007
430009
430010
430011
430012
430013
430015
430017
430018
430019
430020
430021
430022
430023
430024
430025
430026
430027
430028
430029
430030
430031
430032
430033
430034
430035
430036
430037
430038
430039
430040
430041
430043
430044
430045
430047
430048
430049
430050
430051
430053
430054
430055
430056
430060
430066
430072
430078
430084
430090
430096
430102
430108
430111
430113
430114
430116
430117
430119
430120
430122
430123
430124
430125
430127
430128
430130
430131
430132
430133
430135
430136
430137
430138
430139
430140
430141
430142
430143
430144
430145
430146
430147
430148
430149
430150
430151
430152
430153
430154
430155
430156
430157
430158
430159
430160
430161
430162
430163
430164
430165
430166
430167
430168
430169
430170
430171
430172
430173
430174
430175
430176
430177
430178
430179
430180
430181
430182
430183
430184
430186
430188
430189
430190
430191
430192
430193
430194
430195
430196
430198
430200
430201
430202
430203
430205
430208
430209
430210
430211
430212
430213
430214
430215
430216
430217
430218
430221
430222
430223
430224
430225
430226
430228
430229
430230
430231
430232
430233
430234
430235
430236
430237
430238
430239
430240
430241
430242
430243
430244
430245
430247
430248
430249
