149000
149001
149002
149004
149009
149010
149011
149015
149016
149017
149019
149022
149025
149026
149027
149028
149029
149033
149034
149035
149036
149037
149039
149040
149042
149043
149045
149046
149047
149048
149050
149051
149052
149053
149054
149055
149056
149057
149058
149059
149060
149065
149066
149067
149068
149069
149070
149071
149072
149073
149074
149075
149077
149079
149080
149082
149084
149085
149086
149087
149088
149089
149090
149092
149093
149094
149095
149096
149097
149098
149099
149100
149101
149102
149103
149104
149105
149106
149107
149113
149114
149115
149116
149118
149119
149120
149121
149122
149123
149124
149129
149130
149131
149132
149133
149134
149135
149136
149138
149139
149140
149141
149142
149143
149145
149146
149147
149148
149149
149150
149152
149153
149154
149155
149159
149160
149161
149162
149163
149164
149165
149166
149167
149169
149170
149171
149172
149174
149176
149177
149178
149181
149182
149183
149184
149187
149188
149189
149194
149195
149196
149198
149199
149200
149201
149202
149203
149204
149205
149206
149207
149208
149209
149210
149213
149215
149216
149218
149219
149220
149221
149222
149223
149225
149226
149227
149229
149230
149232
149236
149237
149238
149239
149241
149242
149245
149246
149248
149249
