284250
284251
284252
284253
284254
284255
284256
284257
284258
284259
284260
284261
284262
284263
284264
284265
284266
284268
284269
284271
284272
284274
284275
284276
284277
284278
284279
284280
284281
284282
284283
284284
284285
284286
284287
284288
284289
284290
284291
284292
284293
284294
284295
284296
284298
284299
284301
284303
284304
284305
284308
284315
284316
284317
284318
284319
284320
284321
284322
284323
284325
284326
284327
284328
284329
284330
284331
284332
284333
284334
284335
284336
284337
284338
284339
284340
284341
284342
284343
284344
284345
284348
284350
284351
284352
284353
284355
284356
284357
284359
284360
284361
284362
284363
284364
284365
284366
284367
284368
284370
284371
284374
284375
284376
284378
284379
284380
284381
284382
284383
284386
284387
284388
284389
284390
284392
284393
284396
284397
284398
284400
284401
284402
284403
284405
284406
284408
284409
284410
284411
284412
284413
284414
284415
284416
284417
284418
284419
284420
284421
284422
284423
284424
284425
284426
284427
284429
284430
284432
284433
284434
284436
284437
284438
284440
284441
284442
284443
284444
284445
284446
284447
284448
284449
284450
284451
284452
284453
284454
284455
284457
284458
284460
284461
284462
284463
284464
284465
284466
284467
284468
284469
284471
284473
284475
284477
284479
284481
284482
284483
284484
284485
284486
284487
284489
284490
284493
284494
284495
284496
284497
284498
284499
