393752
393753
393754
393755
393756
393757
393758
393759
393760
393761
393762
393763
393764
393765
393767
393768
393769
393770
393771
393772
393774
393775
393776
393777
393781
393783
393785
393787
393788
393789
393790
393791
393793
393794
393795
393796
393797
393799
393800
393801
393802
393803
393804
393805
393806
393808
393809
393812
393813
393814
393815
393816
393817
393818
393819
393820
393821
393822
393823
393824
393825
393826
393827
393828
393829
393832
393833
393834
393835
393836
393837
393838
393840
393841
393842
393843
393844
393845
393846
393848
393849
393850
393852
393853
393854
393855
393856
393857
393858
393859
393860
393862
393863
393864
393865
393866
393867
393868
393869
393871
393872
393873
393876
393877
393880
393881
393882
393883
393884
393885
393886
393888
393889
393890
393891
393892
393893
393894
393896
393897
393898
393900
393901
393903
393904
393905
393906
393907
393908
393909
393910
393911
393912
393913
393914
393915
393916
393917
393918
393919
393920
393921
393922
393923
393924
393925
393926
393927
393928
393929
393930
393931
393932
393933
393934
393935
393936
393937
393938
393939
393940
393941
393942
393943
393944
393945
393946
393947
393948
393949
393950
393951
393953
393954
393955
393956
393957
393958
393959
393960
393961
393962
393963
393965
393966
393967
393968
393970
393971
393972
393973
393974
393975
393977
393978
393979
393980
393982
393983
393984
393985
393986
393987
393989
393990
393991
393992
393993
393994
393995
393996
393997
393999
