264750
264753
264754
264756
264758
264761
264763
264766
264767
264768
264769
264770
264771
264772
264774
264775
264776
264777
264778
264779
264780
264781
264782
264783
264784
264785
264786
264787
264788
264789
264790
264792
264793
264794
264795
264796
264797
264798
264799
264800
264802
264803
264804
264805
264806
264807
264808
264809
264810
264811
264812
264813
264814
264815
264816
264817
264818
264819
264820
264821
264822
264823
264824
264825
264826
264827
264828
264829
264830
264831
264832
264833
264834
264837
264838
264839
264841
264843
264844
264845
264847
264848
264849
264851
264853
264854
264855
264856
264857
264858
264860
264861
264862
264863
264864
264865
264866
264867
264868
264869
264870
264871
264874
264875
264876
264877
264878
264879
264880
264881
264882
264883
264884
264885
264886
264887
264888
264889
264890
264891
264892
264893
264894
264895
264896
264897
264898
264899
264900
264901
264902
264903
264904
264905
264906
264907
264908
264909
264910
264911
264912
264913
264915
264917
264918
264920
264922
264923
264924
264925
264928
264929
264930
264932
264933
264935
264936
264937
264939
264941
264942
264943
264944
264945
264946
264947
264949
264950
264951
264953
264957
264958
264959
264960
264961
264962
264963
264964
264965
264966
264967
264968
264969
264970
264971
264972
264975
264976
264977
264978
264988
264990
264991
264992
264993
264994
264995
264996
264997
264999
