235750
235751
235752
235753
235754
235755
235756
235757
235759
235760
235761
235762
235763
235764
235765
235766
235767
235768
235769
235770
235771
235772
235773
235774
235775
235776
235777
235778
235779
235780
235781
235782
235783
235784
235785
235786
235787
235788
235789
235790
235791
235793
235794
235795
235796
235797
235798
235799
235800
235801
235802
235803
235804
235805
235806
235807
235808
235809
235810
235811
235812
235813
235814
235815
235817
235818
235819
235820
235821
235822
235823
235824
235825
235826
235827
235828
235829
235830
235831
235832
235833
235834
235835
235836
235837
235838
235839
235841
235842
235843
235844
235845
235846
235847
235848
235849
235850
235851
235852
235853
235854
235855
235856
235857
235858
235859
235860
235861
235862
235863
235865
235866
235867
235868
235869
235870
235871
235872
235873
235874
235875
235876
235877
235878
235879
235880
235881
235882
235883
235885
235886
235888
235889
235890
235891
235892
235893
235895
235896
235897
235898
235899
235900
235901
235902
235903
235904
235905
235906
235907
235908
235909
235910
235911
235912
235913
235914
235915
235916
235917
235919
235920
235921
235922
235923
235924
235925
235926
235927
235928
235929
235930
235931
235932
235933
235934
235935
235936
235937
235938
235939
235940
235941
235943
235944
235945
235946
235947
235948
235949
235950
235951
235952
235953
235954
235955
235956
235957
235958
235959
235960
235961
235962
235963
235964
235967
235969
235970
235973
235974
235975
235977
235978
235979
235980
235981
235982
235983
235984
235985
235987
235989
235990
235991
235992
235994
235996
235999
