325250
325251
325252
325253
325254
325255
325256
325257
325258
325259
325260
325261
325262
325264
325265
325266
325268
325269
325271
325272
325273
325275
325276
325278
325279
325280
325282
325283
325285
325286
325287
325288
325289
325290
325292
325293
325294
325295
325296
325297
325299
325300
325302
325305
325306
325308
325310
325311
325312
325313
325314
325315
325316
325317
325318
325319
325320
325321
325322
325323
325324
325325
325326
325327
325328
325329
325330
325331
325333
325334
325335
325336
325337
325339
325340
325341
325343
325344
325345
325346
325347
325350
325355
325358
325363
325364
325365
325366
325368
325369
325370
325371
325372
325373
325374
325375
325377
325378
325379
325380
325381
325382
325383
325384
325385
325386
325387
325388
325389
325390
325391
325393
325394
325395
325396
325397
325398
325399
325401
325402
325403
325404
325405
325406
325407
325408
325409
325410
325412
325413
325414
325415
325416
325417
325418
325419
325420
325421
325423
325424
325425
325426
325428
325431
325432
325433
325435
325436
325437
325438
325439
325440
325442
325443
325444
325446
325447
325449
325450
325451
325452
325453
325454
325455
325457
325459
325460
325461
325462
325463
325464
325465
325467
325469
325470
325471
325472
325473
325474
325475
325476
325477
325478
325479
325480
325482
325483
325484
325485
325486
325487
325488
325489
325490
325491
325493
325494
325496
325497
325498
325499
