106250
106251
106252
106253
106255
106256
106257
106258
106259
106260
106261
106262
106263
106264
106265
106266
106267
106268
106269
106270
106271
106272
106273
106274
106275
106276
106277
106278
106279
106280
106281
106282
106283
106284
106285
106286
106287
106288
106289
106290
106293
106294
106295
106296
106297
106300
106301
106303
106304
106305
106306
106307
106308
106309
106310
106311
106312
106313
106314
106315
106316
106317
106318
106319
106320
106321
106322
106323
106324
106326
106327
106328
106329
106330
106331
106332
106333
106334
106335
106336
106337
106339
106341
106342
106343
106345
106347
106348
106349
106350
106351
106352
106353
106354
106355
106356
106357
106358
106359
106362
106363
106364
106365
106371
106374
106384
106386
106387
106390
106396
106420
106429
106455
106456
