93250
93251
93252
93254
93256
93257
93258
93259
93260
93262
93263
93264
93266
93268
93269
93270
93271
93272
93273
93274
93275
93277
93278
93279
93280
93281
93282
93283
93284
93285
93288
93289
93290
93291
93293
93294
93295
93296
93297
93298
93299
93300
93301
93302
93303
93304
93306
93307
93308
93309
93310
93311
93313
93314
93315
93316
93317
93318
93319
93320
93321
93322
93323
93325
93326
93327
93328
93329
93330
93331
93333
93334
93335
93336
93337
93338
93339
93340
93341
93342
93343
93344
93345
93346
93350
93351
93352
93353
93357
93358
93359
93361
93362
93363
93364
93365
93366
93367
93368
93369
93370
93371
93372
93373
93374
93375
93376
93377
93378
93379
93380
93381
93383
93384
93385
93387
93389
93390
93391
93392
93393
93395
93396
93397
93399
93401
93402
93403
93404
93405
93406
93407
93408
93409
93410
93411
93412
93413
93414
93415
93416
93417
93418
93419
93420
93422
93424
93426
93427
93428
93429
93430
93431
93432
93433
93434
93435
93436
93437
93442
93445
93446
93449
93450
93451
93452
93453
93457
93458
93460
93461
93465
93466
93468
93469
93471
93472
93473
93474
93475
93476
93477
93478
93480
93481
93482
93483
93485
93487
93488
93489
93490
93491
93492
93493
93494
93495
93496
93497
93498
93499
