113253
113254
113255
113256
113258
113259
113260
113261
113262
113263
113264
113266
113267
113268
113269
113270
113272
113273
113274
113275
113276
113278
113279
113280
113281
113285
113286
113288
113289
113290
113291
113292
113294
113295
113296
113297
113298
113299
113300
113301
113302
113303
113305
113308
113309
113311
113312
113313
113315
113316
113317
113318
113319
113320
113321
113323
113324
113327
113329
113330
113331
113333
113334
113335
113337
113338
113339
113340
113341
113342
113344
113345
113346
113347
113348
113352
113353
113354
113355
113356
113357
113358
113359
113360
113361
113362
113363
113364
113365
113366
113367
113368
113369
113370
113371
113372
113373
113374
113375
113376
113377
113378
113379
113380
113381
113382
113383
113384
113386
113387
113390
113391
113392
113393
113394
113395
113401
113402
113403
113404
113406
113407
113408
113409
113410
113411
113412
113413
113414
113415
113416
113417
113418
113419
113420
113421
113422
113423
113424
113425
113426
113427
113428
113429
113430
113431
113432
113433
113434
113435
113436
113437
113439
113440
113441
113442
113443
113444
113445
113447
113448
113452
113453
113454
113455
113456
113457
113458
113459
113460
113461
113462
113464
113465
113467
113468
113469
113470
113471
113472
113473
113475
113478
113479
113480
113482
113483
113484
113486
113487
113488
113489
113490
113491
113492
113493
113494
113495
