467001
467002
467003
467004
467005
467006
467007
467008
467009
467010
467011
467012
467013
467014
467016
467017
467019
467020
467021
467022
467023
467025
467026
467028
467029
467030
467031
467032
467033
467035
467036
467037
467039
467040
467041
467042
467043
467044
467045
467046
467049
467051
467052
467054
467055
467056
467057
467058
467059
467061
467063
467064
467065
467067
467070
467071
467072
467073
467074
467075
467076
467077
467078
467079
467080
467081
467082
467083
467084
467085
467086
467087
467088
467089
467090
467091
467092
467093
467094
467095
467096
467097
467098
467099
467100
467101
467102
467103
467104
467105
467106
467107
467108
467109
467110
467111
467112
467113
467114
467115
467116
467117
467118
467119
467120
467121
467122
467124
467125
467126
467127
467128
467129
467130
467131
467132
467133
467134
467135
467136
467137
467138
467139
467140
467141
467142
467143
467144
467145
467146
467147
467148
467149
467150
467151
467152
467154
467156
467157
467158
467159
467162
467163
467165
467166
467167
467168
467169
467171
467172
467173
467174
467175
467177
467178
467179
467181
467182
467184
467185
467186
467188
467189
467191
467192
467194
467195
467196
467198
467199
467201
467202
467204
467205
467206
467208
467209
467210
467212
467213
467214
467215
467216
467217
467218
467219
467220
467221
467222
467223
467224
467225
467226
467227
467228
467229
467231
467233
467234
467236
467237
467238
467239
467240
467242
467243
467244
467245
467246
467247
