394000
394001
394002
394003
394004
394005
394006
394007
394009
394010
394011
394012
394013
394014
394015
394016
394017
394018
394019
394020
394022
394023
394024
394025
394026
394027
394028
394029
394030
394032
394033
394034
394035
394036
394037
394038
394039
394040
394042
394043
394044
394045
394046
394047
394048
394049
394050
394052
394053
394054
394055
394056
394057
394058
394059
394060
394062
394063
394064
394065
394066
394067
394068
394069
394070
394072
394073
394074
394075
394076
394077
394078
394079
394080
394082
394083
394084
394085
394086
394087
394088
394089
394090
394092
394093
394094
394095
394096
394097
394098
394099
394100
394102
394103
394104
394105
394106
394107
394108
394109
394110
394112
394113
394114
394115
394116
394117
394118
394119
394120
394122
394123
394124
394125
394126
394127
394128
394129
394130
394132
394133
394134
394135
394136
394137
394138
394139
394140
394142
394143
394144
394145
394146
394147
394148
394149
394150
394152
394153
394154
394155
394156
394157
394158
394159
394160
394162
394164
394165
394166
394167
394168
394169
394171
394173
394174
394175
394176
394177
394178
394179
394180
394181
394182
394183
394184
394185
394186
394187
394188
394190
394191
394192
394193
394194
394195
394196
394197
394198
394199
394200
394201
394202
394203
394204
394205
394206
394207
394208
394209
394210
394211
394212
394213
394214
394215
394216
394217
394218
394219
394220
394221
394222
394223
394224
394225
394226
394227
394228
394229
394230
394231
394232
394233
394234
394235
394236
394237
394238
394239
394240
394241
394242
394243
394244
394245
394246
394247
