13501
13502
13503
13504
13506
13508
13509
13513
13514
13516
13517
13518
13519
13525
13526
13527
13528
13531
13532
13533
13534
13537
13538
13539
13540
13543
13544
13545
13546
13549
13550
13551
13552
13555
13556
13557
13558
13560
13561
13562
13563
13564
13566
13568
13569
13570
13571
13572
13573
13577
13588
13589
13590
13591
13592
13593
13594
13595
13596
13598
13601
13602
13603
13604
13611
13613
13614
13615
13616
13618
13619
13620
13621
13623
13624
13627
13629
13630
13631
13633
13635
13636
13637
13638
13639
13640
13641
13642
13643
13644
13645
13646
13647
13648
13649
13650
13651
13652
13653
13655
13658
13660
13661
13662
13663
13664
13665
13666
13667
13668
13669
13670
13671
13672
13673
13674
13675
13676
13677
13679
13680
13681
13683
13685
13686
13687
13689
13690
13691
13692
13693
13695
13696
13698
13699
13701
13703
13704
13705
13707
13708
13709
13711
13717
13718
13719
13720
13721
13722
13723
13724
13725
13726
13727
13728
13729
13730
13731
13732
13733
13734
13735
13736
13737
13739
13740
13742
13743
13744
13745
