392500
392501
392502
392503
392504
392506
392508
392509
392510
392511
392512
392513
392514
392515
392516
392517
392518
392519
392521
392522
392523
392525
392526
392527
392529
392530
392531
392532
392533
392534
392538
392539
392540
392541
392542
392545
392546
392547
392548
392549
392550
392551
392552
392553
392554
392555
392557
392558
392559
392561
392563
392564
392565
392566
392568
392569
392570
392571
392572
392574
392575
392576
392577
392578
392579
392581
392583
392584
392586
392587
392588
392590
392591
392593
392594
392595
392596
392597
392598
392600
392601
392602
392603
392604
392605
392607
392608
392609
392610
392612
392613
392614
392616
392617
392618
392619
392620
392621
392622
392623
392624
392626
392627
392629
392630
392631
392632
392633
392634
392635
392636
392637
392638
392639
392640
392641
392643
392644
392645
392647
392649
392650
392651
392652
392653
392654
392655
392656
392657
392658
392659
392660
392661
392662
392665
392666
392667
392670
392671
392672
392673
392674
392676
392677
392678
392679
392680
392681
392682
392684
392685
392686
392687
392689
392690
392691
392692
392693
392694
392695
392696
392697
392699
392700
392701
392702
392703
392704
392706
392707
392708
392709
392710
392711
392712
392714
392715
392716
392717
392718
392720
392721
392723
392724
392725
392726
392727
392728
392729
392730
392731
392732
392735
392736
392737
392739
392741
392743
392744
392745
392747
392748
392749
