172501
172502
172503
172504
172505
172506
172507
172508
172509
172510
172511
172512
172513
172514
172515
172516
172517
172518
172519
172520
172521
172522
172524
172525
172526
172527
172529
172530
172532
172533
172535
172536
172538
172540
172541
172542
172543
172544
172547
172548
172549
172550
172551
172553
172554
172557
172558
172559
172561
172562
172563
172564
172565
172566
172567
172568
172569
172570
172571
172572
172576
172578
172579
172580
172581
172582
172583
172584
172585
172587
172588
172590
172591
172592
172593
172596
172599
172601
172603
172604
172605
172606
172607
172608
172610
172611
172613
172614
172615
172616
172617
172618
172620
172621
172622
172623
172624
172625
172626
172628
172629
172630
172631
172632
172634
172635
172636
172637
172638
172640
172641
172642
172643
172645
172646
172648
172649
172650
172651
172652
172653
172654
172655
172656
172658
172659
172660
172661
172662
172663
172664
172665
172666
172667
172669
172670
172672
172673
172675
172677
172678
172680
172681
172682
172683
172684
172685
172686
172687
172688
172690
172691
172693
172695
172696
172698
172699
172700
172702
172703
172705
172706
172707
172708
172709
172711
172712
172713
172714
172715
172716
172717
172718
172719
172720
172721
172722
172723
172724
172725
172728
172731
172734
172737
172740
172741
172742
172743
172744
172747
172748
172749
