159500
159501
159502
159503
159504
159507
159508
159509
159511
159513
159514
159516
159517
159518
159519
159520
159521
159522
159523
159524
159525
159526
159527
159528
159529
159531
159532
159534
159535
159537
159538
159539
159540
159541
159542
159543
159544
159545
159547
159548
159549
159550
159551
159552
159553
159554
159555
159556
159558
159559
159560
159561
159563
159564
159565
159566
159567
159568
159569
159570
159571
159572
159573
159576
159577
159578
159579
159581
159583
159584
159585
159586
159587
159590
159593
159595
159596
159597
159598
159599
159600
159601
159602
159603
159604
159605
159606
159607
159608
159609
159610
159611
159612
159613
159614
159615
159616
159617
159618
159619
159620
159621
159622
159623
159624
159625
159626
159627
159628
159629
159630
159631
159632
159634
159635
159636
159637
159638
159639
159640
159641
159642
159643
159644
159645
159646
159647
159649
159650
159651
159652
159653
159654
159655
159656
159657
159659
159660
159662
159663
159664
159665
159666
159667
159668
159669
159670
159671
159672
159674
159675
159676
159677
159678
159679
159680
159681
159682
159683
159685
159686
159687
159689
159693
159694
159696
159697
159698
159699
159700
159701
159702
159703
159704
159705
159706
159707
159708
159709
159710
159711
159712
159713
159714
159715
159717
159720
159721
159723
159724
159725
159726
159729
159730
159731
159732
159733
159734
159735
159736
159737
159738
159739
159740
159741
159742
159744
159746
159747
159748
159749
