393250
393251
393252
393253
393254
393255
393256
393257
393259
393261
393262
393263
393264
393265
393266
393267
393268
393269
393270
393271
393272
393273
393274
393275
393276
393277
393279
393280
393281
393283
393284
393285
393286
393288
393289
393290
393293
393294
393295
393297
393298
393299
393301
393302
393303
393304
393305
393306
393307
393308
393309
393311
393312
393313
393315
393316
393318
393319
393320
393322
393323
393324
393325
393326
393327
393329
393330
393331
393333
393334
393335
393336
393337
393338
393339
393340
393341
393342
393343
393344
393345
393346
393347
393349
393350
393351
393353
393354
393355
393357
393358
393359
393360
393361
393363
393364
393365
393368
393369
393370
393371
393372
393375
393376
393377
393378
393379
393380
393382
393383
393384
393385
393386
393387
393388
393389
393390
393391
393392
393393
393394
393395
393399
393400
393401
393405
393406
393407
393408
393411
393412
393413
393414
393417
393418
393419
393420
393421
393422
393423
393424
393425
393426
393427
393429
393430
393431
393432
393433
393434
393435
393436
393437
393439
393440
393441
393442
393443
393445
393446
393447
393448
393449
393450
393451
393452
393453
393455
393456
393457
393458
393459
393460
393461
393462
393463
393464
393465
393466
393467
393468
393469
393470
393471
393472
393473
393476
393477
393478
393479
393480
393481
393482
393483
393484
393485
393487
393488
393489
393490
393492
393493
393494
393495
393496
393497
393498
