69251
69252
69253
69254
69255
69257
69258
69259
69261
69262
69263
69264
69265
69266
69267
69268
69269
69273
69275
69279
69280
69281
69282
69283
69284
69285
69286
69289
69290
69291
69293
69294
69297
69298
69299
69301
69302
69303
69304
69305
69306
69307
69308
69309
69311
69312
69315
69316
69320
69321
69322
69324
69325
69326
69327
69330
69331
69332
69333
69337
69338
69342
69343
69344
69345
69348
69349
69350
69351
69352
69353
69354
69358
69363
69368
69372
69373
69374
69376
69380
69381
69382
69383
69384
69385
69387
69388
69389
69390
69391
69394
69395
69396
69397
69398
69399
69400
69401
69402
69403
69404
69405
69406
69407
69408
69410
69411
69412
69413
69414
69415
69416
69417
69418
69419
69420
69421
69422
69423
69425
69426
69427
69428
69430
69431
69432
69433
69434
69435
69436
69437
69438
69439
69440
69441
69443
69444
69445
69446
69447
69448
69449
69450
69451
69452
69453
69454
69455
69456
69457
69458
69459
69460
69462
69463
69464
69465
69466
69467
69468
69469
69470
69471
69473
69474
69475
69476
69477
69479
69480
69481
69482
69484
69485
69486
69487
69488
69490
69491
69492
69493
69495
69496
69497
69499
