163750
163751
163752
163753
163754
163755
163756
163757
163758
163759
163760
163761
163762
163763
163764
163765
163766
163768
163770
163771
163772
163773
163774
163777
163778
163779
163780
163781
163783
163784
163785
163786
163787
163789
163790
163791
163792
163793
163794
163795
163796
163797
163802
163807
163812
163817
163819
163827
163832
163837
163842
163843
163844
163846
163847
163849
163850
163851
163852
163853
163854
163855
163856
163857
163859
163868
163870
163871
163872
163873
163876
163877
163879
163881
163884
163885
163886
163889
163890
163891
163892
163893
163894
163895
163896
163898
163899
163900
163901
163903
163904
163905
163906
163907
163908
163909
163911
163912
163913
163914
163915
163916
163917
163918
163919
163920
163921
163922
163923
163924
163925
163926
163930
163931
163932
163936
163937
163938
163939
163942
163943
163946
163947
163948
163949
163950
163951
163952
163953
163954
163955
163956
163957
163958
163959
163960
163961
163962
163963
163964
163966
163967
163968
163969
163970
163971
163972
163973
163974
163975
163976
163977
163978
163979
163980
163981
163983
163984
163985
163986
163987
163988
163990
163991
163992
163993
163994
163995
163997
163998
163999
