235000
235001
235002
235003
235004
235005
235006
235007
235008
235009
235010
235011
235012
235013
235014
235015
235016
235017
235018
235019
235020
235021
235023
235024
235026
235027
235028
235029
235030
235031
235032
235033
235035
235037
235039
235040
235041
235042
235044
235045
235046
235047
235048
235051
235052
235053
235054
235057
235058
235059
235060
235061
235062
235063
235064
235065
235066
235067
235068
235069
235070
235071
235072
235073
235074
235075
235076
235077
235078
235079
235082
235083
235084
235085
235086
235087
235088
235089
235090
235091
235092
235093
235094
235096
235097
235098
235099
235100
235101
235102
235103
235104
235105
235106
235107
235108
235109
235110
235111
235112
235113
235114
235115
235116
235117
235118
235119
235121
235122
235123
235124
235125
235126
235127
235128
235129
235130
235132
235133
235134
235135
235136
235137
235138
235139
235143
235144
235145
235147
235148
235149
235150
235151
235156
235159
235160
235161
235162
235165
235166
235167
235168
235169
235170
235171
235172
235175
235176
235178
235180
235181
235182
235183
235184
235186
235187
235188
235190
235192
235193
235194
235195
235196
235197
235198
235199
235200
235201
235202
235203
235204
235205
235206
235207
235209
235210
235211
235212
235213
235214
235215
235216
235218
235219
235220
235221
235222
235223
235224
235226
235229
235230
235232
235234
235235
235236
235237
235238
235239
235240
235241
235242
235243
235245
235246
235247
