203000
203001
203002
203003
203004
203005
203006
203008
203009
203011
203012
203013
203014
203015
203016
203017
203018
203019
203021
203022
203023
203024
203025
203027
203028
203029
203031
203032
203033
203035
203036
203037
203038
203039
203040
203041
203042
203043
203044
203045
203046
203047
203048
203049
203050
203051
203052
203053
203054
203055
203056
203058
203059
203060
203061
203063
203064
203065
203066
203067
203068
203069
203070
203071
203072
203073
203074
203075
203076
203077
203078
203079
203080
203081
203082
203083
203084
203085
203086
203087
203088
203089
203090
203091
203092
203093
203094
203095
203097
203098
203099
203102
203103
203104
203105
203106
203107
203108
203109
203111
203112
203113
203114
203115
203116
203117
203118
203120
203121
203122
203123
203124
203125
203126
203127
203129
203130
203131
203132
203133
203134
203135
203136
203138
203139
203140
203141
203142
203143
203144
203145
203147
203148
203149
203150
203151
203152
203153
203154
203156
203157
203158
203159
203160
203161
203162
203163
203165
203166
203167
203168
203169
203170
203171
203172
203174
203175
203176
203177
203178
203179
203180
203181
203183
203184
203185
203186
203187
203188
203189
203190
203192
203193
203194
203195
203196
203197
203198
203199
203201
203202
203203
203204
203205
203206
203207
203208
203210
203211
203212
203213
203214
203215
203216
203217
203219
203220
203221
203222
203223
203224
203225
203226
203228
203229
203230
203231
203232
203233
203234
203235
203237
203238
203239
203240
203241
203242
203243
203244
203245
203246
203247
203249
