315500
315501
315502
315503
315504
315505
315506
315507
315508
315509
315510
315511
315512
315513
315514
315515
315516
315517
315518
315519
315520
315521
315522
315523
315524
315525
315526
315527
315528
315529
315530
315531
315532
315533
315534
315535
315538
315539
315540
315541
315543
315544
315545
315546
315548
315549
315550
315552
315553
315554
315556
315557
315559
315560
315562
315563
315564
315565
315566
315567
315568
315569
315570
315571
315572
315573
315574
315576
315578
315579
315580
315581
315583
315584
315587
315588
315589
315590
315593
315595
315596
315599
315601
315602
315603
315604
315605
315606
315607
315608
315609
315610
315611
315612
315613
315614
315615
315616
315617
315618
315619
315620
315621
315622
315625
315626
315627
315628
315630
315631
315632
315633
315634
315635
315636
315638
315639
315641
315642
315644
315645
315647
315649
315650
315652
315653
315654
315655
315656
315657
315658
315659
315660
315661
315662
315663
315664
315665
315666
315667
315668
315669
315670
315671
315672
315674
315675
315676
315677
315678
315679
315680
315681
315682
315683
315684
315685
315686
315687
315688
315689
315690
315691
315692
315693
315694
315695
315696
315697
315699
315700
315701
315702
315703
315704
315705
315706
315707
315708
315709
315710
315711
315713
315714
315715
315716
315717
315718
315719
315720
315721
315722
315723
315724
315725
315727
315729
315730
315731
315732
315733
315734
315735
315736
315737
315738
315739
315740
315741
315743
315744
315745
315746
315747
315748
315749
