171250
171251
171253
171254
171255
171256
171257
171258
171260
171261
171262
171263
171264
171265
171266
171267
171268
171269
171270
171271
171272
171273
171274
171275
171276
171277
171287
171288
171289
171290
171294
171295
171296
171297
171298
171299
171300
171301
171302
171303
171304
171305
171306
171307
171308
171309
171310
171311
171312
171313
171314
171316
171318
171319
171320
171322
171324
171325
171326
171327
171328
171329
171330
171331
171332
171333
171334
171335
171339
171340
171341
171342
171343
171344
171345
171346
171347
171348
171351
171352
171353
171356
171357
171358
171361
171362
171363
171364
171366
171367
171368
171369
171370
171371
171372
171374
171375
171376
171377
171378
171379
171380
171381
171382
171383
171385
171386
171387
171388
171389
171390
171391
171392
171394
171395
171396
171397
171398
171399
171400
171401
171402
171403
171404
171405
171406
171408
171410
171411
171412
171414
171415
171416
171419
171420
171421
171422
171423
171424
171425
171427
171428
171429
171430
171431
171432
171433
171434
171435
171436
171437
171438
171439
171440
171441
171442
171443
171444
171445
171446
171447
171448
171449
171451
171452
171453
171454
171455
171456
171457
171458
171459
171460
171461
171462
171463
171464
171465
171466
171467
171468
171469
171470
171471
171472
171473
171475
171476
171477
171478
171479
171480
171481
171482
171483
171484
171485
171486
171487
171488
171489
171490
171491
171492
171493
171494
171495
171496
171497
171498
171499
