448500
448501
448503
448504
448506
448507
448508
448509
448510
448512
448513
448514
448515
448519
448520
448521
448522
448523
448524
448525
448526
448527
448528
448529
448530
448531
448532
448534
448535
448536
448537
448538
448540
448541
448542
448543
448545
448547
448548
448549
448550
448551
448552
448553
448554
448555
448557
448558
448559
448560
448561
448562
448564
448565
448566
448567
448568
448569
448572
448573
448574
448575
448577
448578
448579
448580
448582
448583
448584
448585
448586
448587
448588
448589
448590
448591
448592
448593
448594
448595
448597
448598
448600
448601
448602
448603
448605
448606
448608
448609
448610
448611
448612
448614
448615
448616
448617
448620
448621
448622
448623
448625
448626
448627
448630
448631
448632
448633
448635
448636
448637
448638
448642
448643
448644
448645
448646
448647
448649
448650
448651
448652
448653
448654
448655
448656
448657
448658
448659
448660
448661
448662
448663
448664
448665
448666
448667
448668
448669
448670
448671
448672
448673
448674
448675
448676
448677
448678
448679
448680
448681
448682
448683
448684
448685
448686
448687
448688
448689
448690
448693
448694
448695
448696
448699
448700
448701
448702
448703
448704
448705
448706
448707
448708
448709
448710
448711
448712
448713
448715
448716
448717
448718
448720
448721
448723
448725
448726
448727
448728
448729
448730
448731
448732
448733
448734
448735
448736
448737
448738
448739
448740
448742
448743
448744
448745
448746
448747
448748
448749
