342250
342252
342253
342254
342255
342256
342257
342258
342259
342260
342261
342262
342263
342264
342265
342267
342268
342269
342270
342271
342272
342274
342276
342277
342279
342280
342281
342282
342283
342284
342286
342287
342288
342289
342291
342292
342293
342294
342296
342297
342298
342299
342300
342301
342302
342303
342307
342311
342315
342317
342318
342319
342320
342321
342322
342323
342324
342325
342326
342331
342332
342334
342335
342336
342337
342338
342339
342340
342341
342342
342343
342344
342346
342347
342348
342349
342350
342351
342352
342353
342354
342355
342356
342357
342358
342359
342360
342361
342362
342363
342364
342365
342366
342367
342370
342372
342373
342374
342375
342376
342378
342379
342381
342382
342383
342384
342385
342386
342387
342388
342389
342390
342391
342392
342394
342395
342396
342397
342398
342399
342400
342401
342402
342403
342404
342405
342407
342408
342409
342410
342411
342412
342414
342415
342416
342417
342418
342419
342421
342422
342423
342424
342425
342426
342428
342429
342430
342431
342432
342433
342434
342435
342436
342437
342438
342439
342440
342441
342442
342443
342444
342445
342446
342447
342448
342449
342461
342462
342463
342464
342465
342470
342471
342472
342481
342482
342483
342487
342488
342489
342490
342491
342492
342493
342494
342496
342497
342499
