275250
275251
275252
275253
275254
275255
275256
275257
275258
275259
275260
275261
275262
275263
275264
275266
275267
275268
275269
275270
275271
275272
275273
275275
275276
275277
275279
275280
275281
275282
275283
275284
275285
275286
275287
275288
275289
275290
275291
275293
275294
275295
275296
275298
275299
275300
275301
275302
275303
275304
275305
275306
275308
275309
275310
275311
275312
275313
275314
275315
275316
275317
275318
275319
275320
275322
275323
275324
275326
275327
275329
275330
275332
275333
275334
275335
275336
275338
275340
275341
275344
275345
275346
275347
275348
275349
275350
275351
275352
275353
275354
275355
275356
275357
275359
275360
275361
275362
275364
275365
275366
275368
275369
275370
275371
275372
275373
275375
275376
275378
275380
275383
275384
275385
275388
275389
275390
275391
275392
275393
275394
275395
275396
275397
275398
275399
275400
275401
275402
275404
275405
275406
275407
275408
275409
275410
275411
275413
275414
275415
275416
275417
275418
275419
275420
275421
275422
275424
275425
275426
275427
275428
275429
275430
275432
275433
275434
275435
275436
275437
275438
275439
275440
275441
275442
275443
275444
275445
275446
275448
275449
275450
275451
275452
275454
275455
275456
275457
275458
275460
275461
275462
275463
275464
275466
275467
275468
275469
275470
275472
275473
275474
275475
275476
275478
275479
275480
275481
275482
275484
275485
275486
275487
275488
275490
275491
275492
275493
275494
275496
275497
275498
275499
