182500
182501
182502
182503
182505
182506
182507
182508
182509
182511
182512
182514
182515
182517
182518
182519
182520
182521
182522
182525
182526
182527
182528
182529
182532
182533
182534
182535
182536
182540
182541
182542
182543
182544
182545
182546
182547
182548
182549
182550
182551
182552
182554
182555
182556
182557
182558
182559
182560
182561
182562
182563
182564
182565
182566
182567
182568
182569
182570
182571
182572
182573
182574
182575
182576
182577
182578
182579
182580
182581
182582
182583
182584
182585
182586
182587
182588
182589
182591
182592
182594
182595
182597
182598
182600
182601
182603
182604
182606
182607
182609
182610
182613
182614
182616
182617
182618
182619
182621
182622
182623
182625
182626
182628
182629
182631
182632
182635
182636
182637
182638
182639
182640
182641
182642
182643
182644
182645
182646
182647
182648
182649
182650
182651
182652
182653
182654
182656
182657
182661
182664
182665
182666
182667
182668
182669
182670
182671
182672
182673
182674
182675
182676
182678
182681
182682
182683
182686
182688
182689
182690
182691
182692
182694
182695
182696
182697
182698
182699
182700
182702
182703
182704
182705
182706
182707
182708
182710
182711
182712
182713
182714
182715
182716
182718
182719
182720
182721
182722
182728
182730
182732
182733
182734
182735
182736
182737
182738
182739
182740
182741
182745
182746
182747
182749
