142500
142501
142502
142503
142504
142505
142506
142507
142508
142509
142510
142511
142512
142513
142517
142518
142519
142520
142521
142527
142528
142529
142530
142531
142532
142533
142535
142538
142540
142541
142544
142545
142548
142550
142551
142552
142554
142557
142559
142560
142561
142563
142564
142566
142568
142569
142571
142572
142573
142574
142575
142576
142577
142578
142579
142580
142581
142582
142583
142584
142586
142587
142588
142590
142592
142594
142595
142596
142598
142600
142602
142603
142605
142608
142609
142610
142611
142612
142614
142616
142617
142618
142619
142620
142621
142623
142624
142625
142627
142628
142630
142632
142633
142634
142635
142636
142637
142639
142640
142641
142642
142643
142644
142645
142646
142648
142649
142650
142651
142652
142654
142655
142657
142658
142659
142660
142662
142663
142664
142665
142667
142668
142669
142670
142671
142672
142673
142675
142676
142677
142678
142679
142680
142681
142682
142683
142684
142685
142686
142687
142688
142690
142691
142692
142693
142695
142696
142697
142698
142701
142702
142703
142704
142706
142707
142711
142712
142713
142715
142717
142718
142719
142720
142721
142722
142723
142724
142725
142726
142728
142729
142730
142731
142732
142733
142734
142735
142736
142737
142738
142739
142740
142741
142742
142743
142744
142745
142746
142747
142748
