187751
187752
187753
187755
187756
187757
187759
187760
187761
187762
187763
187764
187765
187766
187767
187768
187769
187771
187772
187773
187774
187775
187776
187778
187779
187780
187781
187782
187783
187784
187785
187786
187787
187790
187792
187793
187794
187795
187796
187801
187802
187803
187804
187805
187806
187807
187808
187809
187810
187811
187812
187813
187814
187815
187816
187817
187818
187819
187820
187821
187822
187823
187825
187826
187827
187828
187829
187833
187835
187836
187838
187839
187840
187841
187842
187843
187844
187845
187846
187847
187848
187849
187850
187851
187852
187853
187854
187855
187857
187858
187859
187860
187862
187863
187864
187865
187867
187868
187870
187872
187873
187874
187875
187876
187877
187878
187879
187880
187881
187882
187883
187884
187885
187886
187887
187888
187889
187890
187891
187892
187894
187895
187897
187898
187899
187900
187901
187902
187903
187904
187907
187909
187910
187912
187913
187914
187915
187916
187917
187918
187919
187920
187922
187923
187924
187925
187926
187927
187929
187930
187931
187932
187933
187934
187935
187937
187938
187939
187940
187941
187943
187944
187946
187947
187948
187949
187950
187951
187952
187953
187954
187955
187956
187957
187958
187959
187960
187961
187962
187963
187964
187965
187966
187967
187968
187969
187970
187971
187972
187974
187975
187976
187978
187979
187980
187982
187983
187984
187985
187986
187987
187989
187990
187991
187995
187996
187997
