139750
139751
139752
139753
139754
139755
139756
139757
139759
139760
139761
139762
139763
139764
139765
139766
139767
139768
139769
139770
139771
139772
139774
139775
139777
139778
139779
139780
139781
139782
139783
139784
139785
139786
139789
139790
139791
139792
139793
139794
139795
139796
139797
139798
139799
139800
139801
139804
139805
139806
139807
139809
139810
139811
139812
139813
139814
139815
139816
139817
139818
139819
139820
139821
139822
139823
139824
139825
139826
139828
139829
139830
139831
139832
139833
139834
139835
139836
139837
139838
139839
139840
139841
139842
139843
139844
139845
139847
139848
139849
139850
139851
139852
139853
139854
139855
139856
139857
139859
139860
139861
139862
139863
139864
139865
139866
139867
139869
139870
139872
139873
139874
139875
139876
139877
139878
139879
139880
139881
139882
139883
139884
139885
139886
139888
139889
139890
139891
139892
139893
139894
139895
139896
139897
139898
139899
139900
139901
139902
139903
139904
139905
139906
139907
139908
139910
139911
139914
139916
139917
139919
139920
139921
139922
139923
139924
139925
139926
139927
139929
139930
139931
139932
139935
139936
139937
139938
139941
139945
139946
139947
139948
139949
139950
139951
139952
139953
139954
139955
139956
139957
139959
139960
139961
139962
139963
139964
139965
139967
139968
139969
139970
139971
139972
139973
139975
139976
139978
139979
139980
139983
139984
139987
139989
139990
139991
139992
139993
139995
139996
139997
139998
139999
