328500
328501
328502
328503
328504
328505
328506
328507
328511
328512
328515
328516
328518
328519
328520
328522
328523
328524
328525
328526
328527
328528
328529
328530
328531
328532
328534
328535
328536
328537
328539
328540
328544
328545
328546
328547
328548
328549
328550
328551
328552
328553
328555
328556
328557
328558
328559
328560
328561
328562
328563
328564
328565
328566
328568
328569
328570
328571
328572
328575
328576
328577
328578
328579
328580
328581
328584
328587
328588
328589
328590
328591
328592
328593
328594
328595
328596
328597
328598
328599
328600
328601
328602
328603
328604
328605
328606
328607
328609
328611
328612
328614
328616
328617
328618
328619
328620
328621
328622
328623
328624
328625
328626
328627
328628
328630
328631
328632
328633
328635
328636
328637
328638
328639
328640
328641
328642
328644
328645
328647
328648
328650
328652
328654
328657
328658
328659
328660
328661
328662
328663
328664
328668
328669
328670
328671
328673
328674
328675
328676
328678
328679
328680
328681
328682
328683
328684
328685
328686
328687
328688
328689
328690
328691
328692
328693
328694
328695
328696
328697
328698
328699
328700
328701
328702
328703
328705
328706
328707
328708
328709
328710
328711
328712
328713
328714
328715
328716
328717
328719
328720
328721
328722
328723
328724
328725
328726
328727
328728
328729
328731
328732
328733
328734
328735
328736
328737
328738
328740
328741
328742
328743
328744
328745
328746
328747
328748
328749
