449750
449752
449753
449754
449756
449757
449758
449759
449761
449762
449763
449765
449766
449767
449770
449771
449772
449773
449774
449775
449776
449779
449781
449782
449783
449785
449786
449787
449788
449790
449791
449792
449794
449795
449796
449797
449799
449800
449801
449803
449804
449806
449807
449808
449809
449810
449811
449813
449814
449815
449817
449818
449819
449820
449821
449823
449824
449825
449827
449829
449830
449831
449832
449833
449835
449838
449839
449840
449843
449846
449847
449848
449849
449850
449851
449854
449855
449856
449857
449858
449859
449860
449861
449862
449863
449864
449865
449866
449867
449868
449869
449870
449871
449872
449873
449874
449875
449876
449877
449878
449879
449880
449881
449882
449883
449884
449885
449886
449887
449888
449889
449890
449891
449892
449893
449894
449895
449896
449897
449898
449899
449900
449901
449902
449903
449904
449905
449906
449907
449908
449909
449910
449911
449912
449913
449914
449915
449916
449917
449918
449919
449921
449922
449923
449924
449925
449926
449927
449928
449929
449931
449932
449934
449935
449936
449937
449938
449939
449940
449941
449942
449943
449944
449945
449946
449947
449948
449949
449950
449951
449953
449954
449955
449956
449958
449959
449960
449961
449962
449963
449964
449965
449966
449968
449970
449972
449973
449974
449975
449976
449978
449980
449982
449983
449984
449985
449986
449987
449988
449989
449990
449991
449993
449994
449995
449996
449998
449999
