209751
209752
209753
209754
209756
209757
209758
209759
209761
209762
209763
209764
209765
209767
209768
209769
209770
209774
209775
209779
209781
209782
209783
209784
209786
209787
209788
209789
209791
209792
209793
209794
209795
209796
209798
209799
209800
209801
209802
209803
209804
209805
209806
209807
209808
209809
209810
209811
209813
209814
209815
209816
209817
209818
209819
209820
209821
209822
209823
209824
209826
209827
209828
209830
209831
209835
209836
209837
209839
209840
209841
209842
209843
209844
209845
209846
209847
209849
209850
209851
209853
209854
209855
209857
209858
209859
209860
209861
209863
209864
209865
209867
209868
209869
209870
209872
209875
209877
209878
209879
209880
209882
209885
209886
209887
209889
209890
209891
209892
209893
209895
209896
209898
209899
209900
209901
209903
209905
209906
209908
209909
209911
209913
209914
209915
209916
209917
209918
209919
209921
209922
209924
209925
209926
209927
209929
209930
209931
209932
209933
209934
209935
209936
209937
209938
209939
209941
209942
209943
209944
209945
209946
209947
209948
209949
209950
209951
209953
209954
209955
209956
209957
209958
209959
209960
209961
209962
209963
209965
209966
209967
209968
209969
209970
209971
209972
209973
209974
209975
209977
209979
209980
209981
209982
209984
209986
209987
209988
209989
209991
209993
209994
209995
209997
209998
209999
