321500
321501
321502
321503
321506
321509
321512
321515
321516
321517
321518
321520
321521
321524
321525
321530
321531
321532
321533
321534
321535
321536
321537
321538
321539
321540
321541
321542
321543
321544
321545
321547
321548
321549
321551
321552
321553
321554
321555
321556
321557
321558
321559
321560
321561
321562
321563
321565
321566
321567
321568
321569
321570
321571
321572
321573
321574
321575
321576
321577
321578
321579
321580
321581
321582
321583
321584
321585
321587
321588
321589
321590
321591
321592
321593
321594
321596
321597
321598
321599
321600
321601
321602
321603
321604
321606
321607
321608
321609
321610
321611
321612
321614
321615
321616
321619
321620
321621
321622
321623
321624
321625
321627
321629
321630
321631
321632
321633
321634
321635
321637
321638
321640
321641
321643
321644
321645
321646
321648
321649
321650
321651
321653
321654
321655
321656
321657
321658
321659
321662
321663
321664
321665
321668
321669
321670
321671
321674
321675
321676
321677
321678
321679
321680
321684
321686
321688
321690
321691
321693
321694
321697
321699
321701
321703
321704
321705
321706
321707
321709
321710
321711
321712
321713
321714
321715
321717
321718
321719
321720
321721
321722
321723
321724
321725
321726
321727
321728
321729
321730
321731
321732
321733
321734
321735
321736
321737
321738
321739
321740
321741
321743
321744
321747
321748
321749
