393000
393001
393002
393003
393004
393005
393006
393007
393008
393009
393010
393011
393012
393013
393014
393015
393016
393017
393018
393019
393020
393021
393022
393023
393024
393025
393026
393027
393028
393029
393030
393031
393032
393033
393034
393035
393036
393037
393038
393039
393040
393041
393042
393043
393044
393045
393046
393047
393048
393049
393050
393051
393052
393053
393054
393055
393056
393057
393058
393059
393060
393061
393062
393063
393064
393065
393066
393067
393068
393069
393070
393071
393072
393073
393074
393075
393076
393077
393078
393079
393080
393081
393082
393083
393084
393085
393086
393087
393088
393089
393093
393094
393095
393096
393097
393098
393099
393100
393101
393102
393103
393104
393105
393106
393107
393108
393109
393110
393111
393112
393113
393114
393115
393116
393117
393118
393119
393120
393121
393122
393123
393124
393125
393126
393127
393128
393129
393131
393132
393133
393135
393136
393137
393138
393139
393140
393141
393142
393143
393144
393145
393146
393149
393150
393151
393152
393153
393154
393159
393160
393161
393162
393163
393164
393165
393166
393167
393168
393169
393170
393171
393172
393173
393175
393176
393177
393178
393179
393181
393182
393183
393184
393185
393186
393187
393188
393189
393190
393191
393192
393193
393194
393195
393196
393197
393198
393199
393200
393201
393202
393203
393204
393205
393206
393207
393208
393209
393210
393211
393212
393213
393214
393215
393216
393217
393218
393219
393220
393221
393222
393223
393224
393225
393226
393228
393229
393230
393231
393232
393233
393235
393236
393237
393238
393239
393240
393241
393242
393243
393244
393245
393247
393248
393249
