274254
274255
274256
274257
274258
274259
274262
274263
274264
274265
274266
274267
274268
274269
274272
274273
274274
274275
274276
274277
274278
274279
274281
274282
274283
274284
274285
274286
274287
274288
274289
274290
274291
274292
274293
274294
274295
274296
274298
274299
274301
274302
274304
274305
274306
274307
274308
274310
274311
274312
274313
274314
274316
274317
274318
274319
274320
274321
274322
274323
274324
274325
274326
274327
274328
274329
274330
274331
274332
274334
274335
274336
274337
274341
274342
274343
274344
274345
274346
274347
274348
274350
274351
274352
274353
274355
274356
274357
274358
274360
274361
274362
274363
274365
274367
274368
274369
274370
274371
274372
274374
274375
274376
274377
274378
274379
274380
274381
274382
274383
274384
274386
274387
274388
274389
274390
274391
274392
274393
274394
274395
274396
274397
274398
274399
274400
274401
274403
274404
274406
274407
274408
274409
274410
274411
274412
274413
274414
274415
274416
274417
274418
274419
274420
274422
274423
274424
274425
274426
274427
274428
274429
274430
274431
274432
274433
274434
274435
274436
274437
274438
274440
274441
274442
274444
274445
274446
274448
274449
274450
274451
274452
274453
274454
274455
274456
274457
274459
274460
274462
274463
274464
274465
274467
274468
274469
274470
274472
274473
274474
274475
274476
274477
274478
274479
274480
274482
274485
274486
274487
274488
274489
274490
274491
274492
274493
274495
274496
274498
274499
