10500
10502
10503
10504
10505
10506
10507
10508
10509
10511
10512
10513
10514
10515
10516
10517
10518
10519
10520
10521
10522
10523
10524
10525
10526
10527
10528
10529
10530
10536
10537
10538
10539
10540
10541
10542
10543
10544
10545
10548
10550
10553
10557
10559
10560
10562
10564
10565
10567
10568
10569
10571
10573
10575
10576
10578
10579
10580
10581
10582
10583
10584
10585
10586
10587
10588
10590
10591
10592
10593
10595
10597
10598
10599
10600
10601
10602
10603
10605
10607
10609
10611
10613
10615
10617
10619
10620
10621
10624
10625
10626
10627
10628
10629
10630
10631
10632
10636
10637
10638
10639
10640
10641
10647
10649
10651
10653
10654
10655
10656
10657
10658
10659
10661
10662
10663
10664
10665
10666
10667
10671
10675
10678
10681
10683
10684
10685
10686
10688
10689
10690
10692
10693
10696
10698
10699
10700
10701
10702
10703
10704
10705
10709
10711
10712
10713
10714
10715
10717
10718
10720
10722
10723
10724
10725
10726
10727
10728
10729
10730
10731
10733
10734
10735
10736
10738
10739
10740
10743
10745
10746
10747
10748
10749
