77500
77501
77502
77503
77504
77505
77506
77508
77509
77510
77512
77513
77514
77516
77517
77518
77519
77520
77521
77522
77523
77525
77526
77527
77528
77529
77531
77532
77533
77534
77535
77536
77537
77538
77539
77542
77543
77544
77545
77546
77547
77548
77549
77550
77551
77552
77554
77555
77557
77558
77559
77560
77561
77562
77563
77565
77566
77567
77568
77569
77570
77572
77573
77574
77575
77576
77577
77579
77581
77582
77585
77587
77591
77592
77593
77594
77596
77598
77599
77601
77603
77604
77606
77607
77608
77609
77610
77611
77613
77614
77616
77617
77618
77619
77620
77622
77635
77637
77638
77639
77641
77642
77643
77644
77645
77646
77647
77648
77649
77650
77651
77652
77653
77654
77655
77656
77658
77659
77660
77662
77665
77666
77667
77668
77669
77670
77671
77674
77675
77676
77677
77678
77680
77681
77682
77683
77684
77687
77688
77689
77690
77691
77693
77694
77695
77696
77698
77699
77700
77701
77702
77703
77704
77705
77706
77707
77708
77709
77710
77711
77712
77713
77714
77715
77716
77717
77718
77719
77720
77721
77722
77723
77724
77725
77726
77727
77729
77730
77732
77734
77735
77737
77739
77740
77742
77743
77744
77745
77746
77748
77749
