433250
433251
433252
433253
433254
433255
433256
433257
433258
433260
433261
433263
433264
433265
433266
433268
433271
433272
433273
433274
433275
433278
433279
433280
433283
433284
433285
433286
433287
433288
433291
433292
433293
433294
433295
433296
433297
433298
433299
433301
433302
433303
433304
433305
433306
433307
433308
433309
433310
433311
433312
433313
433314
433316
433318
433319
433320
433321
433323
433325
433326
433327
433328
433329
433330
433331
433332
433333
433334
433335
433336
433337
433338
433339
433340
433341
433342
433343
433345
433346
433347
433348
433349
433350
433351
433352
433354
433355
433356
433357
433358
433359
433360
433361
433362
433363
433364
433365
433366
433367
433368
433369
433371
433372
433373
433374
433375
433376
433377
433378
433380
433383
433384
433385
433386
433387
433388
433389
433390
433391
433393
433394
433395
433396
433397
433398
433399
433400
433401
433402
433403
433404
433406
433408
433409
433410
433411
433412
433413
433416
433417
433419
433421
433422
433423
433425
433426
433427
433428
433429
433430
433431
433432
433433
433437
433438
433439
433440
433441
433442
433443
433444
433445
433446
433447
433448
433449
433450
433451
433452
433453
433454
433455
433456
433457
433458
433459
433464
433470
433473
433474
433475
433476
433477
433479
433481
433482
433483
433485
433486
433487
433488
433489
433490
433491
433492
433493
433494
433495
433497
433498
433499
