270251
270252
270253
270254
270256
270257
270258
270259
270263
270265
270267
270268
270269
270270
270272
270273
270274
270275
270280
270281
270282
270283
270285
270286
270287
270288
270290
270291
270292
270293
270294
270295
270296
270297
270298
270299
270300
270301
270302
270304
270305
270306
270307
270308
270309
270311
270312
270313
270314
270315
270316
270317
270320
270321
270322
270323
270325
270326
270327
270328
270329
270330
270331
270332
270333
270334
270336
270338
270339
270340
270341
270342
270343
270344
270345
270346
270347
270348
270349
270350
270351
270353
270354
270355
270356
270357
270358
270359
270361
270362
270363
270364
270365
270366
270369
270370
270371
270373
270374
270376
270377
270379
270380
270381
270382
270384
270385
270386
270388
270391
270392
270393
270394
270395
270396
270397
270398
270402
270403
270404
270405
270406
270407
270408
270409
270410
270411
270412
270413
270414
270415
270416
270417
270418
270419
270420
270421
270422
270423
270424
270425
270426
270428
270429
270431
270435
270436
270437
270438
270439
270440
270441
270442
270443
270444
270445
270446
270447
270448
270449
270450
270452
270453
270454
270455
270457
270459
270461
270462
270463
270464
270465
270466
270468
270470
270471
270472
270474
270475
270476
270477
270478
270479
270480
270481
270482
270485
270486
270487
270488
270489
270490
270492
270493
270495
270496
270497
270498
270499
