4001
4002
4003
4004
4005
4006
4007
4009
4010
4011
4012
4013
4014
4015
4016
4017
4018
4019
4021
4025
4027
4028
4030
4032
4033
4034
4035
4037
4038
4039
4040
4041
4045
4047
4048
4049
4050
4052
4053
4054
4055
4056
4058
4062
4063
4064
4066
4067
4069
4070
4071
4072
4073
4074
4075
4076
4077
4078
4079
4080
4081
4082
4083
4085
4086
4087
4088
4089
4090
4091
4092
4093
4094
4095
4096
4097
4098
4100
4101
4102
4103
4104
4106
4107
4108
4109
4110
4111
4112
4115
4116
4117
4118
4119
4120
4123
4124
4126
4127
4128
4129
4130
4131
4132
4133
4135
4136
4137
4138
4139
4142
4144
4145
4148
4149
4150
4151
4153
4155
4156
4157
4158
4159
4160
4161
4162
4163
4164
4165
4167
4170
4171
4174
4175
4178
4179
4185
4187
4188
4189
4190
4191
4192
4194
4196
4200
4201
4202
4203
4204
4205
4206
4208
4209
4211
4212
4213
4214
4216
4217
4218
4219
4220
4221
4222
4223
4224
4226
4227
4233
4234
4235
4236
4237
4238
4240
4242
4243
4244
4245
4246
4247
4248
