31250
31252
31253
31258
31259
31261
31262
31263
31266
31269
31270
31272
31273
31274
31275
31276
31277
31278
31279
31280
31282
31284
31285
31286
31290
31291
31292
31293
31294
31296
31297
31298
31299
31300
31301
31302
31303
31304
31306
31307
31308
31309
31330
31332
31333
31334
31335
31336
31337
31338
31339
31343
31344
31346
31347
31348
31349
31350
31351
31353
31355
31356
31357
31358
31359
31360
31361
31362
31364
31365
31366
31367
31368
31369
31370
31371
31372
31374
31375
31376
31378
31379
31380
31381
31382
31383
31384
31385
31386
31387
31392
31393
31394
31395
31396
31397
31398
31399
31400
31401
31402
31403
31404
31405
31406
31407
31408
31409
31410
31411
31412
31413
31414
31415
31416
31417
31418
31419
31420
31421
31422
31423
31424
31425
31426
31427
31428
31429
31430
31431
31432
31433
31434
31435
31436
31437
31438
31439
31440
31441
31442
31443
31444
31445
31446
31448
31450
31452
31454
31456
31458
31460
31462
31463
31465
31466
31467
31468
31469
31470
31471
31472
31473
31474
31475
31477
31478
31479
31480
31481
31482
31483
31484
31486
31488
31489
31490
31491
31493
31495
31496
31497
31498
31499
