96250
96252
96253
96255
96256
96257
96258
96259
96260
96261
96264
96265
96266
96267
96270
96271
96272
96274
96275
96278
96279
96281
96284
96286
96288
96289
96290
96291
96292
96293
96295
96296
96297
96298
96299
96301
96302
96304
96305
96306
96307
96308
96309
96311
96312
96313
96314
96315
96316
96317
96318
96320
96322
96323
96324
96325
96326
96328
96329
96331
96332
96333
96334
96335
96336
96337
96339
96340
96341
96342
96343
96344
96346
96347
96348
96349
96350
96352
96353
96354
96355
96356
96357
96358
96361
96362
96363
96365
96366
96367
96368
96369
96370
96371
96373
96374
96375
96379
96380
96381
96382
96383
96384
96385
96386
96387
96388
96389
96390
96391
96392
96394
96395
96396
96400
96401
96402
96403
96404
96406
96407
96408
96412
96413
96414
96415
96416
96417
96418
96419
96420
96422
96423
96424
96425
96426
96427
96428
96429
96430
96431
96432
96433
96434
96435
96436
96437
96438
96439
96440
96441
96442
96443
96444
96445
96446
96447
96448
96449
96450
96451
96452
96453
96454
96455
96456
96457
96458
96459
96461
96462
96463
96464
96465
96467
96468
96469
96470
96471
96473
96474
96475
96476
96477
96479
96480
96481
96482
96483
96485
96486
96487
96488
96489
96491
96492
96493
96494
96495
96497
96498
96499
