137250
137251
137252
137253
137254
137255
137256
137257
137258
137259
137260
137261
137262
137263
137264
137265
137266
137267
137268
137270
137271
137272
137273
137276
137277
137278
137279
137281
137282
137284
137285
137286
137288
137289
137290
137291
137292
137293
137294
137298
137300
137301
137302
137304
137305
137306
137307
137308
137309
137310
137311
137312
137314
137315
137316
137317
137318
137319
137320
137321
137322
137323
137324
137325
137326
137327
137328
137329
137330
137331
137332
137333
137335
137336
137337
137338
137343
137344
137345
137346
137347
137348
137349
137350
137351
137352
137353
137354
137355
137357
137358
137359
137360
137361
137362
137363
137364
137365
137367
137368
137369
137370
137371
137372
137374
137377
137378
137380
137381
137383
137384
137385
137387
137390
137391
137392
137393
137395
137396
137397
137398
137399
137400
137402
137403
137404
137405
137406
137407
137411
137412
137413
137414
137415
137416
137418
137419
137420
137421
137422
137423
137426
137427
137428
137429
137430
137432
137433
137434
137435
137436
137438
137439
137440
137441
137443
137444
137448
137449
137451
137452
137453
137454
137455
137456
137457
137459
137460
137461
137462
137463
137464
137465
137466
137467
137468
137469
137470
137471
137473
137474
137475
137476
137477
137478
137479
137480
137481
137482
137483
137484
137486
137487
137488
137489
137490
137491
137492
137493
137494
137495
137497
137498
137499
