367000
367001
367002
367003
367004
367005
367006
367007
367008
367009
367010
367011
367012
367013
367014
367015
367016
367017
367018
367019
367020
367021
367022
367023
367024
367025
367026
367027
367028
367029
367030
367031
367032
367033
367034
367035
367036
367037
367038
367039
367040
367041
367042
367043
367051
367052
367053
367054
367055
367056
367057
367058
367059
367060
367061
367062
367064
367065
367066
367067
367068
367069
367070
367071
367072
367073
367074
367086
367087
367088
367089
367090
367091
367092
367093
367094
367095
367096
367097
367098
367099
367100
367101
367102
367103
367104
367105
367106
367107
367108
367109
367110
367111
367112
367113
367114
367115
367116
367117
367118
367119
367120
367121
367122
367123
367124
367125
367126
367127
367129
367130
367131
367132
367133
367134
367137
367138
367140
367141
367142
367143
367144
367145
367146
367147
367149
367150
367151
367153
367154
367155
367157
367158
367159
367160
367161
367162
367163
367165
367166
367167
367168
367169
367171
367172
367173
367174
367175
367176
367177
367178
367179
367180
367181
367182
367183
367184
367185
367186
367187
367188
367189
367190
367191
367192
367193
367194
367195
367196
367197
367200
367202
367203
367204
367205
367206
367207
367209
367210
367211
367212
367213
367214
367216
367217
367218
367219
367220
367221
367222
367223
367225
367226
367227
367228
367229
367230
367231
367232
367233
367236
367237
367238
367239
367240
367241
367242
367243
367244
367245
367246
367248
367249
