146000
146001
146002
146003
146004
146005
146006
146007
146008
146009
146010
146011
146012
146013
146014
146015
146016
146017
146018
146019
146020
146021
146022
146025
146026
146028
146029
146030
146032
146033
146034
146035
146036
146037
146038
146039
146040
146042
146043
146044
146045
146047
146048
146050
146051
146052
146053
146055
146056
146058
146059
146060
146061
146062
146063
146064
146065
146066
146068
146069
146072
146075
146076
146077
146078
146079
146081
146082
146083
146084
146085
146086
146087
146088
146089
146090
146091
146092
146093
146094
146095
146096
146097
146098
146099
146100
146101
146102
146103
146104
146105
146106
146107
146108
146110
146111
146112
146113
146115
146116
146119
146121
146122
146123
146125
146126
146128
146129
146130
146131
146132
146133
146134
146135
146136
146137
146138
146139
146140
146141
146142
146143
146144
146145
146146
146147
146148
146149
146150
146151
146152
146153
146154
146155
146156
146157
146158
146159
146160
146161
146162
146163
146164
146165
146166
146167
146168
146169
146170
146171
146172
146173
146174
146175
146176
146177
146178
146179
146180
146182
146183
146185
146186
146191
146192
146193
146195
146196
146198
146199
146200
146201
146202
146203
146204
146205
146207
146208
146209
146210
146211
146212
146213
146214
146215
146216
146217
146218
146219
146220
146221
146222
146223
146224
146225
146227
146228
146229
146230
146232
146233
146235
146236
146237
146238
146240
146242
146243
146244
146245
146246
146248
146249
