408500
408501
408503
408504
408505
408507
408508
408510
408511
408512
408514
408515
408517
408518
408519
408521
408522
408524
408525
408527
408528
408529
408530
408531
408532
408533
408534
408535
408536
408537
408538
408539
408540
408541
408542
408543
408544
408545
408546
408547
408548
408549
408550
408551
408552
408553
408554
408555
408556
408557
408558
408559
408560
408561
408562
408563
408564
408566
408568
408569
408570
408571
408572
408573
408574
408575
408576
408577
408579
408580
408581
408582
408583
408584
408585
408586
408587
408588
408589
408590
408591
408592
408593
408594
408595
408597
408598
408599
408600
408601
408602
408603
408604
408605
408606
408607
408608
408609
408612
408613
408614
408615
408618
408619
408620
408621
408624
408625
408626
408627
408628
408630
408631
408632
408636
408637
408638
408639
408640
408641
408642
408643
408644
408645
408648
408649
408650
408651
408652
408653
408654
408656
408658
408659
408660
408661
408662
408663
408664
408665
408666
408668
408669
408670
408671
408672
408673
408675
408676
408678
408679
408680
408681
408682
408683
408687
408688
408689
408690
408693
408696
408697
408698
408699
408700
408701
408702
408703
408704
408705
408706
408708
408709
408711
408712
408713
408714
408715
408716
408717
408718
408719
408720
408721
408722
408723
408725
408726
408727
408729
408730
408731
408733
408734
408735
408736
408737
408738
408739
408740
408741
408742
408743
408744
408745
408746
408747
408748
408749
