10250
10251
10252
10253
10254
10255
10256
10257
10258
10260
10262
10264
10266
10267
10268
10269
10270
10271
10272
10273
10274
10275
10276
10277
10278
10279
10280
10281
10282
10283
10284
10285
10286
10287
10288
10289
10290
10291
10293
10294
10296
10297
10298
10299
10300
10306
10307
10308
10309
10310
10311
10312
10313
10314
10315
10316
10317
10318
10319
10320
10321
10322
10323
10324
10325
10326
10327
10328
10332
10333
10337
10338
10339
10340
10341
10342
10345
10348
10350
10351
10353
10354
10355
10356
10362
10364
10365
10369
10372
10373
10375
10377
10378
10379
10380
10382
10383
10384
10385
10389
10390
10391
10392
10393
10395
10396
10398
10399
10400
10401
10402
10403
10404
10405
10406
10408
10410
10414
10415
10416
10417
10418
10419
10420
10421
10422
10423
10424
10425
10427
10428
10429
10431
10432
10433
10435
10436
10437
10439
10440
10442
10444
10445
10446
10447
10450
10454
10457
10462
10463
10464
10465
10466
10467
10468
10470
10471
10472
10473
10474
10476
10480
10482
10483
10484
10485
10486
10487
10488
10489
10490
10491
10492
10493
10494
10495
10497
10498
10499
