311501
311502
311503
311505
311506
311508
311509
311510
311511
311512
311514
311515
311516
311518
311519
311520
311521
311522
311523
311524
311525
311526
311527
311528
311529
311530
311531
311533
311535
311536
311537
311539
311540
311541
311542
311544
311545
311546
311547
311549
311551
311552
311553
311555
311556
311557
311558
311559
311560
311561
311562
311563
311564
311565
311566
311567
311568
311569
311570
311571
311572
311573
311574
311575
311576
311577
311578
311579
311580
311581
311582
311583
311584
311585
311586
311587
311588
311589
311590
311591
311592
311593
311594
311595
311596
311597
311598
311599
311600
311601
311602
311603
311604
311605
311606
311607
311608
311609
311610
311611
311612
311613
311614
311615
311616
311617
311618
311619
311620
311621
311622
311623
311625
311627
311629
311631
311632
311633
311634
311635
311636
311637
311638
311640
311642
311643
311644
311645
311646
311647
311648
311649
311650
311651
311652
311653
311654
311655
311656
311660
311661
311662
311663
311664
311665
311666
311667
311668
311669
311670
311671
311672
311673
311674
311675
311676
311677
311678
311679
311680
311681
311683
311685
311688
311689
311690
311691
311692
311693
311698
311699
311700
311701
311702
311703
311704
311706
311707
311708
311709
311710
311711
311712
311714
311715
311716
311717
311718
311719
311720
311722
311723
311724
311725
311726
311727
311728
311730
311731
311732
311733
311734
311735
311736
311737
311738
311739
311740
311741
311742
311743
311744
311745
311746
311747
311748
311749
