128500
128501
128503
128505
128506
128507
128509
128510
128511
128512
128513
128514
128515
128516
128517
128518
128519
128520
128521
128525
128526
128527
128528
128530
128531
128532
128533
128536
128537
128538
128539
128540
128541
128542
128544
128545
128546
128550
128551
128552
128553
128555
128556
128557
128558
128560
128561
128562
128563
128564
128566
128567
128568
128569
128571
128572
128574
128575
128576
128577
128578
128579
128580
128581
128582
128583
128584
128588
128589
128591
128592
128594
128595
128596
128597
128599
128600
128601
128602
128603
128604
128606
128607
128608
128610
128611
128612
128613
128614
128615
128616
128617
128618
128621
128622
128624
128625
128627
128628
128629
128630
128631
128633
128634
128635
128636
128637
128639
128640
128642
128643
128645
128647
128648
128649
128650
128651
128652
128653
128654
128655
128656
128657
128658
128659
128661
128662
128663
128664
128665
128666
128667
128668
128669
128672
128673
128675
128679
128680
128681
128682
128683
128684
128685
128686
128687
128688
128690
128692
128693
128694
128695
128696
128697
128698
128699
128700
128701
128704
128705
128707
128708
128709
128712
128714
128715
128716
128717
128719
128720
128721
128722
128724
128725
128726
128727
128728
128729
128734
128735
128737
128739
128740
128742
128743
128744
128746
128747
128748
128749
