389000
389001
389002
389003
389005
389006
389007
389008
389009
389012
389014
389015
389016
389017
389019
389020
389021
389022
389024
389025
389026
389027
389028
389029
389030
389031
389033
389034
389035
389037
389038
389039
389040
389041
389042
389043
389044
389045
389047
389048
389050
389051
389052
389053
389054
389055
389056
389057
389059
389060
389061
389062
389064
389065
389066
389067
389068
389070
389071
389073
389074
389077
389078
389079
389080
389081
389082
389083
389084
389085
389086
389087
389088
389089
389090
389093
389095
389097
389098
389099
389100
389101
389103
389104
389105
389106
389107
389109
389110
389111
389112
389113
389114
389115
389116
389117
389118
389119
389120
389121
389122
389123
389124
389125
389126
389127
389128
389129
389130
389131
389132
389133
389134
389135
389136
389137
389138
389139
389140
389141
389142
389146
389147
389148
389149
389150
389151
389152
389153
389154
389155
389156
389157
389158
389159
389160
389161
389162
389163
389164
389165
389166
389167
389168
389169
389170
389171
389172
389173
389174
389175
389176
389177
389179
389180
389181
389182
389184
389185
389186
389187
389188
389189
389190
389191
389192
389193
389194
389195
389196
389197
389198
389200
389201
389202
389203
389204
389205
389206
389207
389208
389209
389210
389211
389212
389213
389214
389215
389217
389218
389219
389220
389221
389222
389223
389224
389225
389226
389229
389233
389235
389236
389238
389239
389241
389242
389243
389245
389246
389248
389249
