43251
43252
43253
43254
43255
43256
43257
43259
43260
43261
43262
43263
43264
43265
43266
43268
43269
43270
43271
43272
43273
43274
43276
43277
43278
43279
43281
43282
43283
43284
43285
43286
43287
43288
43289
43290
43291
43292
43293
43294
43295
43296
43299
43300
43301
43302
43304
43306
43307
43308
43311
43313
43314
43315
43316
43317
43318
43321
43324
43330
43333
43334
43335
43337
43338
43339
43340
43341
43342
43344
43345
43346
43348
43349
43350
43351
43352
43354
43355
43356
43357
43358
43359
43360
43363
43364
43367
43368
43369
43371
43373
43374
43375
43376
43377
43378
43379
43380
43381
43382
43383
43384
43385
43386
43387
43388
43389
43390
43391
43392
43394
43395
43396
43397
43398
43400
43404
43406
43407
43408
43409
43410
43411
43412
43413
43414
43415
43417
43418
43420
43421
43422
43423
43424
43425
43426
43427
43428
43429
43433
43434
43435
43436
43437
43438
43439
43440
43441
43442
43443
43445
43446
43447
43449
43450
43451
43452
43453
43454
43455
43456
43457
43458
43459
43460
43461
43462
43463
43464
43465
43466
43467
43468
43471
43472
43473
43474
43475
43476
43477
43478
43480
43482
43484
43485
43486
43489
43490
43491
43492
43493
43494
43495
43496
43498
43499
