53751
53752
53753
53755
53756
53757
53758
53759
53763
53764
53765
53766
53768
53769
53771
53772
53773
53775
53776
53777
53779
53780
53781
53783
53784
53785
53786
53787
53788
53789
53792
53794
53796
53797
53799
53800
53801
53803
53805
53806
53807
53809
53810
53811
53813
53814
53815
53816
53818
53819
53820
53822
53823
53824
53826
53827
53828
53829
53832
53833
53834
53835
53838
53839
53840
53841
53844
53845
53846
53847
53850
53851
53852
53853
53856
53857
53858
53862
53863
53864
53865
53868
53869
53870
53871
53874
53875
53876
53877
53880
53881
53882
53883
53886
53887
53888
53889
53890
53891
53894
53896
53897
53899
53900
53901
53902
53903
53905
53906
53909
53910
53911
53913
53914
53916
53917
53919
53920
53922
53923
53924
53925
53926
53928
53931
53932
53933
53934
53937
53938
53939
53940
53944
53946
53949
53950
53951
53952
53953
53954
53955
53956
53957
53958
53959
53960
53961
53962
53963
53968
53969
53970
53972
53973
53974
53975
53976
53977
53978
53979
53980
53981
53983
53984
53985
53986
53988
53989
53990
53991
53993
53994
53995
53996
53997
53998
53999
