76501
76502
76503
76504
76505
76506
76507
76508
76510
76511
76512
76513
76514
76515
76516
76517
76518
76522
76526
76540
76541
76545
76546
76547
76549
76550
76551
76552
76553
76554
76555
76556
76558
76559
76560
76562
76563
76564
76565
76566
76569
76570
76571
76572
76574
76575
76576
76578
76579
76581
76582
76583
76584
76588
76589
76590
76591
76592
76599
76603
76604
76606
76607
76612
76613
76614
76615
76616
76617
76620
76622
76623
76624
76626
76627
76628
76630
76631
76637
76642
76643
76644
76645
76646
76650
76651
76653
76655
76656
76657
76658
76659
76660
76661
76662
76663
76664
76666
76667
76668
76669
76671
76672
76673
76674
76675
76676
76677
76678
76679
76680
76682
76683
76684
76686
76689
76692
76693
76694
76695
76696
76697
76698
76705
76708
76710
76713
76716
76717
76718
76719
76720
76725
76726
76727
76728
76729
76730
76731
76732
76734
76735
76736
76739
76740
76741
76742
76743
76744
76745
76746
76747
76748
76749
