411750
411751
411752
411753
411754
411755
411756
411758
411759
411760
411761
411762
411763
411764
411765
411766
411767
411769
411770
411771
411772
411773
411774
411775
411777
411778
411779
411780
411781
411782
411783
411784
411785
411786
411787
411789
411793
411794
411795
411796
411799
411800
411801
411802
411803
411804
411805
411808
411810
411811
411812
411814
411816
411817
411818
411819
411820
411821
411822
411823
411824
411825
411826
411827
411828
411830
411831
411832
411833
411834
411835
411836
411837
411838
411841
411842
411843
411844
411845
411846
411847
411848
411849
411851
411852
411853
411854
411855
411856
411857
411858
411859
411860
411861
411862
411863
411864
411865
411866
411867
411868
411869
411870
411871
411872
411873
411874
411877
411878
411879
411880
411881
411882
411883
411884
411885
411886
411887
411888
411889
411890
411891
411892
411893
411894
411895
411896
411897
411898
411899
411900
411901
411902
411903
411904
411905
411909
411910
411911
411912
411913
411916
411917
411918
411919
411920
411921
411922
411923
411924
411925
411926
411927
411928
411929
411933
411934
411935
411936
411937
411938
411939
411940
411941
411942
411944
411945
411946
411947
411948
411949
411950
411952
411953
411954
411955
411956
411957
411958
411960
411961
411962
411963
411964
411965
411966
411968
411969
411970
411971
411972
411973
411974
411976
411977
411978
411979
411980
411981
411982
411984
411985
411986
411987
411988
411990
411991
411992
411993
411994
411996
411997
411998
411999
