455500
455501
455502
455503
455505
455506
455507
455508
455510
455511
455512
455513
455514
455515
455516
455517
455518
455519
455520
455521
455522
455523
455524
455525
455526
455527
455528
455530
455531
455532
455533
455534
455535
455536
455537
455538
455539
455540
455541
455543
455544
455545
455546
455547
455548
455549
455550
455551
455552
455553
455554
455555
455556
455557
455558
455559
455560
455561
455562
455563
455564
455565
455566
455567
455568
455570
455571
455572
455573
455574
455575
455576
455577
455578
455580
455582
455584
455585
455586
455587
455589
455590
455591
455594
455595
455596
455599
455600
455601
455604
455605
455606
455608
455609
455610
455611
455612
455614
455619
455620
455621
455622
455623
455624
455625
455627
455628
455629
455630
455631
455632
455634
455635
455636
455637
455638
455639
455640
455641
455642
455643
455644
455645
455646
455647
455648
455649
455650
455651
455652
455653
455654
455655
455656
455657
455658
455659
455660
455661
455662
455663
455664
455665
455666
455667
455668
455670
455671
455672
455673
455674
455675
455676
455677
455678
455679
455680
455681
455682
455683
455684
455685
455686
455687
455688
455689
455690
455691
455692
455693
455694
455695
455696
455697
455698
455699
455700
455701
455702
455703
455704
455705
455706
455709
455710
455711
455712
455715
455716
455717
455718
455719
455720
455722
455723
455724
455725
455726
455727
455728
455729
455730
455731
455732
455733
455734
455735
455736
455737
455738
455739
455740
455741
455742
455744
455745
455746
455747
455749
