447250
447251
447253
447254
447255
447256
447257
447258
447259
447260
447262
447263
447264
447265
447267
447268
447269
447270
447273
447274
447275
447276
447277
447278
447279
447281
447282
447283
447285
447286
447288
447289
447290
447291
447292
447293
447294
447296
447297
447298
447299
447300
447301
447302
447304
447305
447306
447307
447308
447309
447310
447311
447312
447313
447314
447315
447319
447320
447321
447322
447323
447324
447325
447326
447327
447328
447329
447330
447331
447332
447333
447334
447335
447336
447337
447339
447341
447342
447343
447344
447346
447348
447349
447350
447351
447352
447353
447355
447356
447357
447358
447359
447360
447361
447362
447363
447364
447365
447366
447367
447369
447370
447371
447372
447373
447374
447376
447377
447378
447380
447381
447382
447383
447384
447386
447387
447388
447389
447390
447392
447393
447394
447395
447396
447397
447398
447400
447401
447403
447405
447406
447409
447410
447411
447412
447413
447414
447416
447417
447418
447419
447420
447421
447422
447423
447424
447425
447426
447428
447429
447431
447432
447433
447434
447436
447437
447438
447439
447441
447442
447443
447444
447446
447447
447448
447449
447450
447452
447453
447454
447455
447456
447458
447459
447460
447462
447463
447465
447466
447469
447470
447473
447476
447477
447478
447479
447480
447481
447482
447483
447484
447485
447486
447487
447490
447493
447495
447496
447497
447499
