409500
409504
409505
409507
409508
409509
409510
409512
409513
409514
409515
409516
409517
409519
409520
409521
409522
409523
409524
409525
409526
409527
409528
409529
409530
409531
409532
409533
409534
409535
409538
409539
409540
409543
409544
409545
409549
409550
409552
409553
409554
409555
409556
409557
409558
409560
409561
409563
409564
409565
409566
409567
409568
409569
409570
409571
409572
409573
409574
409575
409576
409577
409578
409579
409580
409581
409582
409583
409584
409585
409586
409588
409589
409590
409591
409592
409593
409594
409595
409596
409597
409598
409599
409600
409601
409603
409604
409605
409606
409607
409608
409610
409611
409612
409613
409615
409616
409617
409618
409619
409622
409623
409624
409625
409626
409627
409628
409629
409630
409631
409632
409633
409634
409635
409639
409640
409641
409642
409643
409645
409646
409648
409649
409650
409652
409653
409654
409656
409657
409658
409660
409661
409662
409664
409665
409666
409668
409669
409670
409672
409673
409674
409676
409677
409678
409679
409681
409682
409683
409685
409686
409687
409689
409690
409691
409693
409694
409695
409697
409698
409699
409700
409701
409702
409703
409704
409705
409706
409707
409708
409709
409710
409712
409713
409714
409715
409716
409717
409719
409720
409721
409722
409723
409724
409725
409726
409727
409729
409730
409731
409732
409733
409734
409735
409736
409737
409739
409740
409741
409742
409745
409746
409747
409749
