431250
431251
431252
431254
431255
431257
431258
431260
431261
431263
431264
431265
431266
431267
431268
431271
431272
431273
431274
431276
431278
431279
431280
431281
431282
431283
431284
431285
431286
431287
431288
431290
431291
431292
431293
431294
431295
431296
431297
431299
431300
431301
431302
431303
431304
431306
431307
431308
431309
431310
431311
431312
431313
431314
431315
431316
431319
431320
431321
431326
431328
431329
431330
431331
431332
431333
431334
431339
431341
431342
431343
431344
431345
431347
431348
431349
431350
431353
431354
431355
431358
431359
431360
431363
431364
431365
431366
431367
431368
431369
431370
431371
431372
431373
431374
431375
431376
431377
431378
431379
431380
431381
431383
431384
431385
431386
431387
431388
431389
431390
431391
431392
431395
431396
431397
431401
431402
431403
431404
431406
431407
431408
431409
431411
431412
431413
431414
431416
431419
431420
431421
431424
431425
431426
431430
431435
431436
431437
431438
431439
431440
431441
431442
431443
431444
431457
431458
431459
431460
431461
431462
431463
431464
431465
431466
431467
431469
431470
431471
431472
431473
431474
431475
431476
431477
431478
431479
431480
431481
431482
431483
431485
431487
431488
431490
431492
431493
431495
431497
