100250
100251
100254
100256
100257
100258
100259
100260
100261
100263
100264
100265
100266
100269
100270
100271
100273
100274
100275
100276
100279
100280
100282
100283
100284
100285
100288
100289
100290
100292
100293
100295
100296
100297
100298
100299
100300
100301
100302
100303
100306
100309
100315
100316
100317
100318
100319
100320
100321
100322
100323
100326
100327
100328
100329
100330
100331
100333
100334
100337
100338
100339
100341
100342
100343
100344
100345
100346
100348
100349
100351
100352
100356
100358
100362
100363
100364
100365
100366
100367
100368
100369
100370
100371
100373
100374
100375
100376
100377
100379
100380
100383
100385
100389
100390
100391
100393
100394
100395
100396
100397
100398
100400
100401
100402
100403
100404
100406
100407
100408
100409
100410
100411
100412
100413
100414
100415
100418
100423
100427
100431
100434
100435
100439
100440
100442
100443
100445
100446
100447
100448
100449
100450
100451
100453
100455
100456
100458
100460
100465
100467
100468
100469
100470
100471
100472
100473
100474
100475
100477
100478
100479
100480
100481
100484
100486
100489
100490
100491
100492
100494
100495
100496
100497
100498
