118750
118752
118753
118755
118757
118758
118761
118762
118763
118765
118766
118768
118769
118770
118771
118773
118774
118775
118776
118777
118778
118779
118780
118781
118783
118784
118785
118786
118787
118788
118789
118790
118794
118795
118797
118798
118800
118801
118804
118808
118811
118815
118818
118822
118825
118829
118831
118832
118833
118834
118837
118838
118839
118840
118841
118842
118843
118846
118847
118849
118850
118851
118852
118854
118855
118856
118857
118859
118860
118861
118863
118864
118865
118866
118868
118870
118871
118873
118874
118875
118876
118877
118881
118882
118883
118885
118886
118887
118888
118889
118890
118891
118892
118893
118894
118895
118898
118899
118901
118902
118903
118904
118905
118906
118907
118908
118909
118910
118911
118912
118913
118914
118915
118916
118917
118918
118919
118920
118921
118922
118923
118924
118925
118926
118927
118928
118929
118930
118931
118932
118933
118934
118935
118936
118937
118938
118939
118940
118941
118942
118943
118944
118945
118946
118947
118948
118949
118950
118951
118952
118953
118954
118955
118956
118957
118958
118959
118960
118961
118962
118963
118964
118965
118966
118967
118968
118969
118970
118971
118972
118973
118974
118975
118976
118977
118978
118979
118980
118981
118982
118983
118984
118985
118986
118987
118988
118989
118992
118997
118998
