117250
117252
117253
117254
117255
117256
117257
117258
117259
117260
117261
117262
117264
117265
117266
117268
117270
117271
117273
117275
117276
117279
117280
117281
117282
117283
117284
117285
117286
117287
117288
117289
117290
117291
117292
117293
117294
117295
117296
117297
117298
117299
117300
117301
117302
117303
117305
117306
117307
117308
117313
117314
117315
117316
117317
117318
117322
117323
117324
117325
117326
117327
117328
117329
117330
117331
117332
117333
117334
117335
117336
117337
117338
117339
117340
117341
117342
117344
117345
117346
117347
117348
117349
117350
117351
117352
117353
117354
117355
117356
117357
117358
117360
117362
117363
117364
117365
117366
117367
117368
117369
117370
117371
117372
117373
117375
117376
117377
117378
117380
117381
117382
117383
117385
117386
117387
117393
117394
117395
117396
117397
117398
117400
117401
117403
117404
117405
117406
117407
117408
117409
117410
117411
117412
117413
117415
117416
117417
117418
117419
117421
117422
117423
117425
117426
117427
117428
117429
117432
117433
117435
117436
117437
117438
117439
117440
117441
117442
117443
117448
117450
117451
117453
117454
117455
117456
117457
117458
117459
117460
117461
117462
117463
117464
117465
117466
117467
117468
117469
117470
117471
117472
117473
117474
117475
117476
117477
117478
117479
117480
117481
117482
117483
117484
117485
117486
117487
117488
117489
117490
117491
117492
117493
117494
117495
117496
117498
117499
