122500
122502
122503
122504
122505
122506
122508
122509
122510
122511
122512
122513
122514
122515
122516
122517
122518
122519
122520
122521
122522
122523
122524
122525
122526
122527
122528
122529
122530
122531
122532
122533
122534
122535
122536
122537
122538
122539
122540
122541
122542
122543
122544
122545
122548
122549
122550
122551
122552
122553
122554
122555
122556
122557
122558
122559
122560
122562
122564
122565
122566
122567
122568
122569
122573
122577
122581
122585
122589
122590
122591
122592
122593
122594
122595
122596
122597
122598
122599
122600
122601
122602
122603
122605
122606
122607
122609
122611
122613
122615
122617
122619
122621
122623
122624
122625
122626
122627
122628
122629
122630
122631
122632
122633
122634
122636
122637
122638
122639
122641
122642
122643
122644
122647
122648
122649
122650
122652
122653
122654
122655
122657
122658
122659
122660
122661
122662
122666
122667
122668
122669
122670
122671
122672
122676
122677
122678
122681
122682
122685
122686
122689
122691
122692
122694
122695
122696
122699
122700
122703
122704
122707
122708
122711
122712
122713
122714
122715
122716
122717
122720
122723
122724
122725
122728
122729
122733
122734
122735
122736
122737
122738
122739
122740
122741
122742
122743
122744
122745
122746
122748
