310750
310751
310752
310753
310755
310756
310757
310758
310759
310760
310761
310765
310766
310767
310768
310769
310771
310772
310776
310777
310778
310781
310782
310783
310786
310787
310788
310791
310792
310793
310796
310797
310798
310799
310800
310802
310803
310804
310806
310807
310808
310809
310810
310812
310814
310815
310816
310818
310819
310820
310821
310822
310823
310824
310825
310826
310827
310828
310829
310831
310832
310833
310834
310835
310836
310838
310839
310840
310841
310842
310843
310845
310846
310847
310848
310849
310851
310852
310853
310855
310856
310857
310858
310859
310861
310862
310863
310865
310866
310867
310868
310869
310871
310872
310873
310875
310876
310877
310878
310879
310881
310882
310883
310885
310886
310887
310888
310889
310891
310892
310893
310895
310896
310897
310898
310899
310901
310902
310903
310905
310906
310907
310908
310909
310910
310913
310914
310915
310916
310917
310920
310921
310922
310923
310924
310927
310928
310929
310930
310931
310932
310934
310935
310937
310938
310939
310940
310942
310943
310945
310946
310947
310948
310950
310951
310953
310954
310955
310956
310958
310959
310961
310962
310963
310964
310966
310967
310969
310970
310971
310972
310974
310975
310976
310977
310978
310979
310980
310982
310985
310986
310988
310989
310990
310991
310992
310993
310994
310995
310997
310998
310999
