91001
91003
91004
91005
91006
91007
91008
91009
91010
91012
91014
91015
91016
91017
91018
91019
91020
91021
91023
91025
91026
91027
91028
91029
91030
91031
91032
91034
91036
91037
91038
91039
91040
91041
91042
91043
91044
91045
91046
91047
91048
91049
91050
91052
91053
91054
91055
91056
91057
91058
91059
91065
91067
91068
91069
91070
91071
91073
91074
91075
91076
91079
91080
91081
91083
91085
91086
91087
91088
91089
91090
91091
91093
91094
91096
91098
91099
91100
91101
91102
91103
91104
91106
91107
91108
91109
91110
91111
91113
91114
91116
91117
91118
91119
91120
91121
91122
91123
91124
91125
91126
91127
91134
91135
91136
91137
91138
91139
91140
91141
91142
91143
91144
91145
91146
91147
91148
91149
91150
91151
91152
91153
91154
91155
91156
91157
91158
91159
91160
91161
91162
91163
91164
91165
91167
91168
91169
91171
91172
91173
91174
91175
91176
91178
91179
91180
91181
91183
91184
91189
91190
91191
91194
91195
91196
91197
91198
91199
91200
91201
91202
91203
91204
91207
91208
91209
91210
91211
91212
91213
91214
91215
91216
91217
91218
91219
91220
91221
91222
91223
91225
91226
91228
91229
91230
91232
91233
91234
91236
91237
91238
91240
91241
91242
91243
91244
91246
91247
91248
