160000
160001
160002
160003
160004
160005
160006
160007
160008
160009
160010
160011
160012
160013
160014
160015
160016
160017
160019
160021
160023
160024
160025
160026
160027
160028
160029
160030
160031
160032
160033
160034
160035
160036
160037
160039
160040
160041
160042
160043
160044
160045
160047
160048
160050
160051
160052
160053
160054
160055
160056
160057
160058
160059
160061
160062
160063
160064
160065
160067
160068
160069
160071
160072
160073
160074
160078
160080
160082
160084
160085
160086
160088
160089
160090
160091
160092
160093
160094
160095
160098
160099
160101
160102
160103
160104
160105
160106
160107
160108
160109
160110
160111
160112
160113
160114
160115
160116
160117
160118
160119
160120
160121
160122
160123
160124
160125
160126
160128
160129
160130
160131
160132
160133
160134
160135
160136
160137
160138
160139
160140
160141
160142
160143
160144
160145
160146
160147
160148
160149
160150
160151
160152
160153
160154
160155
160156
160157
160158
160160
160161
160163
160164
160165
160166
160167
160169
160170
160171
160173
160174
160176
160179
160181
160182
160185
160186
160189
160190
160191
160192
160193
160194
160195
160196
160197
160200
160201
160202
160203
160204
160205
160206
160207
160208
160209
160210
160211
160212
160213
160214
160217
160218
160219
160220
160221
160222
160223
160224
160225
160226
160227
160228
160229
160230
160231
160232
160233
160234
160236
160238
160239
160241
160243
160244
160247
160248
