275750
275751
275752
275753
275754
275757
275758
275759
275761
275762
275764
275765
275766
275767
275768
275769
275770
275771
275772
275773
275774
275777
275778
275779
275780
275781
275782
275783
275784
275785
275788
275789
275790
275791
275792
275793
275794
275795
275798
275799
275800
275801
275802
275803
275804
275805
275808
275810
275811
275812
275814
275815
275816
275817
275818
275819
275820
275821
275822
275823
275824
275825
275826
275827
275828
275829
275830
275831
275832
275834
275835
275837
275838
275839
275840
275841
275842
275843
275844
275845
275846
275847
275848
275849
275850
275851
275852
275854
275856
275857
275859
275860
275862
275864
275865
275868
275871
275872
275874
275875
275876
275877
275878
275879
275880
275881
275882
275883
275884
275885
275886
275887
275888
275890
275893
275894
275895
275896
275897
275898
275899
275901
275902
275903
275905
275906
275907
275908
275909
275910
275911
275912
275913
275914
275915
275916
275917
275918
275921
275922
275923
275924
275925
275926
275927
275928
275930
275931
275932
275933
275934
275935
275936
275937
275938
275939
275940
275941
275942
275943
275944
275945
275946
275947
275948
275949
275950
275951
275952
275953
275954
275955
275956
275957
275958
275959
275960
275961
275962
275963
275964
275965
275966
275967
275969
275970
275971
275972
275973
275974
275975
275976
275977
275978
275979
275981
275982
275983
275984
275985
275986
275987
275988
275990
275991
275992
275993
275994
275995
275996
