22750
22751
22752
22753
22754
22756
22757
22758
22760
22762
22763
22764
22765
22766
22767
22772
22774
22776
22778
22780
22781
22782
22783
22784
22785
22786
22787
22788
22789
22790
22791
22792
22793
22794
22795
22798
22805
22812
22819
22826
22828
22830
22831
22833
22834
22836
22837
22839
22840
22841
22842
22845
22848
22849
22850
22852
22853
22855
22856
22859
22860
22862
22863
22867
22868
22869
22870
22871
22872
22873
22874
22876
22877
22878
22879
22880
22881
22882
22883
22884
22885
22886
22887
22888
22889
22890
22891
22892
22893
22894
22895
22896
22897
22898
22899
22900
22901
22902
22903
22904
22905
22907
22908
22910
22911
22912
22915
22917
22918
22919
22921
22922
22923
22924
22925
22926
22927
22928
22929
22931
22932
22933
22934
22935
22937
22938
22939
22942
22943
22944
22945
22946
22947
22949
22950
22951
22952
22953
22954
22955
22956
22957
22959
22960
22961
22962
22963
22966
22967
22968
22970
22974
22977
22978
22979
22980
22981
