132000
132001
132002
132003
132004
132005
132006
132007
132008
132009
132010
132011
132012
132014
132015
132017
132018
132019
132020
132021
132022
132023
132024
132025
132027
132029
132030
132031
132032
132033
132034
132035
132036
132037
132038
132039
132040
132042
132043
132044
132045
132047
132048
132049
132050
132051
132055
132056
132057
132058
132062
132063
132064
132067
132068
132069
132070
132071
132073
132074
132075
132076
132077
132078
132079
132080
132081
132082
132083
132084
132085
132086
132087
132088
132089
132090
132091
132092
132093
132094
132095
132098
132099
132100
132101
132102
132103
132104
132105
132106
132107
132108
132109
132110
132112
132113
132114
132115
132117
132118
132119
132120
132121
132122
132123
132124
132125
132126
132128
132129
132130
132131
132132
132134
132135
132136
132139
132140
132141
132143
132147
132148
132152
132153
132154
132156
132157
132158
132159
132160
132161
132162
132163
132164
132165
132166
132167
132168
132169
132170
132171
132172
132173
132174
132175
132176
132177
132178
132179
132180
132181
132182
132183
132184
132185
132186
132187
132188
132189
132190
132191
132192
132193
132194
132195
132196
132197
132198
132199
132200
132202
132204
132205
132206
132207
132208
132209
132210
132211
132212
132213
132214
132215
132216
132217
132218
132219
132220
132221
132222
132223
132224
132225
132227
132228
132229
132230
132231
132232
132233
132234
132235
132236
132237
132238
132239
132240
132241
132242
132243
132244
132245
132246
132247
132248
132249
