113000
113001
113002
113003
113004
113005
113006
113008
113009
113010
113012
113013
113014
113015
113016
113017
113018
113019
113020
113021
113022
113023
113024
113025
113026
113027
113028
113029
113030
113031
113032
113033
113034
113035
113036
113037
113038
113039
113040
113041
113042
113043
113044
113046
113047
113048
113049
113050
113052
113053
113054
113056
113057
113058
113060
113061
113062
113063
113064
113065
113066
113067
113068
113069
113070
113071
113073
113077
113078
113080
113081
113082
113083
113084
113085
113086
113087
113088
113089
113090
113091
113092
113093
113094
113095
113096
113097
113098
113099
113100
113101
113102
113103
113105
113106
113107
113108
113110
113111
113112
113113
113114
113115
113116
113117
113118
113119
113120
113121
113122
113123
113124
113125
113126
113127
113128
113129
113131
113132
113135
113137
113138
113140
113141
113142
113144
113145
113146
113148
113149
113150
113151
113152
113153
113154
113155
113162
113163
113164
113166
113167
113169
113170
113171
113172
113173
113174
113176
113177
113179
113180
113181
113182
113183
113184
113185
113186
113187
113188
113189
113191
113192
113194
113195
113197
113198
113200
113201
113202
113203
113204
113205
113206
113207
113208
113209
113210
113212
113213
113214
113216
113218
113219
113220
113221
113223
113224
113225
113227
113228
113229
113232
113235
113237
113238
113239
113240
113241
113243
113244
113245
113246
113247
113248
113249
