455251
455252
455254
455255
455256
455259
455260
455261
455262
455263
455264
455265
455266
455267
455268
455270
455271
455272
455274
455275
455276
455277
455278
455279
455281
455282
455283
455284
455285
455286
455287
455288
455289
455290
455292
455293
455294
455296
455300
455301
455302
455303
455304
455305
455306
455307
455308
455309
455310
455314
455315
455316
455317
455318
455319
455320
455321
455322
455323
455324
455325
455326
455327
455328
455329
455332
455333
455334
455336
455337
455338
455339
455340
455341
455342
455343
455344
455346
455347
455348
455349
455351
455352
455353
455354
455357
455358
455359
455361
455362
455363
455364
455366
455367
455368
455369
455371
455372
455373
455374
455375
455376
455377
455378
455380
455381
455382
455383
455385
455386
455387
455389
455390
455391
455393
455394
455395
455396
455397
455398
455399
455401
455402
455403
455404
455405
455406
455407
455408
455410
455411
455412
455413
455415
455416
455417
455418
455420
455421
455422
455423
455424
455425
455426
455427
455428
455429
455430
455433
455434
455436
455437
455438
455439
455442
455443
455444
455445
455446
455447
455448
455449
455450
455452
455453
455454
455455
455456
455458
455459
455460
455461
455462
455463
455464
455465
455466
455467
455468
455469
455470
455471
455472
455473
455474
455475
455476
455477
455478
455479
455480
455481
455482
455483
455484
455485
455486
455487
455488
455489
455490
455491
455492
455493
455494
455495
455496
455497
455498
455499
