240000
240002
240003
240004
240005
240006
240007
240008
240009
240010
240011
240012
240014
240015
240016
240017
240018
240020
240023
240024
240025
240026
240027
240028
240029
240030
240031
240032
240033
240034
240035
240036
240037
240038
240040
240041
240042
240043
240044
240045
240047
240048
240049
240051
240052
240053
240054
240055
240056
240057
240058
240059
240060
240061
240062
240063
240064
240065
240066
240067
240068
240069
240070
240071
240072
240073
240074
240076
240078
240080
240081
240082
240083
240084
240085
240086
240087
240088
240089
240090
240091
240092
240093
240094
240095
240096
240097
240098
240099
240100
240101
240102
240103
240104
240105
240106
240107
240108
240109
240110
240111
240112
240113
240114
240115
240116
240118
240121
240122
240123
240124
240125
240126
240127
240128
240129
240130
240131
240133
240135
240137
240138
240139
240140
240142
240143
240144
240145
240146
240147
240148
240150
240151
240153
240154
240155
240156
240157
240158
240159
240160
240161
240162
240163
240164
240165
240166
240167
240168
240169
240170
240171
240172
240173
240174
240175
240176
240177
240178
240179
240180
240181
240182
240183
240184
240185
240186
240187
240188
240189
240190
240191
240192
240193
240194
240195
240196
240197
240198
240199
240200
240202
240203
240204
240205
240207
240208
240209
240218
240219
240220
240221
240222
240223
240224
240225
240226
240227
240229
240230
240231
240232
240233
240234
240235
240236
240237
240239
240240
240241
240242
240244
240245
240246
240247
240248
240249
