371250
371251
371252
371255
371256
371257
371259
371260
371261
371262
371263
371264
371266
371267
371268
371269
371270
371271
371273
371274
371275
371276
371277
371278
371279
371280
371281
371282
371283
371284
371285
371286
371287
371288
371289
371290
371291
371292
371293
371295
371296
371297
371299
371302
371303
371304
371305
371306
371307
371308
371309
371310
371311
371312
371313
371315
371316
371317
371319
371320
371321
371322
371323
371324
371325
371326
371327
371328
371329
371330
371331
371332
371333
371334
371335
371336
371337
371338
371339
371340
371341
371342
371343
371344
371345
371346
371347
371348
371349
371350
371351
371352
371353
371354
371355
371359
371360
371361
371363
371364
371365
371366
371367
371368
371370
371371
371372
371374
371375
371376
371377
371378
371379
371380
371381
371382
371384
371385
371386
371387
371388
371390
371391
371392
371394
371395
371396
371397
371398
371399
371400
371401
371403
371404
371405
371406
371407
371408
371409
371410
371411
371412
371413
371415
371417
371418
371419
371420
371421
371423
371425
371427
371429
371430
371431
371432
371433
371434
371435
371436
371437
371438
371439
371440
371441
371442
371443
371444
371445
371446
371447
371449
371450
371451
371452
371453
371454
371455
371458
371459
371460
371463
371464
371466
371467
371468
371469
371470
371471
371472
371473
371474
371475
371476
371477
371478
371479
371480
371481
371482
371483
371484
371485
371486
371487
371488
371489
371490
371491
371492
371493
371494
371495
371496
371497
371498
371499
