359000
359001
359002
359003
359004
359005
359006
359007
359008
359009
359011
359013
359014
359015
359016
359017
359018
359019
359020
359022
359024
359025
359026
359027
359029
359031
359032
359033
359034
359035
359036
359037
359038
359039
359040
359041
359042
359043
359044
359046
359047
359048
359049
359052
359053
359056
359057
359059
359060
359061
359062
359063
359064
359066
359068
359072
359073
359074
359075
359077
359078
359079
359081
359082
359083
359085
359086
359087
359088
359089
359090
359091
359092
359094
359095
359096
359098
359099
359100
359101
359102
359103
359104
359105
359106
359107
359108
359109
359112
359113
359114
359115
359116
359118
359119
359120
359121
359122
359124
359126
359127
359128
359129
359130
359131
359132
359133
359135
359136
359137
359138
359139
359140
359141
359142
359144
359145
359147
359148
359149
359151
359154
359155
359156
359158
359159
359160
359162
359163
359164
359165
359166
359167
359169
359170
359171
359172
359173
359174
359176
359177
359178
359179
359180
359181
359182
359184
359187
359188
359189
359190
359192
359193
359194
359196
359197
359198
359199
359200
359201
359202
359203
359204
359205
359206
359207
359208
359209
359210
359211
359212
359213
359215
359217
359218
359219
359220
359221
359223
359224
359225
359226
359227
359228
359229
359231
359232
359233
359234
359235
359236
359237
359238
359239
359240
359241
359243
359244
359245
359246
359247
359249
