196750
196751
196752
196753
196754
196755
196756
196757
196759
196760
196761
196762
196763
196764
196765
196766
196767
196768
196769
196770
196771
196772
196773
196774
196775
196776
196777
196778
196780
196781
196782
196783
196784
196785
196786
196787
196788
196789
196790
196791
196792
196793
196795
196796
196797
196798
196799
196800
196801
196802
196803
196804
196808
196809
196810
196811
196812
196814
196815
196816
196817
196818
196819
196820
196821
196822
196823
196824
196825
196826
196827
196828
196829
196830
196831
196833
196834
196835
196836
196837
196838
196839
196840
196841
196842
196843
196844
196845
196846
196848
196849
196850
196851
196853
196854
196857
196859
196860
196863
196864
196865
196866
196867
196868
196869
196870
196871
196872
196873
196876
196877
196878
196879
196881
196882
196883
196884
196886
196887
196888
196889
196891
196892
196893
196894
196896
196897
196898
196899
196901
196902
196903
196904
196905
196906
196907
196909
196910
196911
196912
196913
196914
196915
196917
196918
196919
196920
196921
196922
196923
196924
196925
196926
196927
196928
196929
196930
196931
196932
196933
196934
196935
196936
196937
196938
196939
196941
196942
196944
196945
196946
196947
196949
196950
196951
196953
196954
196955
196956
196957
196958
196959
196960
196961
196962
196963
196964
196965
196966
196967
196968
196969
196970
196972
196973
196974
196975
196976
196977
196978
196979
196980
196981
196982
196984
196985
196986
196987
196988
196989
196990
196991
196994
196995
196996
196997
196998
196999
