301002
301003
301004
301005
301007
301008
301009
301011
301013
301015
301018
301019
301020
301026
301028
301029
301030
301032
301033
301034
301035
301036
301037
301038
301039
301041
301042
301043
301045
301046
301047
301048
301049
301050
301051
301052
301053
301054
301055
301058
301059
301060
301061
301062
301063
301065
301066
301067
301068
301069
301070
301071
301072
301073
301074
301075
301076
301077
301078
301079
301080
301081
301082
301084
301085
301086
301088
301089
301090
301091
301092
301093
301094
301095
301096
301097
301098
301099
301100
301101
301102
301103
301104
301105
301107
301108
301109
301110
301112
301115
301116
301125
301126
301127
301128
301129
301130
301132
301133
301134
301135
301136
301138
301139
301140
301141
301142
301143
301144
301145
301146
301147
301149
301150
301151
301152
301153
301154
301155
301156
301157
301158
301159
301160
301161
301162
301163
301165
301166
301167
301168
301169
301170
301171
301172
301173
301174
301175
301176
301177
301178
301179
301180
301181
301182
301183
301184
301186
301187
301188
301189
301190
301191
301192
301193
301194
301195
301196
301197
301198
301199
301200
301201
301202
301203
301204
301205
301206
301207
301208
301209
301210
301211
301212
301213
301214
301215
301216
301217
301218
301219
301220
301221
301222
301223
301224
301226
301227
301228
301229
301230
301231
301232
301233
301235
301236
301237
301238
301239
301240
301241
301243
301244
301245
301246
301247
301248
