336000
336001
336003
336004
336005
336006
336007
336008
336010
336011
336012
336013
336014
336016
336018
336019
336020
336022
336024
336025
336026
336027
336028
336029
336030
336031
336032
336033
336034
336037
336039
336040
336041
336042
336043
336044
336045
336046
336047
336050
336051
336052
336053
336054
336056
336057
336058
336059
336060
336061
336062
336063
336066
336067
336068
336070
336072
336073
336074
336075
336076
336077
336078
336079
336080
336081
336083
336085
336086
336087
336088
336089
336090
336091
336092
336093
336094
336096
336098
336099
336100
336101
336102
336103
336104
336105
336106
336107
336108
336109
336110
336111
336112
336113
336114
336116
336117
336119
336120
336122
336123
336124
336125
336126
336127
336128
336130
336131
336132
336133
336135
336136
336137
336138
336140
336141
336142
336143
336145
336146
336148
336149
336150
336151
336152
336153
336154
336155
336156
336158
336159
336160
336161
336162
336164
336165
336166
336167
336168
336169
336170
336171
336172
336174
336177
336178
336182
336185
336186
336190
336193
336194
336198
336201
336202
336206
336209
336210
336214
336215
336216
336217
336218
336220
336221
336223
336224
336225
336226
336227
336228
336229
336230
336231
336232
336233
336234
336235
336236
336237
336238
336239
336240
336241
336242
336243
336244
336245
336247
336248
336249
