159750
159751
159752
159754
159755
159756
159757
159758
159759
159761
159762
159763
159764
159765
159766
159768
159769
159770
159771
159772
159775
159777
159780
159782
159783
159784
159785
159786
159787
159788
159789
159790
159791
159792
159794
159795
159796
159797
159798
159799
159800
159801
159802
159803
159804
159805
159806
159807
159808
159809
159810
159811
159812
159813
159814
159815
159817
159818
159819
159820
159821
159822
159823
159826
159827
159828
159829
159830
159831
159832
159833
159835
159836
159837
159838
159839
159840
159842
159843
159844
159846
159849
159852
159855
159856
159858
159859
159860
159861
159862
159863
159864
159865
159867
159868
159869
159872
159873
159874
159875
159876
159877
159878
159879
159880
159881
159882
159884
159885
159886
159887
159888
159889
159890
159891
159892
159893
159895
159896
159897
159898
159899
159901
159903
159904
159905
159906
159907
159908
159916
159919
159920
159922
159923
159925
159926
159927
159930
159931
159932
159933
159934
159935
159936
159939
159940
159941
159942
159943
159944
159945
159946
159947
159949
159950
159951
159952
159953
159954
159955
159956
159957
159958
159959
159960
159961
159962
159963
159964
159965
159966
159967
159968
159969
159970
159971
159972
159973
159974
159975
159976
159977
159978
159980
159981
159982
159983
159984
159985
159986
159987
159988
159989
159990
159991
159992
159993
159994
159995
159996
159997
159998
159999
