180000
180001
180002
180003
180004
180005
180006
180007
180008
180009
180010
180011
180012
180013
180015
180016
180018
180019
180021
180022
180023
180025
180026
180027
180028
180029
180030
180031
180032
180033
180034
180035
180036
180037
180039
180040
180041
180042
180043
180044
180045
180046
180047
180048
180049
180050
180051
180052
180053
180054
180055
180056
180057
180060
180061
180062
180063
180064
180065
180066
180067
180068
180069
180070
180071
180072
180073
180074
180075
180076
180077
180079
180080
180081
180082
180083
180084
180085
180086
180088
180089
180090
180091
180092
180093
180094
180095
180098
180099
180100
180101
180102
180103
180105
180108
180110
180111
180112
180115
180116
180117
180118
180119
180120
180121
180124
180126
180127
180128
180132
180133
180134
180135
180136
180137
180138
180139
180141
180142
180144
180145
180146
180147
180149
180151
180152
180153
180155
180156
180157
180158
180160
180163
180164
180165
180166
180168
180170
180171
180172
180173
180174
180175
180176
180177
180178
180179
180180
180181
180183
180185
180186
180187
180189
180190
180191
180192
180194
180197
180198
180199
180200
180202
180204
180205
180206
180207
180208
180209
180210
180211
180212
180213
180214
180215
180216
180217
180218
180219
180220
180221
180222
180223
180224
180225
180226
180227
180228
180229
180230
180231
180232
180233
180234
180236
180237
180238
180239
180240
180242
180244
180245
180247
180248
180249
