130750
130752
130753
130754
130755
130756
130757
130764
130765
130766
130767
130768
130769
130770
130773
130774
130775
130776
130777
130779
130780
130781
130782
130783
130784
130785
130786
130787
130789
130790
130791
130792
130793
130795
130796
130797
130798
130799
130801
130802
130803
130804
130805
130806
130807
130808
130809
130810
130811
130813
130814
130815
130817
130818
130820
130821
130822
130823
130824
130825
130826
130827
130828
130829
130830
130831
130832
130833
130835
130836
130837
130838
130839
130840
130841
130842
130843
130844
130846
130849
130850
130851
130852
130854
130855
130857
130858
130859
130860
130861
130862
130863
130864
130865
130867
130868
130870
130871
130872
130873
130874
130875
130876
130877
130878
130879
130881
130882
130883
130885
130886
130887
130889
130890
130891
130893
130894
130895
130896
130897
130898
130899
130903
130904
130906
130907
130911
130912
130913
130915
130916
130917
130918
130919
130920
130921
130922
130923
130924
130925
130927
130928
130929
130930
130931
130932
130936
130937
130938
130939
130940
130941
130942
130943
130944
130945
130946
130947
130948
130949
130950
130951
130953
130954
130956
130957
130958
130959
130960
130961
130962
130963
130964
130965
130966
130967
130968
130969
130970
130973
130974
130975
130976
130978
130980
130981
130982
130984
130985
130986
130987
130991
130992
130993
130994
130995
130996
130997
130998
130999
