33250
33251
33252
33256
33257
33258
33262
33263
33264
33271
33272
33273
33274
33276
33277
33278
33279
33283
33284
33288
33289
33290
33291
33292
33293
33294
33295
33296
33297
33298
33299
33300
33301
33302
33303
33305
33306
33307
33308
33309
33310
33311
33312
33313
33314
33315
33316
33317
33318
33319
33320
33321
33322
33323
33325
33328
33331
33332
33335
33336
33337
33338
33339
33340
33341
33342
33343
33344
33345
33346
33347
33348
33349
33350
33351
33353
33354
33355
33357
33360
33361
33363
33364
33365
33367
33368
33369
33370
33371
33372
33373
33375
33378
33379
33380
33382
33383
33384
33385
33387
33388
33389
33390
33393
33394
33395
33396
33398
33399
33400
33401
33402
33404
33406
33407
33409
33410
33412
33414
33415
33417
33418
33419
33420
33421
33423
33424
33426
33427
33428
33429
33430
33432
33433
33435
33436
33437
33438
33439
33441
33442
33443
33444
33445
33446
33447
33448
33449
33450
33451
33452
33453
33454
33455
33456
33457
33458
33459
33460
33461
33462
33463
33464
33465
33466
33467
33468
33469
33470
33471
33472
33473
33474
33475
33477
33478
33479
33480
33481
33482
33483
33484
33485
33486
33487
33488
33489
33490
33491
33492
33493
33495
33496
33497
33499
