451000
451001
451002
451003
451004
451005
451006
451007
451008
451009
451010
451011
451012
451013
451015
451018
451019
451021
451022
451023
451024
451025
451026
451027
451028
451030
451031
451032
451033
451034
451036
451037
451038
451040
451041
451042
451043
451044
451045
451046
451048
451049
451050
451051
451053
451054
451055
451057
451058
451059
451061
451062
451063
451064
451065
451066
451067
451068
451069
451070
451071
451072
451073
451074
451075
451076
451077
451078
451079
451080
451081
451082
451083
451084
451085
451086
451087
451088
451089
451090
451091
451092
451093
451094
451095
451096
451098
451099
451100
451101
451102
451103
451104
451105
451106
451107
451108
451109
451110
451111
451112
451113
451114
451116
451117
451118
451119
451120
451122
451123
451124
451125
451126
451127
451128
451129
451130
451131
451132
451133
451134
451135
451136
451137
451138
451139
451141
451143
451144
451146
451148
451149
451152
451153
451154
451155
451156
451157
451158
451159
451161
451162
451165
451166
451167
451168
451169
451170
451171
451172
451173
451174
451176
451177
451178
451179
451180
451181
451182
451183
451184
451185
451186
451187
451188
451189
451190
451191
451193
451194
451195
451197
451198
451199
451201
451202
451203
451204
451205
451206
451207
451208
451209
451210
451211
451212
451213
451214
451215
451216
451217
451219
451220
451221
451222
451223
451225
451226
451227
451228
451229
451231
451232
451233
451234
451235
451236
451237
451238
451239
451240
451241
451242
451243
451245
451246
451247
