244250
244251
244252
244253
244256
244257
244258
244259
244262
244263
244264
244265
244268
244269
244270
244271
244272
244273
244274
244275
244276
244277
244278
244279
244280
244281
244282
244283
244284
244287
244288
244289
244290
244291
244292
244293
244294
244295
244296
244297
244298
244299
244300
244301
244302
244303
244304
244305
244306
244307
244310
244311
244312
244315
244316
244319
244320
244321
244322
244323
244324
244325
244326
244327
244328
244329
244330
244331
244332
244333
244334
244335
244336
244337
244338
244339
244340
244341
244343
244344
244345
244346
244347
244348
244349
244352
244353
244354
244355
244356
244357
244358
244359
244360
244361
244362
244364
244365
244366
244367
244368
244371
244372
244373
244374
244375
244376
244377
244379
244381
244382
244383
244384
244386
244387
244388
244389
244391
244392
244395
244396
244397
244398
244399
244400
244402
244403
244404
244405
244406
244408
244409
244410
244411
244413
244414
244415
244416
244417
244418
244420
244421
244422
244423
244426
244427
244429
244430
244431
244432
244433
244434
244435
244437
244438
244439
244440
244441
244443
244444
244445
244446
244447
244449
244452
244453
244454
244455
244457
244458
244459
244460
244461
244462
244463
244464
244465
244466
244469
244470
244471
244472
244473
244474
244475
244476
244477
244479
244482
244483
244484
244485
244486
244487
244488
244489
244490
244491
244493
244494
244495
244496
244497
244499
