87251
87252
87254
87256
87258
87260
87261
87263
87264
87265
87266
87268
87269
87272
87273
87275
87276
87277
87278
87279
87280
87282
87283
87284
87285
87286
87287
87288
87289
87290
87291
87293
87294
87296
87299
87304
87305
87306
87307
87308
87309
87310
87311
87312
87313
87314
87315
87317
87318
87319
87320
87321
87322
87323
87326
87327
87328
87330
87331
87332
87333
87335
87336
87337
87338
87339
87340
87341
87342
87343
87344
87345
87346
87347
87348
87349
87350
87351
87354
87355
87356
87357
87359
87360
87361
87362
87363
87365
87366
87367
87369
87370
87371
87372
87373
87374
87375
87376
87377
87378
87380
87383
87390
87392
87393
87394
87395
87396
87397
87398
87399
87400
87401
87402
87404
87405
87406
87407
87408
87409
87411
87412
87413
87414
87415
87416
87418
87419
87420
87421
87423
87424
87425
87427
87428
87429
87430
87431
87432
87433
87434
87435
87436
87437
87438
87439
87441
87443
87446
87447
87449
87450
87451
87453
87455
87458
87459
87461
87462
87463
87464
87465
87466
87467
87468
87469
87471
87472
87473
87474
87475
87476
87477
87478
87479
87480
87481
87482
87483
87484
87487
87488
87489
87492
87493
87494
87495
87496
87497
87498
87499
