300750
300751
300753
300754
300755
300757
300759
300760
300761
300762
300763
300764
300765
300766
300767
300768
300769
300771
300772
300773
300774
300775
300776
300777
300778
300779
300781
300782
300784
300785
300787
300789
300790
300791
300792
300796
300797
300798
300799
300800
300809
300810
300811
300812
300813
300814
300815
300816
300818
300819
300820
300821
300822
300823
300824
300826
300827
300828
300829
300831
300833
300834
300836
300837
300838
300839
300841
300843
300846
300847
300849
300850
300851
300852
300853
300855
300857
300858
300859
300860
300861
300862
300863
300864
300865
300866
300868
300869
300870
300873
300874
300875
300876
300878
300879
300880
300881
300882
300883
300885
300886
300887
300888
300890
300891
300892
300893
300894
300895
300896
300898
300899
300900
300902
300903
300905
300908
300909
300910
300911
300912
300913
300915
300916
300917
300918
300920
300921
300922
300923
300924
300925
300926
300927
300929
300930
300931
300932
300933
300937
300938
300939
300940
300941
300942
300943
300944
300946
300947
300948
300950
300951
300952
300953
300954
300955
300956
300957
300958
300959
300960
300961
300962
300963
300964
300965
300966
300967
300968
300969
300970
300971
300974
300975
300976
300977
300978
300979
300980
300981
300982
300983
300984
300985
300986
300987
300988
300989
300990
300991
300992
300993
300994
300995
300996
300997
300998
300999
