135000
135002
135003
135004
135005
135006
135008
135009
135010
135011
135012
135013
135014
135015
135016
135017
135018
135019
135020
135021
135022
135023
135024
135025
135026
135028
135029
135030
135031
135032
135033
135034
135035
135037
135038
135039
135040
135041
135042
135043
135044
135045
135046
135048
135049
135051
135052
135054
135057
135060
135061
135062
135064
135065
135066
135067
135068
135069
135070
135071
135072
135073
135075
135076
135077
135078
135079
135080
135081
135082
135083
135084
135086
135087
135088
135089
135090
135091
135092
135093
135095
135096
135097
135098
135099
135101
135103
135104
135105
135106
135107
135109
135110
135111
135116
135117
135118
135119
135120
135121
135122
135123
135125
135126
135127
135129
135130
135131
135132
135133
135134
135135
135136
135137
135138
135139
135140
135142
135143
135144
135146
135147
135148
135149
135150
135151
135156
135157
135158
135159
135160
135161
135162
135163
135164
135165
135166
135167
135169
135170
135171
135172
135173
135174
135175
135177
135178
135179
135180
135181
135182
135183
135184
135185
135186
135188
135189
135191
135192
135193
135194
135195
135196
135197
135198
135199
135200
135201
135203
135205
135206
135207
135208
135212
135213
135214
135215
135217
135218
135219
135220
135221
135222
135223
135224
135225
135226
135227
135228
135229
135230
135231
135232
135233
135234
135235
135236
135237
135238
135239
135240
135241
135242
135243
135244
135245
135247
135248
135249
