273250
273251
273252
273253
273254
273255
273256
273257
273258
273259
273260
273261
273262
273263
273264
273265
273266
273268
273269
273270
273271
273272
273273
273274
273275
273276
273277
273278
273279
273280
273281
273283
273284
273285
273286
273287
273288
273291
273294
273297
273298
273299
273300
273301
273303
273304
273305
273306
273309
273311
273313
273315
273317
273319
273320
273321
273322
273323
273324
273326
273327
273328
273329
273330
273331
273332
273333
273335
273336
273337
273338
273339
273340
273342
273343
273344
273346
273347
273349
273350
273351
273352
273353
273354
273355
273356
273358
273359
273360
273362
273363
273365
273366
273367
273369
273370
273371
273372
273373
273374
273376
273377
273378
273379
273381
273383
273385
273386
273387
273389
273390
273391
273392
273393
273395
273397
273399
273400
273405
273406
273410
273411
273412
273413
273414
273418
273419
273423
273425
273427
273428
273429
273431
273432
273433
273434
273436
273437
273438
273440
273441
273442
273443
273444
273445
273446
273447
273448
273449
273450
273451
273454
273456
273457
273458
273459
273461
273462
273463
273464
273465
273466
273467
273468
273469
273470
273471
273472
273473
273474
273475
273476
273477
273478
273479
273480
273481
273482
273484
273485
273486
273487
273488
273489
273491
273492
273493
273494
273495
273496
273497
273498
273499
