258750
258751
258752
258753
258754
258755
258757
258758
258759
258760
258761
258762
258763
258764
258765
258766
258767
258768
258769
258770
258771
258772
258773
258774
258775
258776
258777
258778
258779
258780
258781
258782
258783
258784
258785
258786
258788
258789
258790
258791
258792
258793
258794
258795
258797
258800
258801
258802
258803
258804
258805
258806
258807
258808
258810
258811
258812
258813
258814
258815
258816
258818
258820
258821
258822
258823
258824
258825
258827
258828
258829
258830
258832
258834
258835
258836
258837
258838
258839
258840
258842
258843
258844
258845
258846
258847
258848
258849
258851
258852
258853
258854
258855
258856
258857
258858
258859
258860
258861
258862
258863
258864
258865
258866
258867
258868
258869
258870
258871
258872
258873
258874
258875
258876
258877
258878
258880
258881
258882
258885
258886
258887
258888
258889
258890
258891
258892
258894
258895
258896
258897
258898
258899
258900
258901
258902
258903
258904
258905
258906
258907
258908
258909
258910
258911
258912
258913
258914
258915
258916
258917
258918
258919
258920
258923
258924
258925
258926
258927
258928
258929
258930
258931
258932
258933
258934
258935
258936
258939
258940
258941
258942
258943
258944
258945
258946
258947
258948
258949
258950
258951
258952
258953
258954
258955
258957
258958
258959
258961
258963
258964
258965
258966
258967
258968
258970
258971
258972
258975
258976
258977
258978
258979
258980
258981
258982
258983
258984
258985
258986
258988
258989
258990
258993
258994
258996
258997
258998
258999
