367500
367501
367503
367506
367507
367508
367509
367510
367511
367512
367513
367514
367517
367518
367519
367520
367521
367522
367523
367525
367528
367529
367530
367532
367533
367535
367536
367538
367539
367541
367542
367543
367545
367546
367547
367548
367549
367550
367551
367552
367553
367554
367555
367557
367559
367560
367561
367562
367563
367565
367566
367567
367574
367575
367576
367577
367578
367579
367580
367581
367584
367585
367587
367588
367589
367590
367591
367592
367596
367597
367598
367599
367600
367601
367602
367603
367605
367606
367607
367609
367610
367611
367612
367613
367614
367621
367622
367623
367624
367625
367627
367628
367629
367630
367631
367634
367636
367637
367638
367639
367641
367642
367643
367644
367645
367646
367647
367649
367650
367651
367652
367653
367654
367655
367656
367657
367658
367659
367660
367661
367662
367663
367664
367665
367666
367667
367668
367669
367670
367671
367672
367673
367674
367675
367676
367677
367678
367679
367680
367681
367682
367683
367684
367685
367686
367687
367688
367689
367690
367694
367695
367696
367697
367698
367702
367703
367704
367705
367706
367707
367708
367709
367710
367711
367712
367713
367714
367715
367716
367718
367719
367720
367721
367722
367724
367725
367728
367729
367730
367731
367732
367735
367736
367737
367738
367739
367740
367741
367742
367745
367746
367747
367748
367749
