174500
174501
174502
174504
174505
174506
174507
174508
174509
174510
174511
174512
174513
174514
174515
174516
174517
174519
174520
174521
174522
174523
174524
174525
174526
174528
174529
174530
174531
174532
174533
174534
174535
174536
174537
174538
174539
174540
174541
174542
174543
174544
174545
174546
174547
174548
174549
174550
174551
174552
174553
174554
174555
174556
174558
174559
174560
174561
174562
174564
174565
174566
174567
174568
174570
174571
174572
174573
174574
174577
174578
174579
174580
174581
174584
174585
174586
174587
174588
174589
174590
174591
174592
174593
174594
174597
174598
174601
174602
174604
174605
174608
174610
174611
174612
174613
174614
174616
174617
174620
174621
174622
174624
174625
174627
174628
174629
174631
174632
174633
174634
174635
174636
174637
174638
174639
174640
174641
174642
174644
174645
174646
174648
174649
174650
174651
174652
174653
174654
174655
174656
174657
174658
174659
174660
174661
174662
174663
174664
174665
174666
174667
174669
174670
174671
174673
174674
174675
174676
174677
174678
174679
174680
174681
174684
174685
174686
174687
174688
174689
174691
174692
174693
174694
174695
174696
174697
174699
174700
174701
174702
174705
174706
174708
174709
174710
174711
174712
174713
174714
174715
174718
174719
174720
174721
174722
174724
174725
174726
174728
174729
174730
174731
174732
174734
174735
174737
174739
174740
174741
174742
174743
174744
174747
174748
174749
