320250
320251
320252
320253
320254
320255
320256
320257
320258
320259
320261
320262
320264
320265
320267
320268
320269
320270
320271
320273
320275
320276
320277
320278
320279
320280
320281
320282
320283
320284
320285
320286
320287
320288
320289
320290
320291
320292
320293
320294
320296
320297
320298
320300
320302
320303
320304
320306
320308
320309
320310
320311
320312
320313
320314
320315
320316
320317
320318
320320
320321
320322
320323
320324
320325
320328
320329
320330
320331
320332
320335
320336
320337
320338
320339
320342
320343
320344
320345
320346
320349
320350
320351
320352
320353
320356
320358
320359
320360
320362
320363
320364
320365
320366
320367
320369
320370
320371
320372
320373
320374
320375
320376
320377
320378
320379
320380
320381
320382
320383
320385
320386
320387
320388
320389
320390
320392
320393
320395
320396
320397
320398
320399
320400
320401
320402
320403
320404
320406
320407
320408
320409
320410
320411
320412
320413
320414
320416
320417
320419
320420
320421
320422
320423
320424
320425
320426
320427
320429
320430
320432
320433
320434
320435
320437
320438
320440
320442
320443
320444
320445
320446
320447
320448
320449
320450
320451
320452
320454
320455
320456
320457
320459
320460
320461
320462
320464
320465
320466
320467
320469
320470
320472
320474
320475
320478
320480
320483
320485
320487
320490
320493
320496
320499
