276750
276752
276753
276754
276757
276758
276759
276760
276761
276762
276764
276765
276766
276767
276768
276769
276770
276771
276772
276773
276774
276775
276776
276779
276780
276781
276782
276783
276784
276785
276786
276787
276789
276790
276793
276794
276795
276796
276797
276798
276799
276802
276803
276804
276807
276808
276809
276812
276813
276814
276815
276816
276817
276818
276822
276825
276826
276827
276828
276829
276830
276831
276832
276833
276835
276836
276837
276838
276839
276840
276841
276842
276843
276844
276845
276846
276847
276848
276850
276851
276852
276853
276854
276855
276857
276858
276859
276861
276863
276865
276866
276867
276868
276869
276870
276871
276872
276873
276875
276876
276877
276879
276880
276882
276883
276884
276885
276886
276889
276890
276891
276894
276895
276896
276897
276898
276899
276900
276901
276902
276903
276904
276905
276906
276907
276908
276909
276910
276911
276912
276913
276914
276915
276916
276917
276919
276920
276921
276922
276923
276924
276925
276926
276927
276929
276930
276931
276932
276933
276934
276935
276937
276938
276939
276940
276941
276942
276943
276944
276945
276946
276947
276949
276950
276951
276952
276953
276954
276955
276956
276957
276958
276959
276960
276961
276962
276963
276964
276965
276966
276967
276968
276970
276971
276973
276974
276975
276976
276977
276978
276982
276983
276984
276985
276986
276987
276988
276989
276991
276992
276993
276994
276995
276996
276997
276998
276999
