104005
104007
104008
104009
104010
104011
104012
104013
104014
104015
104016
104017
104018
104019
104020
104021
104022
104023
104024
104025
104026
104027
104028
104029
104030
104031
104033
104035
104036
104037
104038
104040
104041
104042
104043
104044
104045
104046
104047
104048
104050
104051
104052
104053
104054
104056
104057
104058
104059
104061
104062
104064
104066
104067
104068
104069
104070
104071
104072
104073
104074
104075
104076
104077
104078
104079
104080
104081
104082
104083
104084
104085
104086
104087
104088
104089
104090
104091
104092
104094
104096
104097
104098
104100
104101
104102
104103
104105
104106
104108
104109
104110
104111
104113
104114
104115
104116
104117
104118
104119
104120
104121
104122
104123
104124
104125
104126
104127
104128
104129
104130
104131
104132
104133
104134
104135
104136
104138
104140
104143
104144
104145
104146
104147
104150
104151
104152
104153
104154
104155
104156
104157
104158
104159
104160
104161
104163
104164
104165
104166
104167
104169
104170
104171
104172
104176
104177
104178
104179
104180
104181
104182
104183
104185
104186
104187
104188
104190
104191
104193
104194
104195
104196
104197
104198
104199
104200
104201
104202
104203
104204
104205
104206
104208
104209
104210
104211
104212
104213
104214
104215
104216
104217
104218
104219
104220
104221
104222
104223
104226
104227
104228
104229
104230
104231
104232
104233
104234
104236
104238
104239
104240
104241
104242
104244
104245
104246
104247
104248
104249
