297750
297751
297752
297753
297754
297755
297756
297757
297758
297760
297762
297763
297764
297765
297766
297767
297768
297769
297770
297771
297772
297773
297775
297776
297777
297778
297779
297780
297781
297782
297784
297785
297786
297787
297788
297789
297790
297791
297792
297794
297795
297796
297800
297801
297802
297803
297804
297806
297807
297808
297812
297813
297814
297815
297816
297819
297820
297824
297826
297827
297828
297832
297833
297834
297835
297836
297838
297839
297840
297844
297845
297846
297847
297848
297850
297851
297852
297856
297857
297858
297859
297860
297861
297862
297863
297864
297865
297866
297867
297868
297869
297870
297871
297873
297874
297875
297876
297877
297878
297880
297881
297882
297883
297884
297885
297886
297888
297889
297890
297891
297892
297893
297894
297896
297897
297898
297899
297900
297901
297902
297904
297905
297907
297908
297909
297911
297912
297913
297914
297916
297918
297919
297920
297921
297922
297923
297924
297925
297926
297927
297928
297929
297930
297931
297932
297933
297934
297935
297936
297937
297938
297940
297941
297942
297943
297944
297945
297946
297947
297948
297949
297951
297952
297954
297955
297956
297957
297958
297959
297960
297961
297962
297963
297964
297966
297967
297968
297970
297971
297973
297974
297975
297976
297977
297979
297981
297983
297984
297985
297988
297989
297990
297991
297992
297993
297994
297995
297996
297997
297998
297999
