467250
467252
467253
467256
467257
467259
467260
467261
467262
467263
467264
467265
467266
467267
467268
467269
467270
467271
467272
467274
467275
467278
467279
467281
467282
467283
467284
467285
467286
467288
467289
467290
467291
467292
467293
467294
467295
467296
467297
467298
467299
467301
467302
467303
467304
467305
467307
467308
467309
467310
467311
467313
467314
467315
467316
467317
467319
467320
467321
467322
467323
467325
467328
467329
467330
467331
467332
467333
467334
467335
467336
467337
467338
467339
467340
467341
467342
467343
467345
467346
467347
467348
467349
467350
467351
467352
467353
467354
467356
467357
467358
467359
467360
467361
467362
467363
467364
467365
467367
467368
467369
467370
467371
467372
467373
467374
467375
467376
467378
467379
467380
467381
467382
467383
467384
467385
467386
467387
467389
467390
467391
467392
467393
467395
467396
467397
467398
467399
467400
467401
467402
467404
467405
467406
467407
467408
467409
467410
467411
467412
467414
467415
467416
467417
467418
467419
467420
467422
467423
467424
467425
467426
467427
467428
467429
467430
467431
467432
467433
467434
467436
467437
467438
467440
467441
467443
467444
467445
467447
467448
467449
467453
467454
467455
467456
467457
467458
467459
467460
467461
467462
467463
467464
467465
467466
467467
467468
467469
467470
467471
467472
467473
467475
467477
467478
467479
467480
467481
467482
467483
467484
467486
467487
467488
467489
467490
467491
467492
467494
467495
467496
467497
467498
467499
