340500
340501
340502
340504
340505
340506
340507
340508
340509
340510
340512
340513
340514
340515
340517
340518
340519
340520
340521
340522
340523
340525
340526
340527
340528
340529
340530
340531
340532
340533
340534
340535
340536
340537
340538
340539
340540
340541
340542
340543
340544
340545
340546
340547
340548
340549
340551
340552
340553
340554
340556
340557
340558
340559
340560
340561
340562
340563
340565
340567
340568
340570
340572
340573
340574
340576
340577
340578
340579
340580
340581
340582
340583
340584
340585
340586
340587
340588
340589
340590
340591
340592
340593
340594
340595
340596
340597
340598
340599
340600
340601
340602
340603
340604
340605
340606
340608
340609
340610
340612
340613
340614
340615
340616
340617
340618
340619
340620
340621
340622
340623
340624
340625
340626
340627
340628
340630
340631
340632
340633
340634
340635
340636
340637
340639
340641
340642
340643
340644
340645
340646
340647
340648
340649
340650
340651
340653
340654
340655
340656
340657
340658
340659
340660
340661
340662
340663
340664
340665
340666
340668
340669
340670
340671
340672
340673
340674
340675
340676
340678
340679
340680
340681
340683
340684
340685
340686
340688
340689
340690
340691
340692
340693
340694
340695
340696
340697
340698
340700
340701
340702
340703
340704
340705
340706
340707
340708
340709
340710
340711
340712
340713
340714
340715
340716
340717
340718
340719
340720
340721
340722
340723
340724
340725
340726
340727
340728
340729
340730
340731
340732
340733
340734
340735
340736
340737
340738
340739
340740
340741
340742
340744
340746
340748
340749
