222500
222501
222502
222504
222505
222507
222508
222509
222510
222511
222512
222513
222514
222515
222516
222517
222518
222520
222521
222522
222523
222524
222525
222527
222528
222529
222530
222531
222532
222533
222534
222535
222536
222537
222538
222541
222542
222543
222544
222545
222546
222547
222548
222549
222550
222551
222552
222553
222554
222555
222556
222557
222558
222559
222561
222562
222563
222565
222566
222567
222568
222569
222570
222571
222572
222573
222574
222575
222576
222577
222578
222579
222580
222581
222582
222583
222584
222585
222586
222587
222588
222589
222590
222592
222593
222594
222595
222596
222597
222599
222600
222601
222602
222604
222605
222607
222608
222610
222611
222612
222613
222614
222615
222616
222617
222618
222619
222621
222622
222624
222625
222626
222627
222628
222629
222630
222631
222632
222633
222634
222635
222636
222637
222638
222639
222640
222641
222642
222643
222644
222645
222646
222647
222648
222649
222650
222651
222652
222654
222655
222657
222658
222659
222660
222661
222664
222665
222666
222667
222668
222669
222670
222671
222673
222674
222676
222677
222678
222679
222680
222681
222682
222683
222684
222685
222686
222687
222688
222690
222691
222692
222693
222694
222696
222697
222698
222699
222700
222703
222704
222705
222706
222708
222710
222711
222712
222713
222714
222715
222716
222719
222720
222722
222723
222724
222725
222727
222728
222731
222732
222733
222734
222735
222737
222738
222739
222740
222741
222742
222743
222744
222745
222746
222747
222749
