206000
206001
206002
206003
206004
206006
206009
206010
206012
206013
206014
206015
206016
206017
206018
206019
206020
206021
206022
206024
206027
206028
206030
206031
206032
206033
206034
206035
206036
206037
206038
206039
206040
206042
206045
206046
206048
206049
206050
206051
206052
206053
206054
206055
206056
206057
206058
206060
206063
206064
206066
206067
206068
206069
206070
206071
206072
206073
206074
206075
206076
206078
206081
206082
206084
206085
206086
206087
206088
206089
206090
206091
206092
206093
206094
206096
206099
206100
206102
206103
206104
206105
206106
206107
206108
206109
206110
206112
206113
206114
206115
206117
206118
206119
206120
206122
206123
206124
206125
206126
206127
206128
206129
206130
206136
206137
206139
206141
206142
206143
206144
206145
206147
206148
206150
206151
206152
206153
206155
206156
206158
206159
206160
206161
206162
206163
206166
206167
206168
206169
206170
206171
206172
206173
206174
206175
206177
206178
206179
206181
206182
206183
206184
206185
206187
206188
206189
206190
206191
206192
206193
206194
206195
206197
206198
206200
206201
206203
206204
206206
206207
206208
206209
206210
206211
206212
206213
206214
206215
206216
206217
206218
206220
206221
206222
206223
206224
206225
206226
206227
206228
206229
206230
206231
206232
206233
206234
206235
206236
206237
206238
206239
206240
206241
206242
206243
206244
206245
206246
206247
206248
206249
