208750
208751
208752
208753
208754
208755
208756
208757
208758
208759
208760
208762
208763
208764
208765
208766
208768
208769
208770
208771
208772
208773
208774
208775
208776
208777
208778
208779
208780
208782
208783
208784
208785
208786
208787
208788
208790
208791
208792
208793
208794
208795
208796
208798
208799
208800
208801
208802
208803
208804
208805
208806
208807
208808
208809
208810
208811
208812
208814
208815
208816
208817
208818
208819
208820
208821
208822
208823
208824
208825
208826
208827
208828
208829
208830
208831
208832
208833
208834
208835
208836
208837
208838
208839
208840
208841
208842
208843
208844
208845
208846
208847
208848
208849
208850
208854
208856
208857
208858
208859
208860
208861
208862
208864
208865
208866
208867
208868
208869
208870
208871
208873
208874
208875
208876
208877
208879
208880
208881
208882
208883
208884
208885
208886
208887
208888
208889
208890
208891
208892
208894
208895
208896
208897
208898
208899
208900
208901
208902
208903
208904
208905
208906
208907
208908
208909
208910
208915
208916
208917
208918
208920
208922
208923
208924
208925
208926
208927
208930
208931
208932
208933
208934
208935
208936
208937
208938
208939
208940
208941
208943
208944
208946
208947
208948
208949
208950
208951
208952
208953
208955
208956
208957
208958
208959
208960
208961
208962
208963
208964
208965
208966
208967
208969
208971
208972
208973
208974
208975
208976
208977
208978
208979
208980
208981
208982
208983
208985
208987
208988
208989
208990
208991
208992
208993
208997
208999
