58750
58751
58752
58753
58754
58755
58756
58757
58758
58759
58761
58762
58763
58764
58765
58766
58770
58772
58773
58774
58775
58776
58777
58778
58779
58780
58781
58782
58783
58784
58785
58786
58787
58788
58789
58790
58791
58792
58793
58794
58796
58798
58799
58800
58801
58803
58804
58805
58806
58808
58809
58810
58811
58813
58814
58815
58816
58817
58818
58821
58822
58823
58824
58825
58826
58827
58828
58829
58830
58831
58832
58833
58834
58835
58836
58837
58839
58840
58841
58844
58845
58848
58849
58851
58852
58855
58856
58858
58859
58860
58861
58862
58863
58864
58865
58866
58867
58868
58869
58870
58872
58873
58874
58875
58877
58878
58879
58880
58882
58883
58884
58885
58886
58887
58888
58889
58890
58891
58892
58894
58896
58897
58899
58900
58901
58902
58903
58904
58905
58906
58907
58908
58909
58910
58911
58912
58913
58914
58915
58916
58917
58918
58919
58920
58921
58922
58923
58924
58925
58926
58927
58928
58930
58931
58932
58933
58934
58935
58936
58937
58938
58939
58940
58941
58942
58943
58944
58945
58946
58947
58948
58949
58950
58952
58953
58954
58955
58956
58957
58958
58959
58960
58961
58962
58963
58964
58965
58966
58968
58969
58970
58971
58972
58973
58974
58975
58976
58978
58979
58980
58981
58982
58983
58984
58985
58986
58988
58989
58990
58991
58992
58996
58997
58998
