200501
200502
200503
200505
200506
200509
200510
200511
200514
200515
200516
200519
200520
200521
200524
200525
200526
200528
200529
200530
200531
200532
200533
200534
200535
200538
200539
200540
200541
200542
200543
200544
200545
200549
200550
200551
200552
200553
200554
200555
200556
200557
200558
200559
200560
200561
200562
200563
200564
200565
200566
200567
200568
200569
200570
200571
200572
200573
200574
200576
200577
200578
200579
200580
200581
200582
200583
200584
200585
200586
200587
200589
200591
200592
200593
200595
200597
200598
200599
200600
200601
200602
200603
200604
200605
200606
200607
200608
200609
200610
200611
200612
200613
200614
200615
200616
200618
200619
200620
200621
200622
200624
200626
200628
200629
200630
200631
200632
200634
200635
200636
200637
200638
200639
200641
200642
200643
200644
200645
200646
200647
200648
200649
200650
200651
200652
200653
200654
200655
200656
200657
200658
200659
200660
200661
200663
200664
200665
200666
200667
200668
200670
200671
200672
200673
200674
200675
200677
200678
200679
200680
200681
200682
200684
200685
200686
200687
200688
200689
200691
200692
200693
200694
200695
200696
200698
200699
200700
200701
200702
200703
200705
200706
200707
200708
200709
200710
200711
200712
200713
200714
200715
200716
200717
200718
200719
200721
200722
200723
200724
200725
200726
200727
200728
200729
200731
200732
200733
200734
200735
200736
200738
200739
200740
200741
200742
200743
200744
200745
200746
200747
200748
200749
