409000
409001
409002
409003
409004
409005
409006
409007
409008
409010
409013
409014
409015
409017
409018
409019
409020
409021
409022
409023
409024
409026
409027
409028
409029
409030
409031
409032
409033
409035
409036
409037
409038
409039
409040
409041
409042
409043
409047
409048
409050
409051
409052
409053
409054
409055
409056
409057
409058
409059
409060
409061
409064
409065
409066
409067
409070
409071
409072
409073
409074
409075
409076
409077
409078
409079
409082
409083
409084
409085
409086
409087
409088
409089
409090
409091
409093
409095
409096
409097
409098
409099
409101
409102
409103
409104
409105
409107
409108
409109
409110
409111
409113
409114
409115
409116
409118
409119
409120
409121
409122
409123
409124
409125
409126
409127
409128
409130
409133
409134
409135
409136
409138
409139
409140
409141
409142
409143
409145
409146
409147
409148
409149
409150
409151
409152
409153
409154
409155
409156
409157
409158
409159
409160
409161
409162
409163
409164
409165
409166
409167
409168
409169
409171
409172
409173
409174
409177
409178
409179
409180
409181
409184
409185
409186
409188
409189
409190
409191
409192
409193
409194
409195
409196
409197
409198
409199
409200
409201
409202
409203
409204
409208
409210
409211
409212
409213
409218
409220
409221
409222
409223
409225
409226
409227
409228
409229
409230
409233
409234
409235
409236
409237
409238
409239
409240
409241
409242
409243
409244
