177500
177501
177502
177505
177506
177507
177508
177511
177512
177513
177514
177517
177518
177519
177520
177523
177524
177525
177526
177527
177530
177531
177533
177534
177536
177537
177539
177540
177541
177542
177543
177545
177547
177548
177549
177550
177552
177553
177554
177555
177556
177558
177559
177560
177561
177562
177564
177565
177566
177567
177568
177570
177571
177572
177573
177574
177575
177576
177577
177578
177579
177580
177581
177582
177583
177584
177585
177586
177587
177589
177590
177591
177592
177593
177594
177595
177596
177597
177599
177600
177601
177602
177603
177604
177605
177606
177607
177608
177609
177610
177611
177612
177613
177614
177615
177616
177617
177618
177619
177620
177621
177622
177623
177624
177625
177626
177628
177629
177631
177632
177634
177635
177636
177637
177638
177639
177640
177641
177642
177643
177644
177645
177646
177647
177648
177649
177650
177651
177652
177653
177654
177655
177656
177657
177658
177659
177660
177661
177662
177663
177664
177665
177666
177667
177668
177669
177670
177671
177672
177673
177674
177677
177679
177680
177681
177682
177683
177684
177685
177686
177687
177688
177689
177690
177691
177692
177693
177694
177695
177696
177697
177698
177699
177700
177701
177702
177703
177705
177706
177707
177708
177709
177710
177711
177712
177713
177714
177715
177717
177718
177719
177720
177721
177722
177723
177725
177726
177727
177728
177729
177730
177731
177733
177734
177735
177736
177737
177738
177739
177741
177742
177743
177744
177745
177746
177747
177748
177749
