336251
336252
336253
336254
336255
336256
336257
336258
336259
336260
336261
336262
336263
336264
336265
336266
336267
336268
336269
336270
336271
336272
336273
336274
336275
336276
336277
336278
336279
336280
336281
336282
336283
336284
336285
336286
336287
336288
336289
336290
336291
336292
336293
336294
336295
336296
336298
336299
336300
336301
336302
336303
336304
336305
336306
336307
336308
336309
336311
336312
336313
336315
336316
336317
336318
336319
336320
336321
336322
336323
336324
336325
336326
336327
336329
336330
336331
336332
336334
336335
336337
336338
336339
336340
336342
336343
336344
336345
336346
336347
336349
336350
336351
336352
336353
336355
336356
336357
336358
336359
336361
336362
336363
336364
336365
336367
336368
336369
336370
336371
336373
336374
336375
336376
336377
336379
336380
336381
336383
336384
336385
336386
336387
336388
336389
336390
336391
336392
336393
336394
336395
336396
336397
336398
336399
336400
336401
336402
336403
336404
336405
336406
336407
336408
336409
336410
336411
336412
336413
336415
336416
336417
336418
336419
336420
336421
336423
336424
336425
336426
336427
336428
336429
336430
336431
336432
336433
336434
336435
336436
336437
336439
336441
336443
336444
336445
336446
336447
336448
336449
336450
336451
336452
336453
336454
336455
336456
336457
336458
336459
336461
336462
336463
336464
336465
336466
336467
336468
336469
336470
336471
336472
336473
336474
336475
336476
336477
336478
336480
336481
336482
336483
336484
336485
336486
336487
336488
336489
336490
336491
336492
336493
336494
336495
336496
336498
336499
