271750
271751
271753
271754
271755
271756
271757
271758
271759
271760
271761
271762
271763
271764
271765
271766
271767
271768
271769
271770
271771
271772
271773
271774
271775
271776
271778
271779
271782
271783
271784
271786
271787
271790
271791
271792
271794
271795
271798
271799
271800
271802
271803
271805
271807
271808
271809
271810
271812
271813
271814
271815
271817
271818
271819
271820
271821
271822
271823
271824
271826
271828
271830
271831
271833
271834
271835
271836
271837
271839
271840
271842
271843
271844
271845
271846
271848
271849
271851
271852
271853
271854
271855
271856
271857
271858
271860
271861
271862
271864
271865
271866
271867
271868
271869
271870
271871
271873
271874
271875
271876
271877
271878
271879
271880
271881
271882
271883
271884
271885
271886
271887
271888
271889
271890
271891
271892
271893
271894
271895
271896
271897
271898
271899
271900
271901
271902
271903
271904
271905
271907
271908
271909
271910
271912
271913
271914
271915
271917
271918
271919
271920
271921
271922
271924
271927
271928
271930
271931
271932
271933
271934
271935
271936
271937
271938
271939
271940
271941
271942
271943
271944
271945
271946
271947
271948
271949
271950
271951
271952
271953
271954
271955
271956
271957
271958
271959
271960
271961
271962
271963
271964
271965
271967
271968
271969
271970
271971
271972
271973
271974
271975
271976
271977
271978
271979
271980
271981
271982
271983
271984
271985
271986
271987
271988
271989
271991
271992
271994
271995
271997
271998
271999
