395500
395501
395502
395503
395505
395506
395507
395508
395509
395510
395511
395512
395513
395514
395515
395516
395517
395518
395519
395520
395521
395522
395523
395524
395525
395526
395527
395528
395529
395531
395532
395533
395534
395535
395536
395537
395538
395539
395540
395541
395542
395543
395544
395545
395548
395549
395550
395551
395552
395554
395555
395556
395557
395558
395559
395560
395561
395564
395565
395566
395567
395568
395569
395570
395571
395572
395573
395574
395575
395576
395577
395578
395579
395580
395581
395582
395583
395584
395585
395586
395587
395589
395590
395591
395592
395593
395594
395595
395596
395597
395599
395600
395601
395603
395605
395607
395608
395609
395610
395611
395612
395613
395615
395617
395618
395619
395620
395621
395622
395623
395625
395627
395628
395629
395630
395631
395632
395634
395635
395636
395637
395638
395639
395640
395641
395643
395644
395645
395646
395647
395648
395649
395650
395651
395652
395653
395654
395655
395657
395658
395659
395660
395662
395663
395664
395665
395667
395668
395669
395670
395672
395673
395674
395675
395676
395677
395678
395679
395680
395681
395682
395683
395684
395685
395686
395687
395688
395689
395690
395691
395692
395693
395694
395695
395696
395697
395698
395699
395701
395702
395703
395704
395705
395706
395708
395709
395710
395711
395712
395713
395714
395715
395716
395717
395718
395719
395720
395724
395725
395726
395727
395728
395729
395730
395731
395732
395733
395734
395735
395736
395737
395738
395739
395740
395741
395742
395743
395744
395745
395746
395747
395748
395749
