198501
198502
198503
198505
198506
198507
198508
198509
198512
198513
198514
198515
198516
198517
198518
198519
198520
198521
198522
198523
198524
198525
198526
198527
198528
198529
198530
198531
198532
198533
198534
198535
198536
198537
198538
198539
198540
198541
198542
198543
198544
198545
198546
198547
198548
198549
198550
198551
198552
198553
198554
198555
198556
198557
198558
198559
198560
198561
198562
198563
198564
198565
198566
198567
198568
198569
198570
198571
198572
198573
198574
198575
198576
198577
198578
198579
198580
198581
198582
198583
198584
198585
198586
198587
198588
198589
198590
198591
198592
198593
198594
198595
198596
198597
198598
198599
198600
198601
198602
198607
198612
198613
198614
198615
198616
198617
198618
198619
198620
198621
198622
198623
198624
198626
198628
198629
198630
198632
198634
198635
198636
198638
198640
198641
198642
198644
198646
198647
198648
198650
198652
198653
198654
198656
198657
198659
198660
198661
198662
198663
198664
198665
198666
198667
198668
198669
198670
198671
198672
198673
198674
198675
198676
198677
198678
198679
198680
198681
198682
198683
198684
198685
198686
198687
198688
198689
198690
198691
198692
198693
198694
198695
198696
198697
198698
198699
198701
198702
198703
198705
198706
198707
198708
198709
198710
198711
198713
198714
198715
198716
198717
198718
198719
198720
198721
198722
198723
198724
198725
198726
198727
198728
198729
198730
198731
198732
198733
198734
198735
198736
198737
198744
198745
198746
198747
198748
198749
