212750
212751
212752
212753
212754
212756
212757
212758
212760
212764
212765
212785
212786
212787
212788
212789
212790
212792
212793
212794
212795
212796
212797
212798
212799
212800
212801
212802
212803
212804
212805
212806
212808
212809
212810
212811
212812
212814
212815
212816
212817
212818
212820
212821
212822
212823
212824
212826
212827
212828
212829
212830
212831
212832
212833
212834
212835
212836
212837
212838
212839
212840
212842
212843
212845
212846
212848
212849
212850
212851
212852
212853
212856
212857
212858
212860
212861
212862
212863
212864
212865
212866
212867
212868
212869
212871
212872
212873
212874
212875
212876
212877
212888
212889
212890
212891
212892
212893
212894
212895
212896
212898
212899
212900
212901
212902
212903
212904
212905
212906
212907
212908
212909
212910
212911
212912
212913
212914
212915
212916
212917
212918
212919
212920
212921
212922
212923
212925
212926
212927
212928
212929
212931
212932
212933
212935
212936
212937
212938
212939
212943
212944
212945
212946
212950
212951
212952
212953
212954
212956
212957
212958
212959
212960
212961
212962
212963
212964
212965
212966
212967
212968
212969
212970
212971
212972
212973
212974
212975
212976
212977
212978
212980
212981
212982
212983
212984
212985
212986
212987
212988
212991
212992
212993
212994
212995
212996
212997
212998
212999
