440250
440251
440252
440253
440255
440256
440257
440259
440260
440261
440263
440264
440265
440266
440267
440268
440269
440270
440271
440272
440273
440274
440275
440276
440277
440278
440279
440280
440281
440282
440283
440284
440285
440286
440287
440289
440290
440292
440293
440294
440295
440296
440298
440299
440301
440302
440303
440304
440305
440306
440307
440308
440309
440310
440311
440312
440313
440314
440315
440316
440317
440318
440319
440320
440323
440324
440325
440326
440327
440328
440329
440330
440331
440332
440333
440334
440335
440338
440340
440341
440342
440343
440344
440345
440346
440347
440348
440349
440350
440351
440352
440353
440354
440355
440356
440357
440358
440359
440360
440361
440362
440363
440364
440365
440366
440367
440368
440369
440370
440371
440372
440373
440374
440375
440376
440377
440378
440379
440380
440381
440382
440383
440384
440385
440386
440387
440388
440389
440390
440391
440392
440393
440394
440395
440396
440397
440398
440399
440400
440401
440402
440403
440404
440406
440407
440408
440409
440413
440414
440415
440416
440418
440419
440420
440421
440422
440423
440424
440425
440426
440427
440428
440429
440430
440431
440433
440435
440436
440437
440438
440439
440440
440441
440442
440444
440445
440446
440448
440449
440450
440452
440453
440454
440455
440456
440458
440459
440460
440461
440462
440463
440464
440465
440467
440469
440470
440471
440472
440473
440474
440475
440477
440478
440480
440481
440482
440483
440485
440486
440488
440489
440491
440492
440494
440496
440497
440498
440499
