20000
20002
20003
20004
20005
20007
20008
20009
20010
20011
20012
20013
20014
20016
20017
20018
20019
20020
20021
20022
20023
20024
20025
20026
20027
20028
20029
20030
20031
20032
20035
20036
20037
20038
20039
20041
20042
20043
20044
20045
20046
20047
20049
20050
20052
20053
20054
20055
20056
20058
20059
20061
20063
20065
20066
20067
20068
20069
20070
20071
20072
20073
20074
20075
20076
20077
20078
20080
20081
20083
20084
20086
20087
20088
20089
20090
20093
20095
20096
20098
20099
20100
20101
20102
20103
20104
20105
20106
20107
20108
20109
20110
20111
20112
20113
20115
20117
20118
20119
20121
20122
20123
20125
20126
20127
20128
20129
20130
20131
20132
20134
20135
20136
20137
20138
20139
20140
20141
20143
20144
20145
20146
20147
20148
20150
20151
20152
20153
20155
20156
20157
20158
20159
20160
20161
20162
20163
20164
20165
20167
20168
20169
20170
20171
20172
20174
20175
20177
20178
20179
20180
20181
20183
20184
20186
20187
20188
20189
20190
20191
20192
20193
20194
20195
20196
20197
20198
20199
20201
20202
20203
20204
20205
20206
20209
20210
20211
20212
20213
20215
20216
20217
20218
20219
20220
20222
20223
20224
20225
20226
20228
20229
20230
20231
20232
20234
20235
20236
20237
20238
20240
20241
20242
20243
20244
20245
20246
20247
20248
20249
