366250
366251
366253
366254
366255
366256
366257
366258
366259
366260
366261
366262
366268
366270
366271
366272
366273
366278
366279
366280
366281
366282
366283
366284
366285
366286
366288
366290
366292
366293
366294
366295
366296
366297
366298
366299
366300
366301
366302
366303
366304
366305
366306
366307
366308
366309
366310
366311
366312
366313
366314
366315
366316
366317
366318
366319
366320
366321
366322
366323
366324
366325
366326
366327
366328
366329
366330
366331
366332
366334
366335
366337
366338
366339
366340
366341
366342
366343
366344
366345
366346
366347
366348
366349
366350
366351
366352
366353
366354
366355
366356
366357
366358
366359
366360
366361
366362
366367
366369
366370
366371
366372
366373
366375
366376
366377
366378
366380
366382
366383
366384
366385
366386
366387
366388
366389
366390
366391
366392
366393
366394
366395
366396
366397
366398
366399
366400
366401
366402
366403
366404
366405
366406
366407
366408
366409
366410
366411
366412
366413
366414
366415
366416
366417
366418
366419
366420
366421
366422
366423
366424
366425
366426
366427
366428
366429
366430
366431
366432
366433
366434
366435
366436
366437
366438
366439
366440
366441
366442
366443
366444
366445
366446
366447
366448
366450
366451
366452
366453
366454
366455
366456
366457
366458
366459
366460
366461
366462
366464
366465
366466
366467
366468
366469
366470
366471
366472
366473
366475
366476
366477
366478
366479
366480
366481
366482
366483
366484
366485
366486
366487
366490
366491
366492
366493
366494
366496
366497
366498
366499
