418000
418001
418003
418004
418005
418006
418007
418008
418009
418010
418011
418012
418016
418017
418018
418019
418020
418021
418022
418023
418024
418025
418030
418031
418032
418033
418034
418035
418036
418037
418038
418040
418041
418042
418043
418044
418045
418047
418048
418049
418050
418056
418057
418059
418060
418061
418062
418063
418065
418067
418068
418069
418070
418071
418072
418074
418075
418076
418078
418079
418080
418081
418082
418083
418084
418085
418086
418087
418088
418089
418090
418091
418093
418094
418095
418096
418098
418099
418100
418101
418102
418103
418104
418106
418107
418108
418109
418110
418111
418112
418113
418114
418115
418116
418117
418119
418120
418121
418122
418123
418124
418125
418126
418128
418129
418132
418133
418134
418135
418136
418137
418138
418140
418141
418143
418144
418145
418146
418148
418149
418150
418151
418152
418153
418159
418160
418161
418163
418164
418165
418166
418168
418169
418170
418171
418172
418174
418175
418176
418177
418178
418179
418180
418182
418183
418185
418188
418189
418190
418191
418192
418194
418195
418196
418197
418198
418199
418201
418202
418205
418206
418207
418208
418210
418211
418212
418213
418215
418216
418217
418218
418219
418221
418222
418224
418226
418227
418228
418229
418230
418231
418233
418234
418235
418236
418237
418238
418241
418242
418243
418246
418247
418248
418249
