166250
166251
166252
166253
166254
166255
166256
166257
166258
166259
166260
166262
166263
166266
166267
166268
166269
166272
166274
166275
166276
166277
166278
166279
166280
166281
166282
166283
166284
166285
166286
166287
166288
166289
166290
166291
166292
166293
166294
166295
166296
166297
166298
166299
166300
166301
166302
166303
166304
166305
166306
166307
166308
166309
166310
166311
166312
166313
166314
166315
166316
166317
166318
166319
166320
166321
166322
166323
166324
166325
166326
166327
166328
166329
166330
166331
166332
166333
166334
166335
166336
166337
166338
166339
166341
166342
166343
166344
166345
166346
166347
166350
166351
166352
166353
166354
166355
166356
166357
166358
166359
166360
166361
166364
166365
166368
166369
166370
166371
166372
166373
166374
166375
166376
166377
166378
166379
166380
166381
166382
166383
166384
166385
166386
166387
166388
166389
166390
166391
166392
166393
166394
166395
166396
166397
166398
166400
166401
166402
166403
166404
166405
166406
166407
166408
166409
166410
166411
166412
166413
166414
166415
166416
166417
166418
166419
166420
166421
166422
166423
166424
166425
166426
166427
166428
166429
166430
166432
166433
166434
166439
166444
166449
166456
166457
166461
166462
166463
166464
166468
166469
166470
166472
166473
166474
166475
166476
166478
166479
166480
166481
166482
166484
166485
166487
166488
166489
166490
166492
166493
166494
166495
166496
166497
166498
