28250
28251
28252
28254
28255
28256
28258
28260
28261
28262
28264
28265
28266
28267
28268
28269
28270
28271
28272
28273
28274
28276
28278
28279
28280
28281
28282
28283
28285
28286
28287
28288
28289
28290
28291
28292
28293
28295
28296
28297
28298
28299
28300
28301
28302
28303
28304
28305
28306
28307
28308
28309
28310
28311
28312
28313
28314
28315
28316
28317
28318
28319
28320
28321
28322
28323
28325
28326
28327
28328
28329
28330
28331
28332
28333
28334
28336
28337
28338
28339
28340
28341
28342
28343
28344
28345
28346
28347
28348
28349
28350
28351
28352
28353
28354
28355
28356
28357
28358
28359
28361
28362
28363
28366
28367
28368
28369
28370
28371
28372
28373
28374
28375
28376
28377
28378
28379
28380
28382
28384
28385
28387
28388
28389
28390
28391
28393
28396
28397
28398
28399
28401
28406
28407
28408
28409
28410
28411
28413
28414
28415
28417
28418
28419
28420
28422
28424
28427
28428
28429
28430
28431
28432
28434
28436
28439
28441
28443
28446
28447
28450
28451
28452
28453
28454
28455
28456
28457
28458
28459
28460
28461
28462
28464
28465
28466
28467
28469
28470
28471
28472
28473
28474
28475
28476
28477
28478
28479
28480
28481
28482
28483
28484
28485
28486
28487
28488
28489
28491
28492
28493
28494
28495
28496
28497
28498
28499
