254750
254751
254752
254753
254754
254755
254756
254757
254758
254760
254761
254762
254763
254764
254765
254766
254767
254768
254769
254770
254771
254772
254773
254774
254775
254776
254777
254778
254779
254781
254782
254784
254785
254786
254787
254788
254789
254790
254791
254793
254794
254795
254796
254797
254798
254799
254800
254801
254802
254803
254804
254806
254807
254808
254809
254810
254811
254813
254814
254815
254816
254817
254818
254819
254821
254822
254823
254824
254827
254829
254830
254832
254833
254834
254835
254836
254837
254838
254839
254840
254841
254842
254844
254845
254846
254847
254848
254849
254850
254851
254852
254853
254854
254855
254856
254857
254858
254859
254860
254861
254862
254863
254864
254865
254866
254867
254868
254869
254870
254871
254872
254873
254874
254875
254876
254877
254878
254879
254880
254882
254883
254884
254885
254886
254888
254889
254891
254892
254893
254894
254895
254896
254897
254899
254900
254901
254902
254904
254905
254906
254907
254908
254909
254910
254911
254912
254913
254914
254915
254916
254917
254918
254919
254920
254921
254922
254924
254925
254926
254927
254929
254930
254931
254932
254933
254934
254936
254937
254939
254942
254943
254946
254947
254948
254949
254951
254952
254953
254954
254955
254956
254957
254958
254959
254960
254961
254962
254963
254964
254965
254967
254969
254970
254971
254972
254973
254974
254975
254976
254977
254978
254980
254981
254982
254984
254985
254986
254987
254988
254989
254990
254991
254992
254993
254994
254995
254996
254998
254999
