193000
193001
193002
193003
193004
193005
193006
193007
193010
193011
193013
193015
193016
193017
193018
193019
193021
193022
193023
193024
193025
193026
193027
193028
193029
193030
193031
193032
193033
193034
193035
193036
193037
193039
193040
193041
193042
193043
193044
193045
193048
193055
193056
193057
193058
193059
193060
193067
193068
193069
193071
193072
193073
193074
193075
193076
193078
193079
193080
193081
193082
193083
193084
193085
193086
193087
193088
193089
193090
193091
193092
193093
193094
193095
193096
193097
193098
193099
193100
193101
193102
193104
193105
193106
193108
193109
193110
193111
193112
193113
193114
193116
193117
193118
193119
193121
193122
193123
193124
193125
193126
193127
193128
193129
193130
193131
193132
193133
193134
193135
193136
193137
193138
193140
193141
193142
193143
193144
193145
193146
193147
193148
193149
193151
193152
193153
193154
193155
193157
193158
193159
193160
193161
193162
193163
193164
193168
193170
193171
193172
193174
193175
193176
193177
193178
193179
193180
193181
193182
193183
193185
193186
193187
193188
193189
193190
193192
193195
193196
193197
193199
193202
193203
193204
193205
193206
193207
193208
193209
193210
193211
193212
193213
193214
193215
193216
193217
193218
193219
193221
193224
193225
193226
193227
193228
193229
193230
193231
193232
193233
193234
193235
193236
193238
193239
193240
193242
193243
193244
193245
193247
193248
193249
