6250
6252
6254
6255
6256
6257
6259
6260
6261
6262
6263
6266
6267
6268
6272
6273
6274
6275
6276
6277
6278
6279
6280
6281
6282
6283
6284
6286
6287
6289
6290
6292
6293
6296
6297
6298
6299
6303
6306
6307
6309
6310
6311
6313
6314
6315
6316
6317
6318
6319
6323
6324
6325
6326
6327
6328
6331
6333
6335
6336
6341
6343
6345
6346
6348
6349
6350
6352
6354
6356
6357
6358
6359
6360
6361
6363
6364
6365
6366
6367
6369
6370
6371
6373
6374
6375
6376
6378
6379
6382
6384
6387
6389
6390
6391
6393
6394
6395
6396
6398
6401
6402
6404
6405
6407
6408
6409
6410
6412
6414
6415
6416
6417
6418
6419
6420
6421
6422
6423
6427
6428
6429
6430
6431
6432
6434
6435
6436
6437
6438
6441
6442
6445
6446
6447
6448
6449
6450
6451
6452
6453
6454
6455
6456
6457
6458
6460
6461
6462
6463
6464
6465
6466
6467
6468
6469
6470
6471
6472
6473
6474
6475
6476
6482
6486
6498
6499
