394750
394752
394754
394755
394756
394757
394758
394759
394760
394761
394762
394763
394764
394766
394767
394768
394769
394771
394772
394773
394774
394776
394777
394778
394779
394780
394781
394782
394783
394784
394785
394786
394787
394788
394789
394790
394791
394792
394793
394794
394795
394796
394797
394798
394800
394802
394803
394804
394805
394806
394807
394808
394809
394812
394813
394814
394815
394816
394817
394819
394820
394821
394823
394825
394827
394829
394830
394831
394832
394833
394834
394835
394836
394838
394839
394840
394841
394842
394844
394845
394846
394847
394848
394850
394851
394853
394854
394856
394858
394859
394860
394861
394862
394863
394864
394865
394866
394867
394868
394872
394873
394874
394875
394876
394877
394878
394879
394880
394881
394882
394883
394884
394885
394886
394888
394889
394890
394892
394893
394894
394895
394896
394897
394898
394899
394900
394901
394904
394905
394906
394907
394908
394909
394910
394911
394912
394916
394917
394918
394919
394920
394921
394922
394923
394924
394925
394926
394927
394928
394929
394930
394931
394932
394933
394934
394935
394936
394937
394938
394941
394942
394943
394944
394945
394946
394947
394948
394949
394951
394952
394953
394954
394955
394956
394957
394958
394959
394960
394962
394963
394965
394966
394968
394969
394972
394973
394974
394975
394976
394977
394978
394979
394980
394981
394982
394983
394984
394985
394986
394987
394988
394989
394990
394991
394992
394993
394994
394996
394997
394998
394999
