263001
263002
263003
263006
263007
263008
263009
263010
263011
263012
263013
263014
263015
263016
263017
263018
263019
263020
263021
263022
263023
263024
263025
263026
263028
263029
263030
263031
263032
263034
263035
263036
263037
263039
263040
263041
263043
263044
263045
263046
263047
263048
263049
263050
263051
263052
263053
263054
263055
263056
263057
263058
263060
263061
263062
263064
263065
263066
263068
263069
263071
263072
263073
263074
263077
263078
263079
263080
263081
263082
263083
263084
263085
263088
263089
263090
263091
263092
263093
263094
263095
263096
263097
263100
263101
263102
263104
263105
263107
263108
263109
263111
263112
263113
263114
263115
263116
263118
263119
263120
263121
263122
263123
263124
263125
263126
263127
263128
263129
263131
263132
263133
263134
263135
263136
263137
263138
263139
263142
263143
263144
263145
263146
263149
263150
263151
263153
263154
263155
263158
263159
263160
263161
263162
263163
263164
263165
263166
263167
263168
263169
263170
263171
263172
263173
263174
263175
263176
263177
263179
263180
263181
263182
263183
263184
263185
263186
263187
263189
263190
263191
263192
263193
263194
263195
263196
263198
263199
263200
263201
263202
263203
263205
263206
263207
263208
263209
263210
263212
263214
263215
263216
263217
263218
263219
263221
263222
263223
263224
263225
263226
263227
263228
263229
263230
263231
263232
263233
263234
263235
263236
263237
263238
263239
263240
263241
263242
263243
263246
263247
263248
263249
