172750
172751
172752
172753
172754
172755
172756
172757
172758
172760
172761
172762
172763
172764
172765
172766
172769
172770
172771
172772
172773
172774
172775
172776
172777
172778
172779
172780
172781
172782
172783
172784
172785
172786
172788
172789
172791
172792
172793
172794
172795
172796
172797
172798
172799
172800
172801
172802
172803
172804
172805
172806
172807
172809
172810
172811
172812
172814
172815
172816
172817
172818
172819
172820
172821
172822
172823
172824
172825
172826
172827
172828
172829
172830
172831
172832
172833
172834
172835
172836
172837
172839
172840
172841
172842
172843
172844
172845
172846
172847
172848
172849
172850
172851
172852
172853
172854
172855
172856
172857
172858
172859
172860
172861
172862
172863
172864
172865
172866
172867
172868
172869
172870
172871
172872
172874
172875
172876
172877
172879
172880
172881
172882
172884
172885
172886
172887
172889
172890
172891
172893
172894
172895
172896
172897
172899
172900
172901
172902
172903
172904
172905
172906
172907
172909
172910
172912
172913
172914
172915
172916
172917
172918
172921
172922
172923
172924
172925
172926
172927
172928
172929
172930
172931
172932
172933
172934
172935
172936
172939
172941
172943
172944
172947
172949
172951
172952
172954
172955
172956
172962
172963
172964
172965
172966
172968
172969
172971
172972
172974
172976
172977
172978
172979
172980
172981
172982
172983
172984
172985
172987
172988
172989
172990
172991
172992
172993
172994
172996
172997
172998
172999
