56251
56252
56253
56254
56255
56256
56257
56258
56259
56260
56261
56262
56263
56264
56265
56266
56268
56269
56270
56271
56272
56273
56274
56275
56276
56277
56278
56279
56280
56281
56282
56283
56284
56285
56286
56287
56288
56289
56290
56291
56292
56293
56294
56295
56296
56297
56298
56300
56301
56302
56303
56304
56305
56306
56307
56308
56309
56310
56311
56312
56313
56314
56315
56317
56319
56320
56321
56323
56324
56325
56326
56327
56328
56330
56331
56332
56333
56334
56335
56336
56338
56339
56340
56341
56342
56343
56344
56345
56346
56347
56352
56353
56361
56362
56363
56364
56365
56366
56367
56369
56370
56371
56373
56374
56375
56376
56377
56378
56379
56380
56381
56382
56383
56384
56385
56386
56387
56389
56390
56391
56392
56393
56394
56395
56396
56397
56399
56403
56404
56408
56409
56410
56411
56412
56413
56415
56416
56417
56418
56419
56420
56421
56422
56423
56425
56426
56427
56429
56430
56431
56432
56433
56434
56435
56437
56438
56439
56441
56442
56443
56444
56445
56446
56447
56449
56450
56451
56453
56454
56455
56456
56457
56458
56459
56461
56462
56463
56465
56466
56467
56468
56469
56470
56471
56473
56474
56475
56477
56478
56479
56480
56481
56482
56483
56485
56486
56487
56489
56490
56491
56492
56493
56494
56495
56497
56498
56499
