154750
154751
154753
154754
154756
154757
154758
154759
154760
154761
154762
154764
154765
154766
154767
154768
154769
154770
154771
154773
154774
154775
154776
154777
154778
154779
154780
154781
154782
154783
154784
154785
154786
154787
154788
154789
154790
154791
154792
154793
154794
154795
154796
154797
154798
154799
154800
154801
154802
154803
154805
154806
154808
154810
154811
154812
154813
154814
154815
154816
154817
154818
154819
154820
154821
154822
154823
154824
154825
154826
154827
154828
154829
154830
154831
154833
154834
154835
154836
154837
154838
154839
154840
154841
154843
154844
154846
154847
154848
154849
154850
154851
154852
154853
154854
154855
154857
154858
154859
154860
154861
154862
154863
154864
154866
154870
154871
154872
154873
154874
154875
154876
154877
154878
154879
154880
154881
154883
154884
154885
154887
154889
154892
154894
154896
154899
154904
154905
154907
154909
154910
154911
154912
154913
154914
154915
154916
154917
154918
154923
154924
154925
154927
154930
154931
154932
154933
154934
154935
154936
154937
154938
154939
154940
154941
154942
154943
154944
154947
154948
154949
154950
154951
154952
154953
154955
154956
154957
154958
154959
154960
154961
154963
154964
154966
154967
154969
154970
154971
154972
154973
154974
154975
154977
154978
154979
154980
154981
154982
154983
154984
154985
154986
154987
154988
154989
154990
154993
154994
154996
154997
