462000
462002
462003
462006
462007
462008
462012
462013
462016
462017
462018
462019
462020
462021
462022
462023
462024
462025
462026
462027
462028
462029
462032
462033
462034
462035
462037
462038
462039
462040
462041
462042
462044
462045
462046
462047
462050
462051
462052
462053
462054
462055
462056
462057
462058
462059
462060
462061
462063
462064
462065
462066
462067
462069
462070
462071
462072
462073
462074
462075
462076
462077
462078
462079
462080
462082
462083
462084
462086
462087
462088
462090
462091
462092
462093
462094
462095
462096
462097
462098
462099
462100
462101
462102
462103
462105
462106
462107
462108
462110
462111
462112
462113
462115
462116
462118
462119
462120
462121
462122
462123
462125
462126
462129
462131
462132
462133
462135
462136
462137
462140
462141
462145
462146
462149
462150
462151
462152
462154
462155
462156
462158
462159
462160
462162
462164
462165
462166
462168
462169
462170
462172
462173
462176
462177
462179
462181
462182
462183
462184
462185
462186
462187
462188
462190
462191
462200
462204
462205
462209
462210
462214
462216
462217
462218
462219
462220
462221
462222
462224
462225
462226
462227
462228
462229
462230
462231
462232
462233
462234
462235
462239
462242
462243
462244
462245
462246
462247
462248
462249
