99751
99752
99753
99756
99757
99758
99759
99760
99761
99762
99763
99764
99765
99766
99767
99768
99769
99770
99772
99774
99775
99776
99777
99778
99779
99780
99781
99783
99784
99785
99786
99787
99788
99789
99790
99791
99792
99793
99794
99795
99796
99797
99799
99800
99801
99802
99803
99804
99806
99807
99808
99809
99810
99811
99813
99814
99815
99816
99820
99821
99822
99823
99824
99825
99826
99827
99828
99829
99830
99831
99832
99833
99834
99835
99836
99837
99838
99839
99840
99841
99842
99843
99844
99845
99846
99847
99848
99849
99850
99851
99852
99853
99854
99855
99856
99859
99860
99861
99862
99863
99864
99865
99866
99867
99868
99870
99871
99872
99873
99874
99875
99876
99877
99878
99879
99880
99881
99883
99886
99887
99888
99889
99890
99891
99893
99894
99896
99898
99899
99900
99901
99903
99910
99911
99912
99913
99915
99916
99917
99918
99919
99921
99924
99927
99929
99932
99934
99936
99937
99941
99942
99943
99944
99945
99949
99950
99952
99953
99954
99955
99956
99957
99958
99959
99960
99961
99962
99963
99964
99965
99966
99967
99968
99969
99970
99971
99972
99973
99974
99975
99976
99977
99978
99979
99980
99981
99982
99983
99984
99985
99986
99987
99988
99989
99990
99991
99992
99993
99994
99995
99996
99997
99998
