267750
267751
267752
267753
267755
267756
267757
267758
267759
267760
267761
267762
267763
267764
267765
267768
267769
267770
267771
267772
267773
267774
267775
267776
267777
267778
267779
267780
267783
267784
267785
267786
267787
267788
267789
267790
267791
267792
267794
267795
267796
267801
267802
267803
267804
267805
267806
267807
267808
267809
267810
267811
267812
267813
267814
267815
267816
267817
267818
267820
267821
267822
267823
267824
267825
267826
267828
267829
267830
267831
267832
267833
267834
267835
267836
267837
267838
267839
267840
267841
267842
267843
267844
267845
267846
267847
267848
267851
267852
267853
267854
267855
267856
267858
267859
267860
267861
267862
267863
267864
267865
267866
267867
267868
267869
267870
267872
267873
267874
267875
267876
267877
267878
267879
267880
267881
267883
267885
267886
267887
267888
267889
267890
267891
267892
267894
267896
267897
267898
267900
267903
267905
267907
267909
267910
267911
267912
267915
267916
267917
267918
267919
267920
267921
267922
267923
267924
267925
267926
267927
267928
267929
267930
267931
267932
267933
267934
267935
267936
267937
267938
267939
267941
267942
267943
267944
267945
267946
267947
267949
267951
267952
267953
267954
267955
267956
267957
267958
267959
267960
267961
267962
267963
267964
267965
267967
267969
267970
267972
267973
267975
267976
267977
267978
267980
267982
267983
267984
267985
267986
267988
267989
267990
267991
267992
267993
267995
267996
267997
267998
267999
