275001
275002
275003
275004
275005
275006
275007
275008
275011
275012
275013
275014
275016
275017
275019
275020
275021
275022
275023
275024
275025
275026
275027
275028
275029
275030
275031
275032
275033
275036
275037
275038
275041
275042
275043
275044
275045
275046
275047
275048
275049
275050
275051
275052
275053
275054
275055
275056
275057
275058
275059
275060
275061
275065
275066
275067
275069
275070
275071
275074
275075
275076
275077
275080
275081
275082
275083
275086
275087
275089
275090
275091
275094
275095
275096
275097
275098
275099
275100
275101
275102
275104
275105
275106
275107
275108
275110
275111
275112
275113
275114
275115
275116
275117
275118
275119
275120
275122
275123
275124
275125
275126
275127
275128
275129
275130
275131
275132
275133
275134
275135
275136
275137
275138
275140
275141
275142
275143
275144
275145
275146
275147
275148
275149
275150
275151
275152
275153
275154
275155
275156
275158
275159
275160
275161
275162
275163
275164
275165
275168
275169
275171
275172
275173
275175
275176
275177
275178
275179
275180
275181
275185
275188
275189
275190
275191
275192
275193
275194
275195
275196
275197
275198
275199
275200
275201
275202
275203
275204
275205
275206
275208
275209
275210
275211
275212
275213
275214
275215
275216
275218
275219
275220
275221
275222
275223
275224
275225
275226
275227
275228
275229
275230
275231
275232
275233
275236
275237
275238
275239
275240
275241
275243
275244
275245
275246
275247
275248
275249
