180500
180501
180502
180503
180504
180505
180506
180507
180508
180509
180510
180511
180512
180513
180514
180515
180516
180518
180519
180520
180521
180523
180524
180525
180526
180527
180530
180531
180532
180533
180534
180535
180536
180537
180538
180539
180540
180542
180543
180544
180545
180546
180547
180549
180550
180551
180552
180554
180555
180556
180557
180558
180559
180561
180562
180563
180564
180565
180566
180567
180568
180569
180570
180571
180572
180573
180574
180575
180576
180577
180578
180579
180580
180581
180582
180583
180584
180586
180587
180588
180589
180590
180591
180592
180593
180594
180596
180597
180598
180599
180600
180607
180608
180610
180611
180612
180613
180614
180615
180617
180618
180619
180620
180623
180624
180625
180626
180629
180631
180632
180633
180639
180640
180641
180642
180643
180644
180645
180646
180647
180648
180649
180650
180651
180653
180655
180656
180657
180658
180659
180662
180663
180665
180666
180667
180668
180669
180670
180671
180672
180673
180674
180675
180676
180677
180678
180679
180680
180681
180682
180683
180684
180685
180686
180687
180688
180689
180690
180691
180692
180695
180696
180697
180698
180699
180700
180701
180702
180703
180704
180705
180706
180707
180708
180709
180710
180711
180712
180713
180714
180715
180716
180717
180720
180722
180723
180725
180727
180728
180729
180730
180731
180732
180733
180734
180735
180736
180737
180738
180739
180740
180741
180742
180743
180744
180745
180746
180747
180748
180749
