335500
335501
335502
335503
335506
335509
335510
335511
335513
335514
335516
335517
335519
335520
335522
335523
335525
335526
335527
335529
335530
335531
335532
335533
335534
335535
335536
335537
335538
335539
335540
335541
335542
335543
335544
335545
335546
335547
335548
335549
335550
335551
335552
335553
335554
335555
335556
335559
335560
335561
335562
335563
335564
335565
335566
335569
335570
335571
335572
335573
335574
335575
335576
335577
335578
335579
335580
335581
335583
335584
335585
335586
335587
335588
335589
335590
335592
335593
335594
335595
335597
335598
335599
335600
335605
335606
335610
335611
335615
335616
335617
335618
335619
335620
335621
335622
335623
335624
335625
335626
335627
335628
335629
335630
335631
335632
335633
335634
335635
335636
335637
335638
335639
335640
335641
335642
335643
335644
335645
335646
335648
335649
335650
335651
335652
335653
335654
335656
335657
335658
335660
335661
335662
335664
335665
335666
335668
335669
335670
335672
335674
335675
335676
335678
335679
335680
335681
335682
335683
335684
335687
335688
335689
335690
335691
335692
335693
335694
335697
335698
335699
335700
335701
335702
335703
335704
335707
335708
335709
335710
335711
335712
335713
335715
335716
335717
335718
335719
335720
335721
335722
335724
335725
335726
335727
335728
335730
335731
335732
335733
335734
335736
335737
335738
335739
335740
335741
335742
335743
335744
335745
335746
335747
335748
