115750
115751
115752
115753
115756
115757
115758
115759
115760
115761
115762
115763
115764
115767
115768
115769
115771
115772
115774
115775
115776
115777
115778
115779
115780
115781
115782
115783
115784
115785
115786
115787
115788
115789
115790
115791
115792
115793
115794
115796
115797
115798
115799
115801
115802
115803
115804
115805
115806
115807
115808
115809
115811
115812
115813
115814
115815
115816
115817
115819
115820
115821
115822
115823
115824
115825
115826
115827
115829
115832
115834
115835
115836
115838
115839
115840
115841
115842
115843
115844
115845
115846
115848
115849
115850
115852
115853
115854
115856
115858
115859
115860
115861
115863
115864
115865
115867
115868
115869
115870
115872
115874
115875
115876
115877
115878
115879
115880
115881
115882
115883
115884
115886
115887
115888
115889
115890
115891
115892
115893
115894
115895
115896
115897
115898
115899
115900
115901
115902
115903
115904
115905
115906
115907
115908
115909
115910
115911
115912
115913
115915
115916
115917
115919
115920
115921
115922
115923
115924
115925
115928
115929
115930
115932
115933
115934
115935
115936
115937
115938
115939
115940
115941
115942
115943
115944
115946
115948
115950
115951
115952
115955
115956
115957
115959
115960
115962
115963
115965
115966
115968
115969
115970
115971
115972
115973
115974
115975
115977
115978
115979
115981
115982
115983
115985
115986
115987
115988
115989
115990
115992
115994
115996
115998
115999
