321000
321001
321003
321004
321006
321007
321008
321009
321010
321012
321013
321015
321016
321018
321019
321020
321021
321022
321024
321025
321027
321028
321030
321031
321032
321033
321034
321036
321037
321039
321040
321042
321043
321044
321045
321046
321048
321049
321051
321052
321054
321055
321056
321057
321058
321060
321061
321063
321064
321066
321067
321068
321069
321070
321072
321073
321075
321076
321078
321079
321080
321081
321082
321083
321084
321085
321086
321087
321088
321089
321090
321091
321092
321093
321094
321095
321096
321097
321098
321099
321100
321103
321108
321109
321110
321111
321112
321113
321114
321115
321116
321117
321118
321119
321120
321121
321122
321123
321124
321125
321126
321127
321128
321129
321130
321131
321132
321133
321134
321135
321136
321137
321138
321139
321140
321141
321142
321143
321144
321145
321146
321147
321148
321149
321150
321151
321152
321153
321154
321155
321156
321157
321158
321159
321160
321161
321162
321163
321164
321165
321166
321167
321168
321170
321171
321172
321173
321174
321176
321177
321178
321180
321181
321182
321183
321184
321185
321186
321187
321188
321189
321190
321192
321193
321194
321195
321196
321197
321198
321199
321200
321201
321202
321203
321204
321205
321206
321207
321208
321209
321210
321211
321212
321213
321214
321215
321216
321217
321218
321219
321220
321222
321223
321224
321225
321226
321227
321231
321232
321233
321234
321235
321236
321237
321239
321240
321241
321242
321243
321244
321245
321247
321248
321249
