454500
454502
454503
454504
454505
454506
454507
454508
454509
454510
454511
454512
454513
454514
454515
454516
454517
454518
454519
454520
454521
454522
454523
454524
454525
454526
454527
454528
454529
454530
454531
454534
454535
454536
454537
454538
454539
454540
454542
454543
454545
454546
454548
454550
454553
454554
454555
454556
454557
454558
454559
454560
454561
454562
454563
454564
454565
454566
454567
454568
454569
454570
454571
454572
454573
454574
454575
454576
454577
454578
454579
454580
454581
454582
454583
454585
454586
454587
454588
454589
454592
454593
454594
454596
454597
454598
454599
454600
454601
454602
454603
454604
454605
454607
454608
454610
454612
454614
454615
454617
454619
454621
454622
454624
454626
454627
454628
454630
454631
454632
454634
454635
454636
454637
454638
454639
454641
454643
454644
454645
454646
454647
454648
454650
454652
454653
454654
454655
454656
454657
454659
454661
454662
454663
454664
454665
454666
454667
454668
454669
454670
454671
454672
454673
454675
454676
454677
454678
454679
454680
454681
454682
454683
454684
454685
454686
454687
454688
454689
454690
454691
454692
454693
454694
454696
454697
454700
454701
454702
454703
454704
454705
454706
454708
454709
454710
454711
454712
454713
454714
454715
454716
454717
454718
454719
454720
454721
454722
454723
454724
454725
454726
454727
454729
454730
454731
454733
454734
454736
454737
454738
454740
454741
454742
454743
454744
454745
454746
454747
454748
454749
