320000
320001
320004
320005
320009
320010
320012
320013
320014
320015
320016
320017
320018
320020
320021
320022
320023
320024
320026
320027
320028
320029
320030
320031
320032
320033
320034
320035
320036
320037
320038
320039
320040
320041
320042
320043
320044
320045
320046
320048
320049
320050
320051
320052
320054
320055
320058
320059
320062
320063
320064
320065
320067
320068
320069
320070
320071
320073
320074
320075
320076
320077
320078
320080
320081
320082
320083
320086
320087
320089
320091
320092
320093
320094
320095
320096
320098
320099
320100
320101
320102
320103
320104
320105
320106
320107
320108
320109
320110
320112
320113
320114
320115
320116
320117
320118
320119
320120
320121
320122
320123
320124
320125
320126
320127
320129
320130
320131
320132
320133
320134
320135
320136
320137
320138
320139
320140
320141
320142
320143
320144
320145
320146
320147
320148
320149
320150
320151
320152
320153
320154
320155
320156
320157
320158
320159
320160
320161
320162
320163
320164
320165
320166
320167
320168
320169
320170
320171
320172
320173
320174
320175
320176
320177
320178
320179
320180
320181
320182
320183
320184
320185
320186
320187
320188
320189
320190
320191
320192
320193
320194
320195
320196
320197
320198
320199
320200
320201
320202
320203
320204
320205
320206
320207
320208
320209
320210
320212
320213
320214
320215
320216
320217
320219
320220
320221
320222
320223
320225
320226
320227
320228
320229
320231
320232
320233
320234
320235
320237
320238
320240
320241
320244
320245
320246
320247
320248
