161000
161001
161002
161004
161006
161007
161008
161009
161010
161012
161013
161014
161017
161018
161019
161020
161021
161022
161023
161024
161025
161026
161027
161028
161032
161035
161038
161040
161041
161042
161043
161044
161045
161046
161047
161048
161049
161050
161052
161053
161054
161055
161056
161057
161058
161060
161061
161062
161063
161064
161065
161066
161067
161068
161070
161071
161072
161073
161074
161075
161076
161079
161080
161081
161082
161083
161084
161085
161086
161087
161088
161089
161090
161091
161092
161093
161094
161095
161096
161097
161098
161099
161100
161102
161103
161104
161105
161106
161107
161108
161110
161111
161112
161113
161114
161115
161116
161117
161118
161122
161124
161125
161126
161127
161128
161129
161130
161131
161132
161133
161135
161136
161137
161138
161139
161140
161141
161142
161143
161146
161147
161148
161149
161150
161151
161152
161153
161154
161155
161174
161175
161176
161177
161178
161179
161180
161181
161182
161183
161184
161185
161186
161187
161188
161189
161191
161192
161193
161194
161195
161196
161197
161199
161200
161201
161202
161203
161204
161205
161206
161207
161208
161209
161212
161213
161214
161215
161216
161217
161218
161219
161220
161221
161222
161223
161224
161225
161226
161227
161228
161229
161230
161231
161233
161236
161237
161238
161239
161240
161241
161242
161243
161244
161247
