127751
127752
127753
127754
127755
127757
127758
127760
127761
127762
127766
127767
127768
127769
127770
127772
127773
127775
127776
127777
127781
127782
127783
127784
127785
127790
127792
127797
127798
127799
127800
127801
127802
127803
127805
127806
127807
127808
127809
127811
127812
127813
127814
127815
127818
127819
127821
127822
127823
127824
127825
127826
127827
127828
127829
127830
127831
127834
127835
127836
127837
127838
127839
127840
127841
127845
127847
127849
127850
127851
127853
127854
127855
127856
127857
127859
127861
127862
127864
127865
127867
127869
127870
127871
127872
127873
127874
127876
127877
127881
127882
127883
127884
127885
127887
127888
127889
127890
127891
127892
127893
127894
127895
127896
127898
127899
127900
127903
127904
127905
127906
127907
127909
127910
127911
127913
127915
127917
127919
127923
127924
127926
127927
127928
127932
127933
127934
127936
127937
127938
127940
127941
127942
127944
127945
127946
127948
127949
127950
127952
127954
127955
127957
127958
127959
127960
127961
127962
127963
127964
127965
127968
127969
127971
127972
127973
127974
127975
127976
127978
127979
127981
127982
127983
127984
127985
127986
127987
127988
127989
127990
127991
127993
127994
127995
127996
127997
127999
