169750
169751
169753
169754
169755
169756
169757
169758
169759
169760
169761
169762
169763
169764
169765
169766
169770
169771
169772
169773
169774
169775
169776
169777
169778
169779
169780
169781
169782
169783
169784
169785
169787
169788
169789
169790
169791
169792
169793
169794
169795
169796
169797
169798
169799
169800
169801
169802
169803
169804
169805
169806
169807
169808
169809
169810
169811
169812
169813
169815
169816
169817
169818
169822
169823
169824
169825
169827
169830
169831
169832
169833
169834
169836
169837
169838
169839
169840
169841
169842
169844
169846
169847
169848
169850
169851
169853
169855
169856
169857
169858
169859
169860
169861
169862
169863
169864
169865
169866
169867
169868
169869
169870
169871
169872
169873
169874
169875
169876
169877
169878
169879
169880
169881
169882
169883
169884
169885
169886
169887
169888
169889
169890
169892
169893
169894
169896
169897
169899
169900
169901
169902
169903
169905
169906
169908
169909
169910
169912
169913
169914
169915
169916
169918
169919
169920
169921
169922
169923
169924
169925
169926
169928
169929
169930
169932
169934
169938
169939
169940
169941
169944
169946
169947
169948
169950
169951
169954
169955
169956
169957
169958
169960
169961
169962
169963
169964
169965
169967
169968
169969
169970
169971
169972
169973
169974
169975
169976
169977
169978
169979
169980
169982
169983
169984
169986
169987
169988
169989
169990
169992
169993
169995
169996
169998
169999
