118250
118251
118252
118253
118254
118255
118256
118257
118259
118260
118261
118262
118263
118264
118265
118266
118267
118268
118269
118271
118272
118274
118275
118276
118277
118278
118280
118281
118282
118283
118284
118286
118287
118288
118289
118290
118291
118292
118293
118294
118295
118296
118297
118298
118299
118300
118302
118304
118305
118306
118307
118308
118309
118310
118311
118312
118313
118314
118315
118316
118317
118320
118321
118323
118324
118325
118326
118327
118328
118331
118332
118333
118334
118335
118336
118337
118339
118340
118341
118343
118344
118347
118349
118350
118351
118352
118353
118355
118356
118357
118358
118359
118360
118361
118362
118365
118366
118367
118368
118369
118370
118372
118373
118374
118375
118376
118377
118378
118379
118380
118382
118386
118387
118389
118390
118391
118393
118394
118395
118396
118399
118400
118401
118402
118404
118406
118407
118410
118412
118413
118416
118418
118419
118420
118422
118423
118425
118426
118428
118429
118431
118432
118433
118434
118435
118436
118437
118438
118439
118440
118441
118442
118443
118444
118445
118446
118447
118448
118449
118450
118451
118452
118453
118454
118455
118456
118457
118458
118459
118460
118461
118462
118463
118464
118465
118466
118467
118468
118469
118470
118473
118474
118476
118478
118479
118480
118481
118482
118483
118484
118485
118486
118487
118488
118489
118490
118492
118493
118495
