199251
199252
199253
199254
199255
199257
199258
199259
199260
199261
199263
199264
199265
199266
199267
199268
199269
199270
199271
199272
199273
199274
199275
199277
199278
199279
199280
199281
199283
199285
199286
199287
199288
199289
199290
199291
199293
199294
199295
199297
199298
199299
199301
199302
199303
199305
199306
199307
199309
199310
199311
199312
199313
199314
199315
199317
199318
199319
199320
199321
199322
199323
199324
199325
199326
199327
199328
199329
199330
199331
199332
199333
199334
199335
199336
199337
199338
199339
199340
199341
199342
199343
199344
199345
199346
199347
199348
199349
199350
199351
199355
199356
199357
199358
199359
199360
199361
199362
199363
199364
199365
199366
199367
199368
199369
199370
199371
199372
199373
199374
199375
199376
199377
199378
199379
199380
199381
199382
199383
199384
199385
199387
199388
199389
199390
199391
199392
199393
199395
199396
199397
199398
199399
199400
199401
199402
199403
199404
199405
199406
199407
199408
199409
199410
199411
199412
199413
199415
199416
199417
199419
199420
199421
199423
199424
199425
199426
199428
199429
199430
199432
199433
199434
199435
199437
199438
199440
199441
199445
199446
199447
199448
199449
199450
199452
199453
199454
199456
199457
199458
199459
199460
199461
199462
199463
199464
199468
199470
199472
199474
199475
199476
199477
199479
199480
199481
199482
199483
199484
199486
199487
199488
199489
199490
199495
199496
199497
199498
199499
