13000
13001
13002
13003
13007
13008
13009
13010
13011
13013
13014
13015
13016
13017
13018
13021
13022
13023
13024
13026
13027
13028
13030
13034
13036
13040
13042
13043
13044
13045
13046
13047
13048
13049
13050
13051
13052
13053
13054
13055
13056
13057
13058
13060
13061
13062
13063
13064
13066
13067
13068
13069
13070
13071
13072
13073
13074
13075
13076
13078
13079
13082
13083
13084
13085
13086
13087
13088
13089
13090
13091
13093
13094
13095
13096
13097
13099
13101
13102
13106
13107
13108
13109
13110
13111
13112
13113
13114
13115
13116
13117
13118
13119
13120
13123
13126
13127
13128
13129
13130
13131
13135
13136
13137
13138
13139
13140
13141
13142
13143
13144
13145
13146
13147
13148
13149
13154
13157
13160
13161
13162
13163
13164
13165
13166
13167
13171
13173
13175
13176
13178
13179
13181
13182
13183
13184
13185
13186
13187
13188
13189
13190
13191
13192
13193
13194
13195
13196
13197
13198
13200
13201
13202
13203
13204
13205
13207
13208
13209
13210
13211
13213
13214
13215
13216
13217
13218
13219
13220
13221
13222
13225
13226
13227
13228
13229
13231
13232
13241
13242
13243
13244
13246
13248
13249
