120250
120251
120252
120253
120254
120255
120256
120257
120258
120259
120260
120261
120262
120263
120264
120265
120266
120267
120268
120269
120270
120271
120272
120273
120274
120275
120276
120280
120281
120282
120283
120284
120285
120287
120288
120289
120290
120291
120292
120293
120294
120295
120296
120297
120298
120299
120300
120301
120302
120303
120305
120306
120307
120308
120309
120310
120311
120312
120313
120314
120315
120316
120318
120319
120320
120321
120322
120323
120324
120325
120326
120327
120328
120329
120330
120331
120332
120333
120334
120336
120337
120338
120339
120340
120341
120342
120343
120344
120345
120346
120347
120348
120349
120350
120351
120352
120353
120354
120356
120357
120358
120359
120360
120361
120362
120363
120365
120366
120367
120368
120369
120370
120371
120372
120375
120376
120377
120378
120379
120380
120381
120382
120383
120384
120385
120386
120387
120388
120389
120390
120391
120392
120393
120394
120395
120396
120397
120398
120399
120400
120401
120402
120403
120404
120405
120406
120407
120408
120409
120410
120411
120412
120414
120415
120416
120417
120418
120419
120420
120422
120425
120426
120427
120428
120429
120430
120431
120432
120433
120434
120435
120436
120437
120438
120439
120440
120441
120443
120444
120445
120447
120448
120449
120450
120455
120456
120458
120459
120460
120461
120463
120464
120465
120466
120467
120468
120469
120470
120471
120472
120473
120474
120475
120476
120479
120480
120481
120482
120483
120484
120487
120490
120492
120493
120494
120495
120496
120497
