239001
239002
239003
239004
239005
239006
239007
239008
239009
239010
239011
239012
239014
239015
239016
239017
239018
239019
239021
239022
239023
239024
239025
239026
239027
239029
239030
239031
239032
239033
239034
239036
239037
239038
239039
239040
239041
239042
239043
239044
239045
239046
239049
239050
239051
239052
239054
239055
239056
239058
239059
239060
239061
239062
239063
239064
239065
239066
239067
239068
239069
239070
239071
239072
239073
239074
239075
239076
239077
239078
239079
239080
239081
239082
239083
239084
239085
239086
239087
239088
239089
239090
239091
239093
239094
239096
239097
239098
239099
239100
239101
239102
239103
239104
239105
239106
239107
239108
239109
239110
239111
239112
239115
239116
239117
239118
239120
239121
239123
239124
239126
239127
239128
239129
239131
239132
239133
239134
239136
239137
239138
239139
239140
239142
239143
239144
239145
239146
239148
239149
239150
239152
239153
239154
239155
239156
239157
239159
239160
239161
239162
239163
239164
239165
239166
239167
239168
239169
239170
239172
239174
239175
239176
239177
239178
239180
239181
239182
239183
239185
239186
239187
239188
239189
239190
239191
239192
239194
239195
239210
239211
239214
239215
239216
239217
239218
239219
239220
239221
239222
239223
239225
239226
239227
239228
239229
239230
239231
239232
239234
239235
239236
239237
239238
239239
239240
239241
239242
239243
239245
239246
239248
239249
