97250
97251
97253
97254
97255
97256
97257
97258
97259
97260
97261
97263
97264
97265
97267
97268
97269
97271
97272
97273
97275
97276
97277
97278
97279
97280
97281
97282
97283
97284
97285
97286
97287
97288
97289
97290
97292
97293
97294
97295
97296
97298
97299
97301
97302
97305
97306
97307
97308
97310
97311
97312
97313
97314
97315
97316
97317
97318
97320
97321
97322
97324
97325
97327
97328
97329
97330
97331
97332
97333
97334
97335
97336
97338
97340
97342
97344
97346
97348
97350
97352
97354
97355
97357
97359
97360
97361
97362
97364
97365
97367
97368
97370
97371
97372
97374
97375
97376
97377
97379
97380
97381
97383
97385
97386
97387
97389
97390
97391
97393
97394
97395
97397
97398
97399
97401
97402
97403
97405
97406
97407
97409
97410
97411
97412
97413
97414
97416
97417
97418
97419
97420
97421
97423
97424
97425
97427
97428
97429
97430
97431
97432
97433
97434
97438
97440
97441
97442
97445
97446
97448
97449
97450
97451
97452
97455
97456
97457
97458
97459
97462
97463
97464
97465
97467
97468
97470
97471
97473
97474
97475
97476
97477
97478
97479
97480
97483
97484
97485
97486
97487
97488
97489
97490
97491
97492
97493
97494
97495
97496
97497
97498
97499
