82250
82251
82252
82253
82255
82256
82258
82259
82261
82262
82263
82264
82265
82267
82268
82270
82271
82272
82274
82276
82277
82278
82279
82280
82281
82282
82283
82285
82286
82287
82289
82290
82292
82293
82294
82295
82296
82297
82298
82299
82300
82303
82304
82305
82306
82307
82308
82310
82314
82315
82316
82317
82318
82319
82320
82321
82323
82327
82328
82329
82330
82333
82334
82335
82337
82341
82343
82344
82345
82346
82347
82348
82349
82350
82351
82352
82353
82355
82356
82357
82358
82359
82360
82361
82362
82366
82367
82368
82369
82373
82374
82375
82376
82377
82378
82379
82380
82381
82382
82383
82384
82385
82386
82387
82388
82389
82390
82392
82393
82394
82395
82396
82397
82398
82399
82400
82401
82402
82403
82404
82405
82406
82407
82408
82409
82410
82411
82412
82413
82414
82415
82416
82417
82418
82419
82420
82421
82422
82423
82424
82425
82426
82427
82428
82429
82431
82432
82433
82434
82435
82436
82437
82438
82439
82440
82441
82442
82443
82444
82445
82446
82449
82450
82451
82452
82454
82455
82456
82457
82458
82461
82462
82463
82464
82465
82466
82469
82470
82471
82472
82473
82474
82477
82478
82479
82480
82481
82482
82483
82484
82487
82488
82489
82490
82491
82493
82494
82495
82497
82498
82499
