81500
81501
81502
81503
81504
81506
81507
81508
81509
81510
81511
81512
81513
81514
81515
81516
81517
81519
81521
81522
81523
81524
81525
81526
81527
81528
81529
81530
81531
81532
81533
81534
81535
81537
81539
81540
81541
81542
81543
81544
81545
81546
81547
81548
81549
81550
81551
81552
81553
81556
81557
81558
81559
81560
81561
81563
81564
81566
81567
81568
81570
81572
81573
81574
81575
81576
81577
81578
81579
81580
81581
81583
81584
81585
81586
81588
81589
81590
81591
81592
81594
81595
81596
81597
81598
81599
81600
81602
81603
81604
81605
81609
81610
81611
81613
81614
81615
81616
81617
81618
81619
81622
81623
81625
81626
81627
81628
81629
81630
81631
81632
81633
81634
81635
81636
81638
81639
81640
81641
81642
81643
81645
81646
81649
81650
81651
81652
81653
81655
81656
81657
81659
81660
81661
81663
81664
81665
81666
81667
81669
81673
81674
81675
81676
81677
81679
81682
81683
81684
81685
81687
81689
81690
81691
81692
81693
81694
81700
81701
81702
81703
81704
81706
81709
81710
81711
81712
81714
81715
81717
81718
81719
81720
81722
81723
81725
81726
81727
81728
81730
81731
81733
81734
81735
81736
81738
81739
81740
81741
81743
81744
81745
81746
81747
