460000
460001
460003
460004
460005
460006
460007
460008
460009
460011
460012
460013
460014
460015
460016
460017
460018
460019
460020
460021
460022
460023
460024
460025
460026
460027
460028
460029
460030
460031
460032
460033
460034
460035
460036
460037
460038
460039
460040
460041
460042
460043
460044
460045
460046
460047
460048
460049
460050
460051
460052
460053
460054
460055
460057
460059
460060
460061
460064
460065
460066
460068
460071
460072
460073
460074
460075
460076
460077
460078
460079
460080
460081
460082
460083
460085
460086
460087
460088
460090
460091
460092
460093
460094
460096
460097
460099
460100
460101
460102
460103
460104
460105
460106
460109
460110
460111
460112
460114
460116
460117
460118
460119
460120
460121
460122
460124
460125
460126
460127
460128
460129
460130
460131
460132
460133
460135
460136
460137
460138
460140
460141
460142
460143
460144
460145
460146
460147
460148
460150
460151
460152
460153
460154
460155
460156
460157
460158
460159
460160
460161
460165
460166
460167
460169
460170
460172
460174
460175
460177
460178
460180
460182
460183
460185
460186
460188
460190
460191
460192
460194
460195
460196
460198
460199
460200
460201
460202
460203
460204
460205
460206
460208
460209
460210
460212
460213
460214
460216
460217
460218
460220
460221
460222
460223
460225
460226
460229
460230
460231
460233
460234
460235
460236
460237
460238
460239
460240
460241
460242
460245
460247
460248
460249
