40000
40001
40002
40003
40005
40006
40007
40008
40009
40010
40011
40012
40013
40014
40015
40016
40017
40018
40019
40020
40021
40022
40023
40026
40028
40029
40030
40031
40032
40033
40034
40035
40037
40038
40039
40040
40041
40042
40043
40044
40045
40046
40048
40049
40050
40051
40052
40053
40055
40057
40058
40061
40062
40065
40067
40068
40069
40070
40071
40072
40073
40075
40076
40078
40079
40080
40081
40082
40083
40084
40085
40086
40087
40088
40089
40090
40091
40092
40093
40094
40095
40096
40097
40098
40099
40100
40101
40102
40105
40106
40107
40110
40111
40112
40114
40117
40119
40120
40121
40122
40123
40124
40125
40126
40128
40129
40130
40131
40132
40133
40134
40135
40137
40138
40139
40140
40141
40142
40143
40144
40145
40147
40149
40150
40151
40152
40154
40155
40156
40157
40158
40159
40160
40161
40162
40163
40165
40166
40167
40169
40170
40171
40172
40173
40174
40175
40177
40179
40180
40181
40182
40184
40185
40186
40187
40189
40191
40192
40193
40194
40195
40196
40197
40198
40199
40201
40202
40203
40204
40205
40206
40207
40208
40209
40210
40211
40212
40215
40216
40217
40218
40219
40220
40221
40222
40223
40224
40225
40226
40227
40228
40229
40230
40231
40232
40233
40234
40235
40236
40237
40238
40239
40240
40241
40242
40243
40244
40245
40247
40248
40249
