368000
368001
368002
368003
368004
368005
368006
368011
368013
368015
368017
368019
368020
368021
368022
368023
368026
368027
368028
368029
368030
368031
368032
368033
368034
368035
368036
368037
368038
368039
368040
368041
368042
368043
368044
368045
368046
368047
368048
368049
368050
368051
368052
368053
368054
368056
368057
368058
368060
368061
368062
368063
368064
368065
368066
368067
368068
368069
368070
368071
368072
368073
368074
368075
368077
368078
368079
368080
368081
368082
368083
368084
368086
368087
368088
368089
368090
368091
368092
368093
368094
368095
368096
368097
368098
368099
368100
368102
368103
368104
368105
368106
368107
368108
368109
368110
368111
368113
368114
368115
368116
368120
368121
368122
368123
368124
368127
368128
368129
368130
368131
368132
368133
368135
368136
368137
368138
368139
368140
368141
368142
368143
368144
368145
368146
368147
368148
368149
368150
368151
368152
368153
368154
368155
368156
368157
368158
368159
368160
368161
368162
368163
368164
368166
368167
368168
368169
368170
368171
368172
368175
368176
368177
368178
368179
368180
368181
368182
368183
368184
368185
368187
368189
368190
368191
368192
368193
368195
368197
368198
368199
368200
368201
368202
368203
368204
368206
368207
368208
368242
368243
368244
368246
368247
368248
368249
