217000
217002
217003
217004
217005
217006
217007
217008
217010
217011
217012
217013
217014
217015
217016
217018
217019
217020
217021
217022
217023
217024
217025
217026
217027
217029
217030
217032
217033
217034
217035
217036
217037
217039
217040
217041
217042
217044
217045
217046
217047
217048
217050
217051
217052
217053
217054
217056
217057
217058
217059
217060
217061
217062
217064
217065
217066
217068
217069
217071
217073
217074
217075
217077
217078
217079
217080
217081
217083
217084
217085
217086
217087
217088
217089
217090
217091
217092
217093
217094
217095
217096
217097
217098
217099
217100
217101
217102
217103
217104
217105
217106
217108
217109
217110
217111
217112
217113
217118
217119
217123
217124
217128
217129
217130
217131
217133
217134
217135
217136
217137
217138
217139
217141
217142
217143
217144
217145
217146
217147
217148
217149
217150
217151
217152
217153
217157
217158
217159
217161
217162
217163
217164
217165
217166
217168
217169
217172
217173
217174
217175
217176
217177
217178
217179
217180
217181
217182
217183
217185
217187
217189
217192
217193
217194
217195
217196
217197
217198
217199
217200
217204
217205
217206
217207
217209
217210
217211
217212
217214
217215
217216
217217
217218
217219
217220
217221
217222
217223
217224
217225
217226
217227
217228
217229
217230
217231
217232
217233
217234
217235
217236
217237
217238
217239
217241
217243
217244
217245
217246
217247
217248
217249
