433000
433001
433002
433003
433005
433006
433007
433008
433009
433010
433011
433012
433014
433016
433017
433019
433020
433022
433023
433024
433025
433026
433027
433028
433029
433031
433032
433033
433034
433035
433037
433039
433041
433042
433043
433044
433045
433046
433048
433049
433050
433051
433053
433054
433056
433057
433058
433059
433060
433061
433062
433064
433065
433066
433067
433068
433069
433070
433071
433074
433075
433077
433078
433079
433080
433081
433082
433083
433084
433085
433086
433087
433088
433089
433090
433091
433092
433093
433095
433096
433097
433098
433099
433100
433101
433102
433103
433104
433105
433106
433107
433108
433109
433110
433111
433114
433115
433116
433119
433120
433121
433124
433125
433126
433127
433128
433129
433130
433131
433132
433133
433134
433135
433136
433137
433139
433140
433141
433142
433143
433144
433145
433148
433149
433150
433151
433153
433154
433155
433156
433157
433158
433160
433161
433162
433163
433164
433165
433166
433167
433168
433169
433170
433171
433172
433173
433174
433175
433176
433177
433178
433179
433180
433181
433182
433183
433184
433185
433186
433187
433188
433189
433190
433191
433192
433193
433194
433195
433196
433197
433198
433199
433200
433201
433202
433203
433204
433205
433206
433207
433208
433209
433210
433211
433212
433214
433215
433216
433218
433219
433220
433221
433222
433223
433224
433226
433227
433228
433229
433230
433232
433233
433234
433235
433236
433237
433238
433239
433240
433245
433246
433248
433249
