104500
104501
104502
104504
104506
104509
104510
104512
104513
104514
104515
104516
104518
104519
104520
104521
104522
104523
104524
104525
104526
104528
104529
104530
104531
104533
104534
104535
104536
104537
104538
104539
104540
104541
104542
104543
104545
104546
104547
104548
104549
104550
104551
104552
104553
104554
104555
104557
104559
104561
104563
104565
104567
104569
104571
104573
104575
104577
104579
104580
104581
104583
104584
104585
104586
104587
104588
104589
104590
104591
104592
104593
104594
104596
104597
104599
104600
104601
104602
104603
104604
104605
104606
104607
104608
104609
104610
104611
104612
104613
104615
104616
104617
104618
104619
104620
104621
104622
104623
104625
104626
104627
104628
104629
104631
104632
104634
104635
104636
104637
104638
104640
104641
104642
104643
104644
104646
104647
104648
104649
104650
104651
104652
104654
104655
104656
104657
104658
104659
104660
104662
104663
104665
104666
104667
104669
104670
104671
104673
104675
104676
104677
104679
104681
104682
104683
104684
104686
104687
104688
104689
104692
104693
104694
104695
104696
104697
104698
104699
104701
104702
104703
104704
104705
104707
104708
104710
104712
104713
104714
104716
104718
104719
104722
104723
104724
104725
104727
104730
104731
104732
104733
104734
104735
104736
104737
104738
104739
104740
104741
104742
104743
104744
104745
104746
104747
104748
104749
