182750
182751
182752
182753
182755
182756
182757
182758
182759
182761
182762
182763
182764
182765
182767
182768
182769
182770
182771
182772
182773
182774
182775
182776
182777
182778
182779
182780
182781
182782
182783
182784
182785
182786
182787
182788
182789
182790
182791
182793
182794
182795
182796
182798
182799
182800
182801
182803
182804
182809
182810
182811
182812
182813
182814
182815
182816
182817
182818
182819
182820
182821
182823
182824
182825
182826
182827
182828
182829
182830
182831
182832
182833
182834
182835
182836
182837
182838
182841
182842
182843
182844
182845
182848
182849
182850
182851
182852
182853
182855
182856
182858
182859
182860
182861
182862
182863
182864
182865
182866
182867
182872
182873
182874
182875
182878
182879
182881
182882
182883
182884
182885
182886
182889
182890
182892
182893
182894
182895
182896
182897
182898
182899
182901
182902
182904
182905
182906
182907
182908
182909
182910
182913
182914
182915
182916
182919
182921
182922
182923
182925
182926
182927
182928
182929
182930
182931
182932
182933
182934
182935
182936
182937
182938
182939
182940
182941
182942
182943
182944
182945
182946
182947
182948
182949
182950
182951
182952
182953
182954
182955
182956
182957
182958
182959
182961
182962
182963
182965
182966
182967
182969
182970
182971
182973
182974
182976
182977
182978
182980
182981
182982
182983
182984
182985
182987
182988
182989
182990
182991
182993
182994
182995
182996
182998
182999
