74751
74752
74755
74756
74757
74758
74761
74762
74765
74766
74769
74770
74771
74775
74779
74781
74782
74783
74787
74788
74789
74790
74791
74792
74793
74794
74795
74796
74797
74798
74799
74800
74804
74805
74806
74807
74808
74809
74812
74813
74815
74816
74817
74818
74819
74820
74821
74823
74824
74826
74827
74829
74830
74831
74832
74833
74836
74837
74839
74840
74841
74842
74843
74844
74845
74846
74848
74849
74850
74852
74853
74854
74856
74857
74858
74860
74861
74862
74863
74864
74865
74866
74867
74868
74869
74870
74871
74872
74874
74875
74876
74877
74878
74879
74880
74882
74883
74884
74885
74888
74889
74890
74891
74893
74894
74895
74897
74898
74901
74904
74905
74906
74907
74909
74911
74912
74913
74914
74915
74916
74917
74918
74919
74920
74921
74922
74924
74925
74926
74928
74929
74930
74931
74932
74933
74934
74935
74937
74938
74939
74940
74941
74942
74943
74944
74946
74947
74948
74949
74950
74951
74952
74953
74955
74957
74958
74959
74962
74963
74965
74966
74967
74968
74969
74970
74971
74972
74973
74974
74975
74977
74979
74980
74981
74985
74986
74988
74990
74992
74994
74995
74996
74997
74998
74999
