224753
224754
224755
224756
224757
224758
224759
224760
224761
224762
224763
224764
224765
224766
224768
224769
224770
224771
224772
224773
224774
224775
224776
224777
224778
224779
224780
224781
224782
224783
224784
224785
224786
224787
224788
224789
224790
224791
224792
224793
224794
224795
224796
224797
224798
224799
224800
224801
224802
224803
224804
224805
224806
224807
224808
224809
224810
224811
224812
224813
224814
224815
224816
224817
224818
224819
224820
224821
224822
224823
224824
224825
224826
224827
224828
224829
224830
224831
224832
224833
224834
224835
224836
224837
224838
224839
224840
224841
224842
224843
224844
224845
224846
224847
224848
224849
224850
224851
224852
224853
224854
224855
224856
224857
224858
224859
224860
224861
224862
224863
224864
224867
224868
224869
224871
224872
224873
224874
224875
224876
224877
224878
224879
224880
224881
224882
224883
224884
224885
224886
224887
224888
224889
224890
224892
224894
224895
224897
224898
224899
224900
224901
224903
224909
224910
224911
224914
224915
224918
224924
224925
224931
224932
224933
224935
224936
224937
224938
224940
224941
224942
224943
224944
224945
224946
224949
224950
224951
224952
224953
224954
224955
224957
224958
224959
224960
224961
224962
224963
224964
224965
224966
224967
224969
224970
224971
224972
224978
224979
224980
224981
224982
224983
224984
224985
224991
224993
224996
224997
224998
224999
