3501
3503
3504
3505
3506
3507
3510
3511
3513
3514
3515
3516
3517
3518
3519
3521
3522
3525
3528
3530
3531
3532
3533
3534
3535
3536
3537
3539
3540
3542
3544
3546
3547
3548
3549
3551
3553
3554
3555
3556
3557
3558
3559
3560
3561
3563
3565
3570
3571
3573
3574
3575
3576
3577
3578
3579
3580
3581
3587
3588
3589
3590
3591
3592
3593
3594
3596
3597
3598
3599
3600
3601
3602
3603
3607
3608
3609
3610
3611
3612
3613
3614
3615
3616
3617
3618
3619
3626
3628
3629
3630
3631
3632
3633
3634
3635
3636
3637
3638
3639
3640
3641
3642
3643
3644
3645
3646
3647
3648
3649
3650
3652
3653
3654
3657
3658
3659
3660
3661
3665
3668
3669
3670
3675
3676
3678
3679
3681
3683
3684
3685
3688
3689
3690
3691
3692
3693
3694
3695
3696
3697
3698
3699
3700
3701
3702
3703
3704
3705
3706
3710
3711
3712
3713
3714
3715
3716
3717
3718
3719
3720
3721
3722
3723
3724
3725
3726
3727
3728
3730
3732
3733
3734
3735
3736
3737
3739
3740
3741
3742
3743
3744
3745
3746
3747
3749
