164500
164502
164503
164504
164506
164507
164509
164510
164511
164512
164514
164515
164516
164517
164518
164519
164520
164521
164522
164524
164525
164526
164527
164529
164530
164531
164532
164533
164534
164537
164538
164539
164540
164541
164542
164544
164546
164548
164549
164550
164551
164553
164554
164555
164557
164559
164560
164561
164562
164563
164564
164565
164567
164568
164569
164570
164571
164573
164574
164576
164578
164579
164580
164581
164582
164583
164584
164585
164586
164587
164588
164589
164590
164591
164592
164593
164594
164595
164596
164597
164598
164599
164600
164601
164602
164603
164604
164605
164606
164607
164608
164609
164610
164611
164612
164613
164614
164615
164616
164617
164618
164619
164621
164623
164624
164625
164626
164627
164628
164629
164630
164632
164633
164634
164637
164640
164641
164642
164644
164645
164647
164648
164649
164650
164651
164652
164653
164654
164655
164657
164658
164659
164660
164661
164662
164663
164665
164667
164668
164670
164671
164672
164673
164675
164676
164677
164678
164679
164681
164682
164684
164685
164687
164688
164690
164691
164692
164695
164696
164697
164698
164701
164703
164704
164705
164706
164707
164708
164709
164710
164711
164712
164713
164714
164715
164716
164717
164719
164720
164721
164722
164723
164724
164725
164727
164728
164729
164730
164731
164732
164733
164735
164736
164737
164738
164739
164740
164741
164743
164744
164745
164746
164747
164748
164749
