214000
214001
214002
214003
214005
214007
214008
214009
214010
214011
214012
214013
214014
214016
214018
214019
214020
214021
214022
214023
214024
214025
214026
214027
214028
214029
214030
214031
214033
214034
214039
214040
214041
214042
214043
214044
214045
214046
214047
214048
214049
214050
214051
214052
214053
214054
214055
214056
214057
214060
214061
214062
214063
214064
214065
214066
214067
214068
214069
214070
214071
214072
214074
214075
214077
214078
214079
214080
214082
214083
214084
214085
214086
214088
214089
214090
214091
214092
214094
214095
214096
214097
214098
214100
214101
214102
214103
214104
214106
214107
214108
214109
214110
214112
214114
214115
214116
214117
214118
214119
214120
214121
214122
214123
214124
214126
214127
214128
214129
214131
214132
214133
214134
214136
214137
214138
214139
214140
214143
214144
214145
214146
214148
214149
214150
214152
214153
214154
214155
214157
214158
214159
214161
214162
214163
214164
214166
214167
214168
214170
214171
214172
214173
214175
214176
214177
214179
214180
214181
214182
214184
214185
214186
214187
214188
214189
214190
214191
214192
214193
214194
214195
214196
214198
214199
214201
214202
214203
214204
214205
214206
214207
214208
214209
214210
214211
214214
214215
214216
214218
214219
214220
214221
214222
214223
214224
214225
214226
214227
214228
214229
214233
214234
214235
214236
214237
214238
214241
214242
214243
214244
214245
214246
214247
214248
214249
