150250
150252
150254
150256
150257
150261
150262
150263
150264
150266
150267
150268
150270
150272
150274
150275
150276
150277
150278
150279
150280
150281
150283
150284
150285
150286
150287
150289
150290
150291
150292
150293
150294
150298
150299
150300
150302
150303
150304
150306
150308
150309
150310
150311
150312
150314
150316
150318
150320
150321
150322
150323
150324
150325
150326
150327
150330
150331
150332
150333
150334
150335
150336
150337
150339
150340
150341
150342
150343
150344
150345
150348
150349
150350
150351
150352
150353
150354
150355
150356
150357
150358
150359
150360
150362
150363
150364
150366
150367
150368
150369
150373
150378
150380
150381
150382
150383
150386
150387
150388
150389
150392
150395
150396
150397
150398
150399
150401
150402
150403
150404
150405
150406
150408
150409
150410
150411
150413
150414
150415
150416
150417
150418
150419
150420
150422
150423
150424
150425
150426
150428
150429
150430
150433
150435
150436
150437
150438
150439
150440
150441
150442
150443
150444
150445
150446
150447
150448
150450
150451
150452
150453
150454
150455
150456
150457
150459
150460
150461
150462
150463
150464
150465
150466
150467
150468
150469
150470
150472
150474
150475
150477
150479
150480
150481
150484
150486
150488
150489
150490
150491
150492
150493
150494
150495
150496
150497
150498
150499
