179000
179001
179003
179004
179005
179006
179007
179008
179009
179010
179011
179012
179013
179014
179015
179016
179017
179020
179022
179023
179024
179025
179026
179027
179028
179029
179032
179033
179034
179035
179037
179038
179039
179040
179041
179042
179043
179044
179045
179046
179048
179049
179050
179051
179052
179053
179054
179055
179056
179057
179058
179059
179060
179061
179063
179065
179067
179068
179069
179070
179074
179075
179076
179077
179078
179080
179081
179082
179084
179085
179086
179087
179091
179092
179093
179094
179095
179096
179097
179098
179099
179100
179101
179102
179103
179104
179105
179106
179107
179108
179109
179110
179111
179112
179113
179114
179115
179116
179117
179118
179119
179120
179121
179122
179123
179124
179125
179126
179127
179128
179129
179130
179131
179132
179133
179134
179136
179137
179138
179140
179141
179143
179144
179145
179147
179148
179149
179150
179151
179152
179153
179154
179155
179156
179157
179158
179159
179160
179161
179162
179164
179166
179167
179169
179170
179171
179172
179173
179175
179176
179177
179178
179179
179181
179182
179183
179185
179186
179187
179188
179190
179191
179192
179193
179194
179196
179197
179198
179199
179200
179201
179204
179205
179206
179207
179208
179209
179212
179214
179215
179216
179217
179218
179219
179220
179222
179223
179225
179226
179227
179228
179230
179231
179233
179234
179235
179236
179237
179238
179240
179241
179242
179243
179244
179245
179246
179247
179248
