406500
406501
406502
406503
406504
406505
406506
406507
406508
406509
406511
406512
406514
406515
406516
406517
406519
406520
406521
406522
406523
406524
406528
406529
406530
406531
406532
406535
406536
406540
406541
406542
406543
406545
406546
406548
406549
406550
406552
406553
406555
406557
406558
406559
406560
406561
406562
406563
406565
406566
406567
406568
406569
406570
406571
406572
406573
406574
406575
406576
406578
406579
406580
406581
406583
406585
406586
406587
406588
406589
406590
406591
406592
406593
406594
406595
406596
406597
406598
406600
406601
406602
406603
406604
406605
406607
406608
406609
406610
406611
406612
406613
406614
406615
406616
406617
406618
406620
406621
406622
406623
406624
406626
406628
406631
406633
406635
406636
406637
406638
406639
406640
406641
406643
406645
406646
406648
406650
406651
406653
406654
406656
406657
406659
406662
406663
406664
406665
406666
406667
406668
406669
406670
406671
406672
406673
406674
406675
406676
406677
406678
406679
406680
406682
406683
406684
406686
406687
406688
406690
406691
406692
406693
406694
406695
406696
406697
406698
406699
406700
406701
406703
406704
406705
406706
406708
406709
406710
406713
406714
406715
406716
406717
406718
406719
406720
406721
406722
406723
406724
406726
406727
406728
406729
406730
406732
406733
406734
406735
406736
406738
406739
406740
406741
406742
406744
406745
406746
406747
406748
406749
