244500
244501
244503
244504
244506
244507
244508
244509
244510
244511
244512
244513
244514
244515
244516
244518
244521
244522
244523
244524
244525
244528
244531
244532
244533
244534
244535
244537
244538
244539
244541
244542
244543
244544
244545
244546
244547
244548
244549
244550
244551
244552
244553
244555
244556
244557
244559
244560
244561
244562
244563
244564
244565
244566
244567
244568
244569
244570
244571
244573
244574
244575
244576
244577
244579
244581
244582
244583
244584
244585
244586
244587
244588
244589
244590
244591
244595
244596
244597
244598
244599
244600
244601
244602
244603
244604
244606
244607
244608
244609
244610
244611
244613
244614
244615
244616
244617
244618
244620
244621
244622
244623
244624
244625
244627
244628
244629
244630
244632
244633
244634
244635
244636
244637
244638
244639
244640
244641
244642
244643
244645
244646
244649
244650
244651
244652
244653
244654
244655
244656
244657
244658
244659
244661
244662
244663
244664
244665
244666
244667
244668
244669
244670
244671
244672
244673
244674
244675
244676
244677
244679
244680
244681
244682
244683
244684
244685
244686
244687
244688
244689
244690
244692
244693
244694
244695
244696
244697
244698
244699
244700
244702
244703
244704
244705
244706
244707
244708
244709
244710
244711
244712
244713
244714
244715
244716
244717
244718
244719
244720
244721
244722
244723
244724
244725
244726
244727
244728
244729
244730
244731
244732
244733
244734
244735
244736
244737
244738
244739
244740
244741
244742
244743
244744
244745
244746
244747
244749
