281001
281004
281005
281006
281007
281008
281009
281010
281013
281014
281016
281017
281018
281019
281021
281022
281023
281024
281026
281027
281028
281029
281032
281034
281035
281036
281037
281038
281040
281041
281042
281043
281044
281045
281046
281047
281048
281049
281050
281051
281052
281053
281054
281055
281057
281058
281059
281061
281063
281064
281065
281066
281067
281068
281069
281070
281071
281072
281074
281075
281076
281077
281078
281079
281080
281081
281082
281083
281084
281085
281086
281087
281088
281089
281090
281091
281092
281093
281094
281096
281097
281098
281099
281100
281101
281102
281104
281105
281106
281108
281110
281111
281114
281115
281116
281117
281118
281119
281120
281121
281122
281123
281124
281125
281126
281127
281128
281129
281130
281131
281132
281133
281134
281135
281136
281137
281138
281139
281140
281141
281142
281143
281144
281145
281146
281147
281148
281149
281150
281151
281152
281153
281154
281155
281156
281157
281158
281159
281160
281161
281162
281163
281164
281165
281166
281167
281168
281169
281170
281171
281172
281174
281175
281176
281177
281178
281179
281180
281181
281182
281184
281185
281186
281187
281188
281191
281192
281195
281196
281197
281198
281201
281202
281203
281204
281205
281206
281207
281208
281212
281213
281216
281217
281218
281219
281221
281222
281223
281224
281225
281226
281227
281228
281229
281230
281231
281232
281233
281234
281235
281236
281237
281238
281240
281241
281242
281243
281245
281247
281248
