60750
60752
60753
60754
60755
60756
60757
60758
60760
60761
60762
60763
60764
60765
60767
60768
60769
60770
60771
60772
60773
60774
60775
60776
60777
60778
60779
60780
60781
60782
60783
60784
60785
60786
60787
60788
60789
60790
60791
60792
60794
60795
60796
60797
60799
60800
60803
60804
60805
60806
60807
60808
60809
60810
60812
60813
60814
60820
60821
60822
60823
60824
60826
60827
60831
60832
60833
60834
60836
60838
60840
60841
60843
60848
60851
60854
60857
60860
60863
60866
60867
60870
60871
60872
60873
60874
60875
60877
60878
60881
60882
60883
60884
60887
60888
60889
60890
60891
60892
60894
60895
60896
60897
60898
60903
60904
60905
60906
60907
60908
60909
60910
60911
60912
60913
60914
60915
60916
60918
60919
60920
60921
60922
60923
60924
60925
60926
60927
60928
60929
60930
60932
60933
60934
60935
60936
60937
60938
60940
60941
60942
60943
60944
60945
60946
60948
60949
60950
60951
60952
60953
60955
60956
60957
60958
60959
60960
60961
60962
60963
60964
60965
60966
60967
60968
60969
60970
60971
60972
60974
60976
60977
60980
60981
60982
60984
60987
60988
60989
60990
60992
60993
60994
60995
60996
60998
60999
