120500
120501
120502
120503
120504
120505
120506
120509
120510
120511
120512
120513
120515
120516
120517
120518
120519
120520
120523
120524
120525
120527
120528
120530
120531
120532
120533
120535
120536
120537
120538
120540
120541
120542
120543
120544
120545
120546
120547
120551
120552
120562
120563
120564
120565
120566
120567
120568
120569
120570
120571
120572
120573
120574
120575
120576
120577
120578
120579
120580
120581
120582
120583
120585
120586
120587
120588
120589
120591
120592
120593
120594
120595
120596
120597
120598
120599
120600
120601
120602
120603
120605
120607
120608
120609
120611
120612
120613
120614
120615
120616
120617
120618
120619
120620
120622
120623
120624
120625
120626
120627
120628
120630
120631
120632
120633
120634
120635
120636
120639
120640
120641
120642
120643
120644
120645
120646
120647
120648
120649
120650
120651
120652
120653
120655
120656
120657
120658
120659
120660
120661
120663
120664
120665
120666
120668
120669
120670
120671
120673
120675
120677
120678
120679
120680
120681
120683
120685
120686
120688
120690
120691
120693
120695
120697
120699
120700
120701
120702
120704
120707
120711
120713
120714
120715
120716
120717
120719
120720
120722
120723
120724
120725
120726
120727
120728
120729
120730
120731
120732
120733
120734
120735
120736
120737
120738
120739
120740
120741
120742
120743
120744
120745
120746
120747
120748
120749
