289500
289502
289503
289504
289505
289506
289507
289508
289509
289510
289512
289513
289514
289515
289516
289518
289519
289520
289521
289522
289523
289524
289525
289526
289527
289528
289529
289530
289531
289532
289533
289534
289535
289536
289537
289538
289539
289540
289541
289542
289543
289544
289545
289546
289547
289548
289549
289550
289551
289552
289553
289554
289555
289556
289557
289558
289559
289560
289561
289562
289563
289564
289565
289566
289567
289568
289569
289570
289571
289572
289573
289574
289577
289578
289579
289580
289581
289582
289583
289584
289585
289586
289587
289589
289591
289593
289594
289595
289596
289597
289598
289599
289600
289601
289603
289605
289606
289607
289608
289611
289612
289613
289614
289615
289616
289617
289618
289619
289620
289621
289622
289623
289624
289625
289626
289627
289628
289629
289630
289631
289633
289634
289635
289636
289637
289639
289640
289641
289642
289643
289645
289646
289647
289648
289650
289651
289652
289653
289655
289656
289657
289658
289661
289662
289663
289664
289665
289666
289667
289668
289669
289670
289671
289672
289673
289674
289675
289676
289677
289678
289679
289680
289681
289682
289684
289685
289686
289687
289688
289689
289691
289692
289693
289694
289695
289696
289698
289699
289700
289701
289702
289703
289705
289706
289707
289708
289709
289710
289711
289712
289713
289714
289715
289716
289718
289719
289720
289721
289722
289723
289725
289726
289727
289728
289729
289730
289733
289734
289735
289736
289737
289738
289739
289740
289741
289742
289743
289745
289746
289749
