47750
47751
47756
47757
47758
47761
47765
47766
47768
47769
47770
47771
47776
47777
47778
47779
47785
47787
47788
47789
47791
47808
47809
47810
47811
47812
47813
47815
47816
47817
47821
47822
47828
47829
47830
47831
47832
47833
47840
47841
47842
47843
47844
47846
47847
47848
47849
47850
47851
47854
47855
47856
47857
47858
47859
47860
47861
47862
47863
47864
47865
47866
47867
47868
47869
47870
47871
47872
47873
47874
47875
47876
47877
47878
47879
47880
47881
47882
47883
47884
47885
47886
47887
47888
47889
47890
47891
47892
47894
47895
47896
47897
47898
47900
47901
47904
47906
47909
47910
47911
47912
47913
47914
47915
47916
47917
47918
47919
47920
47921
47927
47933
47939
47945
47946
47947
47948
47949
47950
47951
47952
47953
47954
47955
47956
47957
47958
47959
47960
47961
47962
47963
47964
47965
47966
47967
47970
47971
47972
47973
47974
47975
47976
47977
47978
47979
47981
47982
47983
47984
47985
47986
47987
47988
47989
47990
47991
47994
47995
47996
47997
47998
47999
