79251
79252
79253
79254
79256
79257
79258
79259
79260
79261
79262
79264
79265
79266
79267
79268
79270
79271
79272
79273
79274
79279
79280
79282
79283
79284
79286
79287
79288
79289
79290
79292
79294
79295
79296
79298
79299
79300
79301
79302
79303
79304
79306
79307
79311
79312
79313
79315
79316
79317
79318
79319
79320
79321
79322
79323
79324
79325
79326
79328
79329
79330
79331
79332
79333
79334
79335
79338
79339
79340
79341
79342
79343
79344
79345
79346
79348
79349
79350
79351
79352
79353
79354
79356
79357
79358
79361
79362
79363
79364
79365
79366
79367
79368
79369
79370
79371
79372
79373
79374
79375
79376
79377
79379
79380
79381
79382
79383
79384
79385
79386
79387
79388
79392
79393
79395
79396
79397
79398
79400
79401
79403
79404
79405
79406
79407
79408
79409
79410
79416
79417
79418
79419
79420
79421
79422
79423
79424
79426
79430
79431
79432
79433
79436
79438
79439
79440
79441
79442
79443
79444
79445
79446
79447
79448
79449
79450
79451
79452
79453
79454
79455
79456
79457
79458
79459
79460
79461
79462
79463
79464
79465
79469
79471
79472
79474
79475
79476
79477
79478
79479
79480
79482
79483
79484
79485
79489
79490
79491
79492
79493
79494
79496
79497
79498
79499
