375250
375251
375252
375253
375255
375256
375257
375258
375260
375261
375262
375264
375265
375266
375268
375269
375270
375271
375272
375273
375274
375275
375276
375277
375278
375279
375280
375282
375283
375284
375285
375286
375287
375289
375290
375291
375292
375293
375294
375295
375296
375297
375298
375299
375300
375301
375302
375304
375305
375307
375308
375310
375311
375313
375314
375316
375317
375319
375320
375322
375323
375325
375326
375328
375329
375331
375332
375335
375336
375337
375339
375340
375341
375342
375344
375345
375346
375347
375349
375350
375351
375352
375353
375354
375355
375356
375358
375359
375360
375361
375362
375363
375364
375366
375367
375368
375369
375370
375371
375372
375375
375377
375378
375379
375380
375381
375384
375385
375386
375387
375388
375389
375390
375391
375392
375396
375397
375398
375399
375400
375401
375402
375403
375404
375408
375410
375411
375412
375413
375414
375415
375416
375417
375418
375419
375420
375421
375423
375424
375425
375426
375427
375429
375430
375431
375432
375433
375434
375436
375437
375438
375439
375440
375442
375443
375445
375446
375447
375448
375450
375451
375453
375454
375455
375456
375458
375459
375460
375461
375462
375463
375464
375465
375466
375467
375468
375470
375471
375473
375474
375475
375476
375477
375478
375479
375480
375481
375482
375483
375485
375486
375487
375490
375491
375492
375494
375495
375496
375497
375498
375499
