466750
466751
466752
466753
466754
466755
466756
466757
466758
466759
466760
466761
466762
466763
466764
466765
466766
466767
466768
466769
466770
466771
466772
466774
466775
466776
466778
466779
466780
466781
466782
466783
466784
466785
466786
466787
466788
466789
466790
466791
466792
466793
466794
466795
466796
466797
466798
466799
466800
466801
466802
466803
466804
466805
466806
466807
466808
466809
466810
466813
466814
466815
466816
466817
466818
466819
466822
466823
466824
466825
466826
466827
466828
466831
466832
466833
466834
466835
466836
466837
466840
466841
466842
466843
466844
466845
466846
466849
466850
466851
466852
466853
466854
466855
466856
466858
466859
466860
466861
466862
466863
466864
466865
466866
466867
466868
466869
466870
466871
466872
466873
466874
466875
466876
466878
466879
466880
466882
466883
466884
466886
466887
466888
466890
466891
466892
466894
466895
466896
466898
466899
466900
466901
466902
466903
466904
466905
466906
466907
466908
466909
466910
466911
466912
466913
466914
466915
466916
466917
466918
466919
466920
466921
466922
466923
466924
466925
466926
466928
466929
466930
466932
466933
466934
466935
466936
466937
466938
466939
466940
466941
466942
466943
466944
466945
466946
466947
466948
466949
466950
466951
466952
466953
466954
466955
466956
466957
466960
466961
466962
466963
466966
466967
466968
466969
466970
466972
466973
466974
466975
466976
466977
466978
466980
466981
466982
466983
466985
466986
466987
466989
466990
466991
466992
466995
466996
466997
466998
