259754
259755
259756
259757
259758
259759
259760
259763
259764
259765
259766
259767
259768
259769
259770
259771
259772
259773
259774
259775
259776
259777
259778
259779
259780
259782
259783
259784
259785
259786
259788
259790
259791
259792
259793
259796
259797
259798
259799
259800
259801
259802
259803
259805
259806
259807
259808
259809
259812
259813
259814
259815
259816
259817
259820
259821
259825
259828
259829
259833
259834
259835
259836
259837
259839
259840
259842
259844
259845
259847
259849
259850
259852
259854
259855
259857
259858
259859
259860
259861
259862
259863
259864
259865
259867
259868
259870
259871
259873
259874
259875
259876
259877
259878
259879
259880
259881
259882
259883
259884
259885
259886
259887
259888
259889
259890
259893
259894
259895
259897
259899
259900
259901
259903
259904
259905
259906
259908
259909
259910
259911
259912
259913
259915
259916
259917
259918
259919
259920
259921
259922
259923
259924
259925
259926
259928
259929
259930
259931
259932
259933
259934
259935
259936
259937
259938
259939
259940
259941
259942
259943
259944
259945
259946
259947
259948
259949
259950
259951
259952
259953
259954
259956
259957
259961
259963
259964
259965
259967
259968
259969
259970
259971
259972
259974
259975
259976
259977
259978
259980
259982
259983
259984
259986
259987
259988
259989
259991
259992
259993
259994
259995
259997
259998
