2761
2762
2763
2764
2765
2766
2767
2771
2772
2773
2774
2775
2776
2778
2779
2780
2782
2783
2784
2785
2786
2787
2788
2789
2791
2792
2796
2797
2798
2800
2801
2802
2803
2804
2805
2807
2808
2809
2810
2811
2812
2813
2814
2815
2817
2818
2819
2822
2823
2824
2825
2826
2829
2830
2832
2833
2834
2835
2836
2837
2838
2839
2840
2841
2842
2843
2844
2848
2850
2853
2854
2857
2858
2859
2860
2861
2862
2863
2864
2870
2871
2873
2874
2875
2876
2877
2879
2880
2881
2884
2885
2886
2887
2888
2890
2895
2896
2897
2898
2899
2900
2905
2909
2910
2911
2913
2916
2919
2920
2921
2922
2924
2925
2926
2927
2928
2929
2930
2931
2932
2935
2936
2937
2938
2943
2944
2946
2947
2950
2951
2952
2953
2954
2955
2956
2957
2958
2959
2960
2961
2962
2963
2964
2965
2966
2968
2969
2970
2972
2973
2974
2975
2976
2977
2978
2979
2980
2981
2982
2983
2984
2985
2987
2988
2989
2990
2995
2997
