59250
59251
59252
59253
59254
59255
59256
59257
59258
59259
59260
59261
59262
59263
59264
59265
59266
59267
59268
59270
59271
59272
59273
59274
59275
59277
59278
59279
59280
59281
59282
59284
59285
59286
59287
59291
59292
59296
59298
59299
59301
59302
59303
59304
59305
59306
59307
59308
59309
59310
59312
59314
59315
59316
59318
59320
59321
59322
59323
59324
59328
59336
59337
59338
59339
59340
59341
59342
59343
59344
59345
59346
59347
59348
59350
59351
59352
59353
59354
59355
59356
59357
59359
59361
59363
59364
59366
59367
59368
59369
59370
59371
59372
59373
59374
59375
59377
59378
59379
59380
59381
59382
59384
59385
59387
59388
59389
59391
59392
59393
59394
59395
59396
59397
59398
59400
59401
59402
59404
59405
59406
59407
59409
59410
59412
59414
59416
59417
59418
59422
59423
59424
59425
59426
59427
59428
59429
59430
59431
59432
59434
59435
59436
59437
59438
59440
59441
59442
59443
59444
59446
59447
59448
59449
59450
59451
59452
59453
59456
59458
59461
59462
59463
59464
59466
59467
59468
59469
59470
59472
59473
59474
59475
59476
59477
59478
59479
59480
59481
59482
59483
59484
59485
59486
59489
59491
59493
59494
59495
59496
59497
59498
59499
