399001
399002
399003
399004
399005
399006
399008
399009
399010
399011
399012
399014
399015
399016
399017
399019
399020
399021
399022
399023
399024
399026
399027
399028
399029
399030
399031
399033
399034
399035
399036
399037
399038
399040
399041
399042
399043
399044
399045
399047
399048
399049
399050
399051
399052
399054
399055
399056
399057
399058
399059
399061
399062
399063
399064
399065
399066
399068
399069
399070
399071
399072
399073
399075
399076
399077
399078
399079
399080
399082
399083
399084
399085
399086
399087
399089
399090
399091
399092
399093
399094
399096
399097
399098
399099
399100
399101
399102
399103
399104
399105
399106
399107
399108
399109
399111
399113
399114
399115
399116
399117
399118
399120
399122
399123
399124
399125
399126
399127
399128
399132
399133
399134
399136
399137
399138
399139
399140
399142
399143
399145
399146
399148
399149
399150
399152
399153
399155
399156
399158
399160
399161
399162
399163
399164
399165
399166
399168
399169
399170
399171
399172
399173
399174
399175
399176
399177
399179
399180
399181
399182
399183
399184
399187
399188
399189
399190
399191
399192
399193
399194
399195
399196
399197
399198
399199
399200
399201
399202
399203
399204
399205
399206
399207
399208
399211
399212
399213
399214
399215
399217
399219
399220
399221
399224
399225
399226
399227
399228
399229
399231
399232
399233
399234
399235
399237
399238
399239
399240
399241
399242
399243
399244
399245
399246
399247
399248
399249
