375000
375001
375002
375003
375005
375006
375007
375008
375009
375010
375011
375012
375014
375015
375016
375017
375018
375019
375021
375022
375024
375026
375029
375030
375031
375032
375033
375034
375035
375037
375038
375039
375040
375041
375042
375043
375044
375045
375046
375047
375048
375049
375050
375051
375052
375053
375054
375055
375056
375057
375058
375059
375060
375061
375062
375063
375064
375065
375066
375067
375068
375069
375070
375071
375072
375074
375075
375076
375077
375078
375079
375080
375082
375085
375088
375089
375090
375092
375093
375094
375097
375098
375099
375100
375101
375102
375103
375104
375105
375106
375107
375108
375109
375110
375111
375112
375113
375114
375115
375116
375117
375118
375119
375121
375122
375123
375124
375125
375126
375127
375128
375129
375130
375132
375133
375134
375136
375137
375139
375140
375141
375145
375146
375147
375149
375151
375152
375153
375155
375157
375158
375159
375160
375161
375162
375163
375164
375165
375166
375167
375168
375169
375170
375171
375173
375174
375175
375176
375177
375178
375179
375180
375181
375182
375185
375186
375187
375190
375192
375194
375196
375197
375198
375199
375201
375202
375203
375204
375205
375206
375207
375209
375210
375211
375213
375214
375215
375216
375217
375219
375221
375222
375223
375224
375227
375228
375229
375230
375231
375232
375233
375234
375235
375236
375237
375238
375239
375240
375241
375247
375248
375249
