167250
167251
167252
167253
167255
167256
167257
167258
167259
167261
167262
167263
167264
167265
167266
167267
167268
167269
167270
167271
167272
167274
167275
167276
167277
167278
167280
167281
167282
167283
167284
167286
167287
167288
167289
167290
167292
167293
167294
167295
167296
167297
167298
167299
167300
167301
167302
167303
167304
167305
167306
167307
167308
167309
167311
167312
167314
167315
167316
167317
167318
167319
167320
167321
167322
167323
167324
167325
167326
167327
167328
167329
167330
167331
167333
167334
167335
167336
167337
167338
167339
167348
167349
167350
167351
167352
167354
167355
167356
167357
167359
167360
167361
167362
167363
167364
167365
167366
167367
167369
167370
167371
167372
167373
167374
167375
167377
167378
167379
167380
167381
167382
167383
167384
167385
167386
167388
167389
167390
167391
167392
167393
167394
167395
167396
167399
167400
167401
167402
167403
167404
167406
167407
167408
167409
167410
167411
167412
167413
167414
167415
167416
167417
167418
167419
167420
167421
167422
167423
167424
167426
167427
167428
167429
167430
167431
167432
167433
167434
167435
167437
167438
167439
167441
167442
167443
167444
167445
167446
167448
167450
167451
167452
167453
167454
167455
167456
167457
167458
167459
167460
167461
167462
167463
167464
167465
167466
167467
167468
167469
167470
167472
167473
167474
167475
167476
167477
167479
167480
167481
167482
167484
167485
167487
167488
167490
167491
167493
167494
167495
167496
167497
167499
