2250
2252
2253
2254
2255
2256
2257
2260
2261
2262
2263
2264
2265
2266
2267
2269
2270
2271
2272
2273
2275
2276
2277
2278
2279
2281
2282
2283
2284
2285
2287
2288
2289
2290
2292
2293
2294
2295
2296
2297
2298
2299
2307
2308
2309
2310
2314
2315
2316
2317
2318
2319
2320
2321
2322
2323
2324
2326
2327
2328
2329
2330
2332
2333
2334
2335
2336
2337
2338
2339
2340
2341
2342
2343
2344
2345
2346
2347
2348
2349
2351
2354
2355
2356
2357
2358
2359
2360
2361
2362
2363
2364
2365
2366
2367
2369
2370
2373
2377
2378
2379
2380
2381
2382
2383
2384
2385
2386
2387
2388
2389
2390
2391
2392
2393
2394
2395
2396
2397
2398
2399
2400
2402
2404
2406
2409
2410
2411
2412
2414
2415
2418
2419
2421
2422
2423
2426
2428
2429
2430
2432
2433
2434
2435
2436
2437
2438
2440
2442
2444
2445
2446
2448
2450
2452
2454
2455
2456
2457
2458
2459
2460
2461
2462
2463
2464
2465
2466
2467
2468
2469
2470
2471
2472
2475
2478
2480
2483
2484
2485
2488
2491
2492
2496
2499
