278753
278754
278755
278756
278758
278759
278760
278761
278763
278764
278765
278766
278768
278769
278770
278771
278773
278774
278775
278776
278778
278779
278780
278781
278782
278786
278787
278788
278789
278791
278792
278793
278794
278796
278797
278799
278800
278801
278802
278803
278804
278805
278806
278808
278809
278811
278812
278813
278814
278815
278818
278819
278820
278821
278822
278823
278824
278825
278826
278827
278829
278830
278831
278832
278833
278834
278835
278836
278837
278838
278841
278842
278843
278844
278845
278846
278847
278848
278852
278853
278854
278855
278856
278857
278858
278859
278860
278861
278865
278867
278868
278869
278871
278872
278874
278877
278878
278879
278880
278881
278882
278884
278886
278888
278889
278890
278901
278902
278903
278904
278905
278906
278907
278909
278910
278911
278914
278915
278916
278917
278918
278919
278920
278921
278922
278923
278925
278926
278927
278928
278929
278931
278932
278934
278935
278936
278937
278938
278939
278940
278941
278942
278944
278945
278946
278947
278948
278949
278950
278951
278952
278953
278954
278958
278959
278960
278961
278962
278964
278965
278966
278968
278969
278970
278975
278976
278977
278978
278979
278980
278981
278983
278984
278985
278988
278991
278994
278995
278997
278998
