119750
119751
119752
119753
119754
119756
119757
119758
119759
119761
119764
119765
119769
119770
119771
119772
119773
119774
119775
119776
119777
119778
119779
119780
119782
119783
119786
119787
119789
119790
119791
119792
119793
119794
119795
119796
119797
119798
119799
119800
119801
119802
119803
119804
119805
119806
119807
119808
119809
119810
119811
119812
119813
119814
119815
119816
119817
119818
119819
119820
119821
119822
119823
119824
119826
119827
119828
119829
119830
119832
119833
119835
119836
119838
119839
119840
119841
119843
119844
119847
119848
119849
119850
119851
119853
119854
119855
119856
119857
119858
119859
119861
119862
119863
119864
119865
119866
119868
119869
119870
119871
119872
119873
119874
119875
119876
119877
119878
119879
119880
119881
119882
119883
119884
119885
119887
119889
119890
119892
119894
119895
119897
119899
119901
119902
119905
119906
119909
119910
119914
119915
119916
119917
119918
119920
119921
119922
119923
119924
119925
119929
119930
119931
119932
119933
119934
119935
119936
119937
119938
119941
119944
119945
119946
119947
119948
119949
119950
119951
119954
119955
119956
119958
119959
119960
119962
119963
119964
119965
119966
119967
119968
119969
119970
119971
119972
119973
119974
119975
119976
119979
119980
119982
119983
119984
119985
119986
119987
119988
119989
119990
119991
119992
119993
119994
119995
119997
119998
