211500
211501
211502
211503
211504
211505
211506
211507
211508
211509
211510
211511
211512
211513
211514
211515
211516
211517
211518
211519
211521
211523
211524
211525
211526
211527
211528
211529
211530
211532
211534
211535
211536
211537
211538
211539
211540
211541
211543
211545
211546
211547
211548
211549
211550
211552
211553
211554
211555
211557
211558
211559
211560
211561
211563
211564
211565
211566
211567
211568
211569
211570
211571
211572
211573
211574
211575
211576
211577
211578
211579
211581
211582
211583
211584
211585
211586
211587
211588
211589
211590
211591
211593
211595
211596
211597
211598
211599
211601
211602
211603
211604
211605
211606
211607
211608
211609
211610
211611
211612
211613
211614
211615
211616
211617
211618
211619
211620
211621
211622
211623
211624
211625
211626
211627
211628
211629
211630
211631
211632
211633
211634
211635
211636
211637
211638
211639
211640
211641
211642
211643
211644
211645
211646
211647
211648
211649
211650
211651
211652
211653
211655
211656
211657
211658
211659
211660
211661
211662
211663
211664
211665
211666
211668
211669
211670
211671
211672
211673
211674
211675
211676
211677
211679
211680
211681
211682
211683
211685
211686
211688
211689
211690
211691
211693
211694
211695
211696
211698
211699
211700
211701
211702
211703
211704
211705
211706
211707
211708
211709
211710
211711
211712
211715
211716
211717
211718
211719
211720
211722
211723
211724
211725
211726
211727
211729
211730
211731
211732
211733
211734
211736
211738
211739
211743
211744
211745
211746
211748
211749
