236500
236501
236503
236504
236507
236509
236511
236513
236514
236515
236516
236518
236519
236520
236521
236522
236523
236524
236525
236526
236527
236528
236529
236530
236531
236532
236533
236534
236535
236536
236537
236538
236539
236540
236541
236542
236543
236544
236545
236546
236547
236548
236549
236550
236552
236554
236555
236556
236557
236558
236559
236560
236562
236563
236564
236565
236567
236568
236570
236571
236572
236573
236574
236575
236576
236577
236578
236579
236580
236581
236582
236583
236584
236585
236586
236587
236589
236591
236592
236593
236595
236596
236597
236598
236599
236600
236601
236602
236603
236604
236605
236606
236607
236608
236609
236610
236611
236613
236614
236615
236616
236617
236618
236619
236620
236621
236622
236623
236624
236625
236626
236627
236628
236630
236631
236632
236635
236636
236639
236640
236642
236644
236645
236646
236648
236649
236650
236652
236653
236654
236656
236658
236659
236660
236661
236662
236663
236665
236666
236668
236669
236670
236671
236672
236674
236675
236676
236677
236678
236679
236680
236682
236683
236684
236686
236688
236689
236691
236692
236693
236695
236696
236698
236699
236700
236701
236702
236703
236704
236705
236706
236708
236709
236710
236711
236712
236714
236715
236716
236717
236718
236719
236720
236721
236723
236724
236725
236726
236727
236728
236729
236730
236732
236733
236734
236735
236736
236737
236738
236739
236741
236742
236743
236744
236745
236746
236748
