390000
390001
390002
390003
390004
390005
390007
390008
390009
390010
390012
390015
390016
390017
390019
390020
390021
390023
390024
390025
390027
390028
390029
390031
390032
390033
390035
390036
390037
390038
390039
390040
390041
390042
390043
390044
390045
390046
390047
390048
390051
390054
390055
390056
390057
390059
390060
390061
390062
390063
390064
390065
390067
390068
390069
390070
390071
390072
390073
390074
390075
390076
390078
390079
390080
390081
390082
390083
390084
390085
390086
390087
390089
390090
390091
390092
390093
390094
390095
390096
390097
390098
390100
390101
390102
390103
390105
390106
390108
390110
390111
390112
390113
390114
390116
390117
390119
390120
390121
390122
390123
390124
390125
390126
390127
390128
390129
390130
390131
390132
390133
390134
390135
390136
390137
390138
390139
390140
390141
390142
390143
390144
390145
390146
390148
390150
390151
390153
390154
390156
390158
390159
390161
390162
390163
390165
390166
390167
390168
390169
390170
390171
390172
390173
390174
390175
390176
390177
390178
390179
390180
390181
390182
390183
390184
390185
390186
390187
390188
390189
390190
390191
390192
390193
390194
390195
390196
390197
390198
390199
390200
390201
390202
390203
390204
390205
390206
390207
390209
390210
390211
390212
390213
390214
390216
390217
390218
390219
390220
390221
390222
390223
390224
390225
390227
390228
390229
390230
390231
390232
390233
390234
390235
390236
390237
390238
390239
390241
390242
390243
390244
390246
390247
390248
390249
