370000
370003
370004
370005
370006
370007
370008
370009
370010
370011
370012
370014
370016
370017
370018
370019
370020
370021
370022
370023
370024
370026
370029
370030
370031
370032
370033
370036
370037
370038
370040
370041
370042
370043
370044
370046
370047
370049
370050
370051
370052
370053
370054
370055
370056
370057
370058
370061
370062
370063
370064
370065
370066
370070
370071
370072
370073
370074
370075
370076
370077
370081
370082
370083
370084
370085
370086
370087
370088
370089
370090
370091
370092
370093
370095
370096
370097
370098
370099
370102
370103
370104
370105
370106
370107
370108
370109
370110
370116
370117
370118
370119
370121
370127
370133
370134
370136
370143
370149
370155
370156
370157
370159
370160
370161
370162
370163
370164
370165
370166
370167
370168
370169
370172
370173
370174
370175
370177
370178
370179
370180
370181
370182
370184
370185
370194
370195
370196
370197
370198
370199
370200
370201
370202
370203
370204
370205
370206
370207
370208
370209
370210
370211
370212
370213
370214
370215
370216
370217
370218
370219
370220
370221
370222
370223
370224
370225
370226
370227
370228
370229
370230
370231
370232
370233
370234
370235
370236
370237
370238
370239
370240
370241
370242
370243
370244
370245
370246
370247
370248
370249
