129500
129501
129502
129503
129504
129505
129506
129507
129508
129509
129510
129511
129512
129513
129514
129515
129516
129517
129518
129519
129520
129521
129522
129523
129524
129525
129526
129527
129528
129529
129530
129531
129532
129533
129535
129536
129537
129541
129542
129543
129544
129545
129546
129547
129548
129549
129550
129551
129552
129553
129554
129555
129556
129557
129558
129559
129560
129561
129562
129563
129564
129566
129572
129573
129574
129575
129576
129577
129578
129579
129580
129582
129583
129584
129586
129587
129588
129590
129591
129592
129593
129594
129595
129596
129598
129599
129600
129601
129602
129603
129604
129606
129607
129608
129610
129611
129612
129613
129614
129615
129616
129617
129618
129619
129620
129621
129622
129625
129626
129628
129629
129630
129631
129632
129636
129638
129639
129641
129642
129644
129647
129648
129651
129652
129654
129655
129656
129657
129658
129660
129661
129662
129663
129664
129665
129666
129667
129668
129669
129670
129671
129673
129674
129675
129676
129677
129678
129679
129680
129681
129683
129684
129685
129686
129687
129688
129689
129690
129692
129693
129694
129695
129696
129698
129699
129700
129701
129702
129703
129704
129705
129706
129707
129708
129709
129710
129712
129713
129714
129715
129717
129718
129719
129720
129721
129722
129723
129724
129725
129726
129727
129728
129729
129730
129731
129732
129733
129734
129735
129736
129738
129741
129743
129744
129745
129746
129749
