4750
4752
4753
4754
4755
4756
4757
4758
4761
4762
4764
4765
4766
4768
4769
4770
4771
4772
4773
4774
4776
4780
4784
4786
4788
4790
4792
4797
4799
4802
4804
4805
4806
4807
4808
4809
4810
4811
4814
4818
4819
4820
4823
4824
4825
4826
4827
4829
4830
4831
4833
4834
4835
4836
4837
4838
4839
4842
4843
4844
4845
4846
4848
4849
4850
4852
4853
4854
4855
4857
4858
4859
4861
4862
4864
4865
4866
4867
4868
4869
4870
4872
4876
4877
4878
4879
4883
4897
4898
4899
4900
4902
4903
4904
4906
4907
4908
4909
4911
4912
4913
4914
4916
4917
4919
4921
4922
4923
4925
4926
4928
4929
4930
4931
4933
4934
4935
4936
4937
4938
4939
4940
4941
4942
4943
4944
4945
4946
4947
4948
4949
4950
4951
4952
4954
4955
4956
4957
4958
4959
4961
4962
4963
4964
4965
4966
4967
4970
4971
4972
4973
4974
4975
4976
4977
4978
4980
4981
4982
4983
4984
4985
4986
4987
4988
4989
4990
4991
4992
4993
4994
4995
4996
4999
