468250
468252
468253
468254
468256
468258
468259
468260
468261
468262
468263
468265
468266
468267
468268
468270
468271
468272
468273
468274
468275
468277
468280
468281
468282
468284
468285
468288
468289
468290
468292
468293
468294
468295
468296
468297
468298
468300
468301
468303
468304
468305
468306
468307
468308
468309
468311
468312
468313
468314
468315
468316
468317
468318
468320
468322
468323
468324
468325
468326
468327
468328
468329
468330
468331
468332
468334
468335
468336
468337
468338
468339
468340
468341
468344
468345
468346
468347
468348
468349
468350
468351
468352
468353
468354
468355
468358
468359
468360
468361
468364
468365
468367
468368
468369
468370
468371
468373
468374
468375
468377
468378
468379
468381
468382
468383
468384
468386
468387
468388
468390
468391
468392
468393
468394
468395
468396
468397
468398
468400
468401
468402
468404
468405
468406
468407
468408
468409
468410
468411
468412
468414
468415
468416
468418
468419
468420
468421
468422
468423
468424
468425
468426
468427
468429
468430
468432
468433
468434
468435
468436
468438
468439
468440
468441
468442
468444
468445
468446
468447
468448
468449
468450
468451
468452
468453
468454
468455
468456
468458
468459
468460
468462
468463
468464
468465
468466
468467
468468
468470
468471
468472
468473
468474
468475
468476
468477
468478
468479
468480
468481
468482
468483
468484
468486
468487
468488
468490
468491
468492
468493
468494
468495
468496
468497
468498
468499
