240250
240251
240252
240254
240256
240257
240258
240259
240260
240261
240262
240264
240265
240266
240268
240269
240270
240271
240272
240275
240276
240277
240278
240279
240282
240283
240284
240285
240286
240288
240289
240290
240292
240293
240294
240295
240298
240299
240300
240301
240302
240303
240304
240305
240306
240307
240309
240310
240311
240312
240313
240315
240316
240317
240318
240319
240320
240322
240323
240325
240326
240327
240328
240329
240330
240331
240332
240333
240334
240335
240336
240337
240338
240340
240341
240342
240344
240347
240348
240349
240350
240351
240352
240353
240354
240356
240357
240359
240360
240361
240362
240363
240367
240368
240369
240370
240371
240372
240373
240374
240375
240376
240377
240378
240379
240380
240381
240382
240383
240384
240385
240386
240387
240388
240389
240390
240391
240393
240394
240395
240396
240397
240398
240399
240400
240401
240402
240403
240404
240405
240406
240407
240408
240409
240410
240411
240412
240413
240414
240415
240417
240418
240419
240420
240421
240422
240423
240424
240425
240426
240427
240428
240429
240430
240431
240432
240433
240434
240435
240436
240437
240438
240439
240441
240442
240443
240444
240445
240446
240447
240448
240449
240450
240451
240452
240453
240454
240455
240456
240457
240458
240459
240460
240461
240462
240463
240465
240466
240467
240468
240469
240470
240471
240472
240473
240474
240475
240476
240477
240478
240479
240480
240481
240482
240483
240484
240485
240486
240487
240489
240490
240491
240492
240493
240494
240495
240496
240497
240498
240499
