438750
438751
438752
438753
438754
438755
438756
438757
438758
438759
438760
438763
438764
438765
438766
438767
438768
438773
438774
438775
438776
438777
438778
438781
438786
438787
438788
438789
438790
438791
438792
438797
438798
438799
438800
438801
438802
438803
438804
438805
438806
438807
438808
438809
438810
438811
438812
438813
438814
438816
438818
438819
438820
438821
438822
438823
438824
438825
438827
438829
438830
438831
438832
438834
438835
438836
438837
438841
438842
438843
438844
438848
438849
438850
438853
438854
438855
438856
438857
438860
438861
438862
438863
438864
438865
438866
438867
438871
438872
438873
438874
438875
438876
438877
438878
438879
438880
438881
438882
438883
438884
438885
438887
438888
438889
438890
438892
438893
438894
438895
438898
438899
438900
438901
438902
438903
438904
438905
438906
438907
438908
438909
438910
438911
438912
438914
438915
438916
438917
438918
438919
438921
438922
438923
438925
438927
438928
438929
438930
438931
438932
438934
438937
438938
438939
438940
438941
438942
438943
438944
438945
438946
438947
438948
438949
438950
438952
438953
438955
438957
438959
438960
438961
438962
438963
438965
438966
438967
438968
438969
438970
438971
438972
438974
438975
438976
438977
438979
438980
438981
438982
438983
438984
438985
438986
438988
438989
438990
438991
438992
438993
438994
438995
438996
438998
438999
