114501
114502
114504
114505
114507
114508
114511
114512
114513
114514
114516
114517
114518
114519
114520
114521
114522
114523
114524
114526
114527
114528
114529
114530
114531
114532
114533
114534
114536
114537
114538
114540
114541
114542
114543
114545
114546
114547
114549
114550
114551
114553
114554
114555
114557
114558
114559
114561
114562
114563
114565
114566
114567
114569
114570
114571
114573
114574
114575
114577
114578
114579
114581
114582
114583
114585
114586
114587
114589
114590
114591
114593
114594
114595
114597
114598
114599
114601
114602
114603
114605
114606
114607
114609
114610
114611
114614
114615
114616
114617
114619
114620
114621
114623
114624
114625
114627
114628
114629
114631
114632
114633
114635
114636
114637
114639
114640
114641
114643
114644
114645
114647
114648
114649
114651
114652
114653
114655
114656
114657
114659
114660
114661
114663
114664
114665
114667
114668
114669
114671
114672
114673
114674
114675
114676
114677
114678
114679
114680
114681
114682
114683
114684
114685
114686
114687
114688
114690
114691
114692
114693
114694
114695
114696
114697
114698
114699
114700
114701
114702
114703
114704
114705
114706
114707
114708
114709
114710
114711
114712
114713
114714
114715
114716
114717
114718
114719
114720
114721
114722
114723
114724
114725
114726
114727
114728
114729
114730
114731
114732
114733
114734
114735
114736
114737
114738
114739
114740
114741
114742
114743
114744
114745
114746
114747
114748
114749
