171500
171501
171502
171505
171506
171507
171508
171509
171511
171512
171513
171514
171515
171516
171517
171518
171519
171520
171521
171522
171523
171524
171525
171526
171527
171528
171529
171531
171532
171533
171534
171535
171536
171537
171538
171539
171540
171542
171543
171544
171545
171546
171547
171548
171549
171550
171551
171552
171553
171555
171556
171557
171560
171561
171563
171564
171566
171567
171569
171570
171571
171572
171573
171574
171576
171577
171578
171579
171581
171583
171584
171585
171586
171588
171589
171590
171591
171592
171593
171594
171595
171596
171597
171598
171599
171601
171602
171603
171604
171606
171607
171608
171611
171612
171613
171614
171616
171619
171620
171621
171622
171623
171624
171625
171626
171629
171631
171632
171633
171634
171635
171637
171638
171639
171641
171642
171643
171644
171645
171646
171647
171649
171651
171652
171656
171659
171660
171661
171662
171663
171664
171665
171669
171670
171671
171672
171674
171675
171676
171677
171678
171679
171681
171683
171684
171688
171689
171690
171691
171692
171693
171694
171695
171696
171697
171698
171699
171700
171701
171702
171703
171704
171705
171706
171707
171708
171709
171710
171711
171712
171713
171714
171715
171716
171720
171721
171722
171723
171724
171725
171726
171727
171729
171730
171733
171737
171739
171740
171741
171743
171744
171746
171747
171748
