129751
129752
129753
129754
129755
129756
129757
129758
129759
129760
129761
129762
129764
129765
129766
129767
129768
129769
129770
129771
129772
129773
129774
129775
129776
129782
129783
129784
129785
129786
129787
129789
129790
129791
129793
129794
129795
129796
129799
129800
129801
129802
129804
129805
129806
129809
129810
129811
129812
129813
129814
129815
129816
129817
129818
129819
129820
129821
129822
129823
129825
129826
129830
129831
129832
129833
129838
129840
129843
129844
129845
129846
129847
129848
129849
129850
129851
129852
129853
129854
129855
129856
129857
129858
129860
129861
129862
129863
129865
129866
129867
129868
129869
129871
129872
129873
129874
129876
129877
129878
129879
129880
129882
129883
129884
129885
129886
129889
129890
129891
129892
129893
129894
129896
129898
129899
129900
129902
129904
129905
129906
129907
129908
129909
129911
129913
129915
129919
129920
129921
129922
129923
129924
129925
129926
129927
129928
129929
129930
129931
129932
129933
129934
129935
129936
129937
129938
129940
129941
129942
129943
129945
129947
129948
129949
129950
129951
129952
129953
129954
129955
129956
129957
129958
129959
129960
129961
129962
129963
129964
129965
129966
129967
129968
129969
129970
129971
129972
129973
129974
129976
129978
129979
129980
129981
129982
129983
129984
129985
129986
129987
129988
129989
129990
129991
129992
129993
129994
129995
129996
129997
129998
