281750
281751
281752
281753
281754
281755
281756
281758
281759
281760
281761
281762
281763
281764
281765
281766
281767
281768
281769
281770
281771
281772
281773
281774
281775
281776
281777
281778
281779
281780
281781
281782
281783
281784
281785
281786
281787
281788
281789
281790
281791
281792
281793
281794
281795
281796
281798
281799
281800
281801
281802
281803
281804
281805
281806
281807
281808
281809
281811
281812
281813
281814
281815
281817
281818
281819
281820
281821
281822
281823
281824
281825
281826
281827
281828
281829
281830
281831
281832
281833
281834
281835
281836
281838
281840
281842
281843
281844
281845
281846
281847
281848
281850
281852
281854
281855
281856
281857
281858
281859
281860
281861
281862
281863
281864
281865
281866
281867
281868
281870
281871
281872
281873
281874
281875
281876
281877
281878
281879
281880
281881
281882
281883
281884
281885
281886
281887
281888
281889
281890
281891
281892
281893
281894
281897
281898
281899
281903
281904
281908
281909
281912
281913
281914
281915
281916
281917
281918
281919
281920
281921
281922
281925
281926
281927
281928
281929
281930
281931
281932
281933
281934
281935
281937
281938
281939
281941
281942
281943
281944
281945
281946
281947
281951
281952
281953
281954
281956
281957
281958
281959
281961
281962
281963
281964
281965
281967
281968
281969
281970
281971
281972
281973
281974
281975
281976
281977
281978
281979
281980
281981
281982
281983
281984
281985
281986
281987
281988
281989
281990
281991
281992
281993
281994
281995
281996
281997
281998
281999
