424750
424751
424752
424753
424754
424755
424756
424757
424758
424759
424760
424761
424762
424763
424764
424765
424766
424767
424768
424769
424770
424771
424772
424773
424774
424775
424776
424777
424778
424779
424780
424781
424782
424783
424784
424785
424786
424787
424788
424789
424790
424791
424792
424793
424794
424795
424796
424797
424798
424799
424800
424801
424802
424803
424805
424808
424809
424810
424811
424812
424813
424816
424817
424818
424819
424820
424822
424823
424824
424825
424826
424828
424829
424830
424831
424832
424834
424835
424836
424837
424838
424840
424841
424842
424843
424844
424845
424846
424848
424849
424850
424851
424852
424853
424854
424855
424856
424857
424858
424859
424860
424861
424862
424863
424864
424865
424866
424867
424868
424869
424870
424871
424872
424873
424874
424875
424876
424877
424878
424879
424880
424881
424882
424883
424884
424885
424886
424887
424888
424889
424890
424891
424892
424893
424894
424895
424896
424897
424898
424899
424900
424901
424902
424903
424904
424905
424906
424907
424910
424911
424912
424913
424914
424915
424916
424917
424918
424919
424920
424921
424923
424924
424925
424926
424927
424929
424930
424931
424932
424933
424935
424936
424937
424938
424939
424941
424942
424943
424944
424945
424946
424947
424948
424949
424950
424951
424952
424953
424954
424955
424956
424957
424959
424960
424961
424962
424963
424964
424965
424966
424967
424969
424970
424971
424972
424974
424975
424976
424977
424979
424980
424981
424982
424984
424985
424986
424987
424989
424990
424991
424992
424994
424995
424996
424998
424999
