71250
71251
71252
71253
71254
71258
71259
71260
71263
71264
71265
71269
71270
71271
71272
71273
71274
71275
71276
71277
71278
71279
71280
71281
71282
71283
71284
71285
71286
71287
71288
71289
71290
71291
71294
71295
71296
71299
71300
71301
71302
71303
71304
71305
71306
71307
71308
71309
71310
71311
71312
71313
71316
71319
71323
71325
71327
71331
71336
71338
71340
71342
71343
71344
71345
71346
71347
71348
71354
71355
71356
71357
71358
71359
71360
71361
71362
71363
71364
71365
71366
71367
71368
71369
71370
71371
71372
71373
71374
71375
71376
71377
71378
71379
71380
71381
71383
71384
71385
71386
71388
71390
71391
71392
71393
71395
71396
71397
71398
71399
71400
71401
71402
71403
71404
71405
71406
71408
71410
71414
71416
71417
71418
71420
71421
71422
71423
71424
71425
71426
71427
71428
71429
71430
71431
71436
71437
71438
71439
71440
71444
71445
71446
71447
71450
71452
71454
71455
71456
71457
71460
71461
71462
71463
71465
71466
71467
71468
71471
71472
71473
71474
71475
71476
71477
71478
71479
71482
71483
71484
71486
71488
71489
71490
71491
71492
71493
71494
71495
71496
71497
71498
71499
