295001
295002
295003
295005
295006
295007
295008
295009
295011
295012
295013
295014
295016
295017
295018
295019
295020
295021
295022
295023
295024
295027
295028
295029
295030
295031
295032
295034
295037
295039
295040
295041
295042
295043
295044
295046
295048
295049
295051
295052
295053
295054
295055
295056
295057
295059
295060
295061
295062
295063
295064
295065
295066
295067
295068
295069
295070
295071
295072
295073
295075
295078
295081
295082
295083
295084
295085
295087
295090
295091
295093
295095
295096
295097
295098
295099
295101
295102
295103
295104
295106
295107
295108
295109
295110
295112
295115
295116
295117
295118
295119
295120
295121
295122
295123
295124
295125
295126
295127
295128
295129
295130
295132
295135
295136
295138
295139
295140
295141
295144
295145
295146
295147
295148
295149
295150
295151
295152
295153
295154
295155
295156
295157
295158
295159
295161
295162
295163
295164
295165
295166
295167
295168
295169
295170
295171
295173
295174
295175
295176
295178
295179
295181
295182
295183
295184
295185
295186
295187
295188
295189
295190
295191
295192
295193
295194
295195
295197
295199
295200
295201
295202
295203
295204
295205
295206
295207
295208
295209
295210
295211
295212
295213
295214
295215
295216
295217
295218
295219
295220
295221
295222
295223
295224
295225
295226
295227
295228
295229
295230
295231
295232
295233
295234
295235
295236
295237
295238
295239
295240
295241
295242
295243
295245
295246
295248
295249
