329750
329752
329755
329756
329759
329760
329761
329762
329763
329764
329765
329766
329767
329768
329769
329770
329771
329772
329773
329774
329775
329776
329777
329778
329779
329780
329781
329782
329783
329784
329785
329786
329787
329788
329789
329790
329791
329792
329793
329794
329795
329796
329797
329798
329799
329800
329801
329802
329803
329804
329805
329806
329807
329808
329809
329810
329811
329812
329813
329817
329818
329820
329821
329822
329823
329824
329825
329827
329828
329830
329831
329832
329833
329834
329835
329836
329837
329838
329839
329841
329842
329843
329844
329846
329848
329850
329851
329852
329853
329854
329855
329856
329857
329858
329859
329861
329862
329864
329865
329866
329867
329868
329869
329870
329871
329872
329873
329874
329875
329876
329878
329879
329881
329882
329883
329884
329885
329886
329888
329889
329891
329892
329893
329894
329895
329896
329897
329898
329899
329900
329901
329903
329904
329906
329907
329908
329909
329910
329912
329913
329915
329916
329917
329918
329919
329921
329922
329924
329925
329926
329927
329928
329930
329931
329933
329934
329935
329936
329937
329938
329939
329940
329941
329942
329943
329944
329945
329946
329947
329948
329949
329950
329951
329954
329955
329956
329959
329960
329962
329963
329964
329966
329967
329969
329970
329975
329976
329978
329979
329980
329981
329982
329983
329985
329986
329987
329988
329989
329990
329991
329992
329993
329994
329995
329996
329997
329998
329999
