102500
102501
102502
102503
102504
102505
102506
102507
102508
102509
102511
102512
102513
102514
102517
102518
102519
102520
102522
102523
102524
102525
102526
102527
102528
102529
102530
102531
102532
102536
102540
102541
102543
102544
102545
102546
102547
102548
102549
102550
102551
102552
102553
102554
102555
102557
102558
102561
102563
102564
102565
102569
102572
102573
102574
102575
102576
102577
102578
102579
102580
102581
102582
102583
102584
102587
102588
102589
102590
102591
102592
102593
102594
102595
102599
102601
102602
102603
102604
102605
102606
102607
102608
102611
102612
102613
102614
102615
102616
102617
102618
102619
102620
102621
102622
102623
102624
102626
102627
102628
102629
102630
102632
102633
102634
102636
102637
102638
102639
102640
102643
102644
102645
102646
102647
102648
102651
102652
102653
102654
102655
102656
102657
102658
102659
102660
102664
102665
102666
102668
102669
102670
102672
102673
102674
102676
102677
102678
102680
102681
102682
102684
102685
102686
102688
102689
102690
102691
102692
102693
102694
102695
102696
102697
102698
102699
102700
102701
102702
102704
102706
102707
102708
102709
102710
102711
102712
102713
102714
102715
102716
102717
102718
102721
102723
102724
102725
102726
102727
102729
102730
102731
102733
102734
102735
102736
102737
102738
102739
102740
102742
102743
102744
102745
102746
102747
102748
102749
