280250
280251
280252
280253
280254
280255
280256
280257
280258
280259
280260
280261
280262
280263
280264
280265
280266
280267
280268
280269
280270
280271
280273
280274
280275
280276
280277
280278
280279
280280
280281
280282
280284
280285
280286
280287
280289
280291
280292
280295
280296
280297
280299
280300
280301
280302
280303
280304
280305
280306
280307
280308
280309
280310
280311
280312
280313
280314
280315
280316
280317
280318
280319
280320
280321
280322
280323
280324
280325
280326
280327
280328
280329
280330
280331
280332
280333
280334
280335
280336
280337
280338
280339
280340
280341
280342
280343
280344
280345
280346
280347
280348
280349
280350
280351
280352
280353
280354
280355
280356
280357
280358
280359
280360
280361
280362
280363
280364
280365
280366
280367
280368
280369
280370
280371
280372
280373
280374
280375
280376
280378
280379
280380
280381
280382
280383
280385
280386
280387
280388
280389
280390
280392
280393
280394
280395
280397
280398
280399
280400
280401
280402
280403
280404
280405
280406
280407
280408
280409
280410
280411
280413
280414
280415
280416
280417
280418
280419
280420
280421
280422
280423
280424
280425
280426
280427
280429
280430
280431
280432
280433
280436
280437
280438
280439
280440
280442
280443
280444
280445
280446
280447
280448
280449
280450
280451
280453
280454
280455
280456
280457
280458
280459
280460
280461
280462
280463
280464
280465
280466
280468
280469
280470
280471
280472
280473
280474
280475
280476
280477
280479
280481
280482
280483
280484
280485
280486
280487
280488
280489
280490
280492
280493
280494
280495
280496
280497
280498
280499
