55250
55252
55254
55256
55257
55259
55260
55262
55263
55265
55266
55267
55268
55269
55270
55271
55272
55273
55274
55275
55276
55280
55281
55282
55283
55284
55286
55290
55292
55293
55295
55296
55297
55299
55300
55301
55302
55303
55305
55306
55307
55308
55310
55312
55314
55318
55319
55320
55321
55323
55324
55325
55326
55327
55328
55329
55330
55331
55332
55333
55334
55335
55337
55339
55340
55341
55342
55344
55345
55346
55347
55348
55349
55350
55351
55353
55354
55356
55357
55358
55359
55360
55361
55362
55364
55365
55367
55368
55370
55371
55372
55374
55375
55376
55378
55379
55381
55382
55383
55384
55385
55386
55388
55389
55390
55391
55393
55394
55396
55397
55399
55400
55401
55403
55404
55405
55406
55408
55409
55410
55411
55412
55414
55415
55416
55417
55418
55420
55421
55422
55423
55424
55425
55426
55427
55428
55429
55430
55436
55437
55438
55439
55440
55441
55442
55443
55445
55447
55448
55450
55451
55453
55455
55457
55459
55460
55461
55463
55464
55466
55468
55469
55471
55472
55473
55474
55475
55476
55477
55478
55479
55481
55482
55483
55484
55487
55488
55490
55491
55493
55494
55495
55497
55499
