168500
168503
168504
168506
168507
168508
168511
168512
168513
168514
168515
168516
168517
168518
168519
168520
168521
168522
168523
168524
168525
168526
168527
168528
168529
168530
168531
168532
168533
168534
168535
168537
168538
168539
168540
168541
168542
168543
168544
168545
168546
168547
168548
168549
168550
168551
168553
168554
168555
168556
168557
168558
168559
168561
168562
168566
168568
168569
168570
168571
168572
168574
168575
168576
168577
168578
168579
168580
168581
168582
168583
168584
168585
168586
168588
168589
168593
168594
168595
168596
168597
168598
168599
168600
168601
168602
168604
168605
168606
168607
168609
168610
168611
168612
168613
168614
168616
168617
168618
168619
168620
168621
168622
168624
168625
168626
168627
168628
168630
168631
168632
168633
168635
168636
168637
168638
168639
168640
168641
168642
168643
168644
168646
168647
168648
168649
168651
168652
168653
168654
168655
168657
168658
168660
168662
168663
168664
168665
168666
168667
168668
168669
168670
168671
168673
168674
168675
168676
168677
168678
168679
168680
168681
168682
168683
168684
168685
168686
168687
168688
168689
168690
168691
168692
168695
168696
168697
168698
168699
168700
168702
168703
168704
168705
168707
168708
168709
168710
168711
168713
168714
168715
168717
168718
168719
168720
168721
168722
168723
168724
168725
168726
168727
168728
168729
168730
168731
168732
168733
168734
168735
168736
168737
168738
168739
168740
168741
168742
168743
168744
168745
168746
168747
168748
168749
