53250
53251
53252
53253
53255
53256
53257
53258
53260
53261
53262
53264
53266
53267
53268
53270
53271
53273
53275
53276
53277
53278
53279
53280
53281
53282
53284
53286
53287
53288
53289
53290
53291
53292
53293
53295
53296
53297
53298
53299
53300
53301
53303
53304
53306
53307
53308
53310
53313
53317
53318
53319
53320
53321
53322
53323
53324
53325
53327
53328
53329
53332
53333
53336
53339
53341
53342
53343
53344
53346
53348
53349
53353
53354
53355
53356
53357
53359
53360
53361
53362
53363
53364
53365
53366
53369
53370
53371
53372
53373
53374
53376
53377
53378
53380
53381
53383
53384
53385
53387
53388
53389
53390
53392
53393
53394
53395
53396
53397
53398
53399
53405
53406
53410
53412
53414
53416
53418
53419
53420
53421
53423
53427
53428
53429
53430
53431
53433
53434
53435
53436
53437
53438
53440
53441
53443
53444
53446
53447
53448
53449
53450
53451
53452
53453
53454
53455
53456
53457
53458
53459
53460
53461
53463
53464
53465
53466
53467
53469
53470
53471
53472
53474
53475
53476
53477
53478
53479
53480
53481
53483
53484
53485
53486
53488
53489
53490
53492
53493
53494
53495
53496
53497
53499
