148000
148001
148002
148004
148005
148006
148007
148009
148011
148012
148013
148014
148015
148016
148017
148019
148020
148021
148022
148023
148024
148025
148026
148027
148028
148029
148030
148031
148032
148033
148034
148035
148037
148038
148040
148041
148042
148044
148045
148046
148047
148048
148049
148050
148051
148052
148054
148057
148059
148060
148061
148062
148063
148064
148065
148066
148067
148068
148069
148070
148071
148072
148073
148074
148076
148077
148078
148079
148080
148081
148083
148085
148086
148087
148088
148094
148095
148096
148099
148100
148101
148102
148103
148104
148105
148106
148107
148108
148109
148111
148112
148114
148115
148116
148117
148119
148120
148121
148122
148123
148124
148125
148126
148127
148128
148129
148130
148131
148132
148133
148134
148135
148136
148137
148138
148139
148140
148142
148143
148144
148145
148146
148147
148149
148151
148152
148155
148156
148158
148159
148160
148162
148163
148166
148167
148168
148169
148171
148172
148174
148176
148177
148180
148181
148182
148183
148184
148186
148187
148188
148189
148190
148192
148193
148194
148195
148196
148198
148199
148202
148203
148205
148206
148207
148208
148211
148212
148213
148214
148215
148216
148218
148219
148220
148221
148222
148223
148224
148225
148226
148227
148228
148230
148231
148232
148233
148236
148237
148238
148239
148240
148241
148242
148243
148245
148246
148247
148248
148249
