43500
43501
43502
43503
43504
43506
43507
43508
43509
43510
43511
43512
43513
43514
43515
43518
43519
43520
43521
43522
43524
43525
43531
43532
43533
43534
43535
43536
43537
43538
43540
43542
43543
43544
43545
43548
43549
43550
43551
43552
43553
43554
43555
43556
43557
43558
43559
43560
43561
43562
43563
43564
43566
43567
43568
43569
43570
43571
43572
43573
43574
43575
43576
43577
43579
43580
43581
43582
43584
43585
43586
43587
43588
43590
43591
43592
43593
43595
43596
43597
43598
43600
43601
43602
43603
43605
43606
43607
43608
43610
43611
43612
43613
43615
43616
43617
43624
43625
43626
43627
43628
43629
43630
43631
43632
43633
43635
43636
43638
43639
43640
43641
43642
43649
43650
43653
43654
43655
43657
43658
43659
43660
43661
43662
43663
43666
43667
43669
43670
43671
43672
43673
43675
43676
43677
43678
43679
43680
43681
43682
43685
43686
43687
43688
43689
43691
43693
43694
43696
43697
43698
43699
43701
43702
43703
43705
43706
43707
43708
43709
43710
43711
43713
43714
43715
43716
43717
43718
43719
43720
43722
43723
43724
43725
43726
43727
43728
43729
43730
43731
43732
43733
43734
43735
43736
43737
43738
43739
43740
43741
43742
43744
43746
43748
