150000
150001
150002
150003
150004
150005
150006
150007
150009
150010
150011
150013
150014
150015
150016
150017
150018
150019
150020
150021
150022
150024
150025
150026
150027
150028
150029
150031
150032
150033
150036
150037
150038
150040
150041
150042
150045
150048
150049
150050
150051
150052
150053
150054
150055
150056
150057
150059
150060
150061
150062
150063
150065
150066
150067
150068
150069
150071
150073
150074
150076
150078
150082
150083
150084
150085
150086
150087
150088
150089
150090
150091
150092
150093
150095
150097
150098
150099
150101
150102
150103
150104
150105
150106
150108
150109
150110
150111
150113
150114
150115
150117
150118
150119
150120
150121
150122
150124
150125
150127
150128
150129
150130
150131
150132
150134
150135
150136
150137
150138
150139
150140
150141
150142
150143
150144
150145
150146
150147
150148
150149
150150
150151
150152
150153
150154
150155
150156
150157
150158
150160
150161
150162
150163
150164
150166
150167
150168
150169
150170
150171
150172
150173
150174
150175
150176
150177
150178
150179
150180
150182
150183
150184
150185
150187
150188
150189
150190
150192
150193
150194
150195
150196
150197
150198
150199
150200
150201
150202
150203
150204
150205
150207
150208
150209
150210
150213
150214
150215
150216
150217
150218
150219
150220
150221
150222
150223
150224
150225
150226
150227
150233
150236
150237
150238
150240
150241
150242
150245
150246
150248
