461500
461501
461502
461503
461504
461505
461507
461509
461510
461511
461512
461514
461515
461516
461517
461518
461520
461521
461522
461523
461524
461526
461527
461528
461529
461530
461531
461532
461533
461534
461535
461536
461537
461538
461539
461540
461541
461542
461543
461544
461545
461546
461547
461549
461550
461551
461553
461554
461556
461557
461558
461560
461561
461563
461564
461565
461567
461568
461569
461570
461571
461572
461573
461575
461577
461578
461579
461580
461581
461582
461583
461584
461585
461586
461587
461588
461589
461590
461591
461592
461593
461594
461595
461596
461597
461598
461599
461601
461602
461603
461604
461605
461606
461607
461608
461609
461610
461611
461612
461613
461614
461615
461618
461619
461620
461621
461623
461624
461625
461626
461628
461629
461630
461631
461632
461633
461635
461636
461637
461638
461639
461641
461642
461643
461644
461646
461647
461650
461651
461652
461654
461655
461656
461657
461659
461660
461661
461662
461664
461665
461666
461667
461668
461669
461670
461671
461672
461673
461675
461676
461677
461678
461679
461680
461681
461683
461684
461685
461686
461688
461689
461690
461691
461692
461693
461694
461695
461696
461697
461699
461700
461702
461703
461704
461705
461706
461708
461709
461710
461712
461713
461714
461715
461716
461717
461718
461719
461720
461721
461722
461723
461724
461725
461726
461727
461728
461729
461730
461731
461732
461733
461734
461735
461736
461737
461738
461739
461741
461742
461743
461744
461745
461746
461747
461748
461749
