412250
412251
412252
412253
412254
412255
412256
412257
412258
412259
412260
412261
412262
412263
412264
412265
412266
412267
412268
412269
412270
412271
412272
412273
412275
412276
412277
412279
412280
412281
412283
412284
412285
412287
412288
412289
412290
412292
412293
412294
412295
412296
412298
412299
412300
412301
412302
412303
412305
412307
412308
412309
412310
412311
412314
412315
412316
412318
412319
412321
412322
412323
412324
412325
412326
412327
412328
412329
412330
412331
412332
412333
412334
412336
412337
412338
412339
412340
412341
412342
412343
412344
412345
412347
412348
412349
412350
412351
412353
412354
412355
412356
412358
412359
412361
412362
412364
412366
412367
412369
412370
412371
412374
412376
412377
412378
412381
412383
412385
412386
412387
412388
412389
412390
412391
412393
412394
412395
412396
412397
412398
412399
412400
412403
412404
412405
412406
412408
412410
412411
412413
412415
412416
412418
412420
412421
412422
412423
412424
412425
412426
412427
412428
412429
412430
412431
412432
412433
412434
412435
412436
412437
412438
412439
412440
412441
412442
412443
412444
412445
412446
412447
412448
412450
412451
412452
412453
412454
412455
412457
412458
412459
412460
412461
412463
412464
412465
412466
412467
412469
412470
412471
412472
412473
412474
412475
412476
412477
412478
412479
412480
412481
412482
412483
412484
412486
412487
412488
412489
412490
412491
412492
412493
412494
412495
412496
412497
412499
