99250
99251
99252
99257
99260
99261
99263
99264
99265
99267
99268
99269
99270
99271
99272
99273
99274
99275
99278
99284
99285
99288
99289
99290
99291
99292
99293
99294
99295
99296
99297
99298
99299
99300
99301
99302
99303
99304
99305
99306
99308
99309
99310
99311
99312
99313
99314
99315
99316
99317
99318
99319
99320
99321
99322
99323
99324
99326
99327
99329
99331
99332
99333
99334
99335
99336
99337
99338
99339
99340
99341
99342
99343
99345
99346
99347
99348
99349
99350
99351
99352
99353
99354
99355
99356
99357
99358
99359
99360
99363
99364
99365
99366
99367
99368
99369
99370
99372
99373
99374
99375
99376
99377
99378
99379
99380
99383
99384
99385
99386
99387
99388
99390
99391
99392
99393
99394
99395
99396
99397
99399
99400
99401
99402
99403
99404
99405
99407
99408
99409
99410
99411
99412
99413
99414
99415
99416
99417
99418
99419
99420
99421
99422
99423
99424
99425
99426
99427
99428
99429
99430
99431
99432
99433
99435
99436
99448
99449
99451
99453
99454
99455
99458
99459
99461
99462
99463
99464
99466
99467
99468
99470
99471
99472
99473
99474
99475
99476
99477
99478
99479
99480
99481
99482
99483
99485
99486
99487
99488
99489
99490
99491
99492
99493
99495
99496
99497
99499
