403000
403002
403003
403004
403005
403006
403007
403009
403011
403012
403013
403014
403016
403018
403019
403020
403021
403023
403027
403030
403032
403033
403035
403036
403037
403038
403040
403042
403043
403044
403045
403047
403049
403050
403051
403052
403054
403056
403057
403058
403059
403061
403063
403064
403065
403066
403068
403070
403071
403072
403073
403076
403077
403078
403079
403081
403082
403083
403084
403085
403087
403088
403089
403090
403092
403094
403095
403096
403097
403099
403102
403103
403105
403106
403107
403108
403109
403111
403112
403113
403114
403118
403120
403121
403122
403124
403125
403126
403127
403129
403130
403131
403132
403133
403134
403136
403137
403139
403140
403142
403143
403144
403145
403147
403148
403149
403150
403151
403152
403153
403154
403156
403157
403158
403160
403161
403162
403163
403165
403166
403167
403168
403170
403171
403172
403173
403174
403175
403176
403178
403179
403180
403182
403183
403184
403186
403187
403188
403189
403191
403192
403193
403194
403195
403196
403197
403199
403200
403201
403202
403204
403206
403207
403208
403209
403211
403212
403213
403215
403216
403217
403218
403219
403220
403221
403223
403224
403226
403227
403229
403230
403232
403233
403234
403235
403236
403238
403239
403240
403242
403243
403244
403246
403247
403248
