308000
308001
308002
308003
308009
308010
308011
308012
308013
308014
308015
308016
308017
308018
308019
308020
308021
308022
308023
308024
308025
308026
308027
308028
308029
308030
308031
308032
308035
308036
308037
308038
308039
308040
308041
308043
308044
308048
308049
308050
308051
308052
308053
308054
308055
308056
308057
308058
308059
308061
308062
308063
308064
308065
308067
308068
308069
308070
308071
308072
308073
308074
308075
308076
308077
308078
308079
308080
308081
308082
308083
308084
308085
308086
308087
308088
308089
308090
308091
308092
308093
308094
308095
308096
308097
308098
308099
308100
308101
308102
308103
308104
308105
308107
308108
308109
308110
308111
308113
308115
308116
308117
308118
308119
308121
308123
308124
308127
308128
308129
308130
308131
308133
308135
308136
308137
308139
308140
308141
308143
308144
308145
308146
308147
308148
308149
308151
308152
308153
308154
308155
308157
308158
308159
308161
308162
308163
308164
308165
308166
308167
308171
308172
308173
308174
308175
308176
308177
308178
308179
308180
308181
308182
308183
308186
308187
308188
308189
308190
308192
308193
308195
308196
308197
308198
308199
308201
308202
308203
308204
308206
308207
308208
308209
308210
308211
308212
308213
308214
308215
308217
308218
308220
308221
308223
308224
308225
308226
308227
308229
308230
308231
308232
308233
308235
308236
308237
308238
308240
308241
308242
308243
308244
308245
308247
308248
