365000
365001
365002
365003
365005
365006
365007
365008
365010
365011
365012
365013
365014
365015
365016
365017
365019
365020
365021
365022
365023
365024
365025
365027
365029
365030
365032
365033
365034
365035
365036
365038
365040
365042
365044
365045
365046
365047
365048
365049
365050
365051
365052
365053
365054
365056
365057
365058
365059
365061
365062
365063
365064
365065
365066
365068
365069
365070
365074
365075
365076
365077
365078
365079
365081
365084
365087
365088
365089
365090
365091
365092
365093
365094
365095
365096
365097
365098
365099
365100
365101
365102
365103
365104
365105
365106
365107
365108
365109
365111
365112
365113
365114
365115
365116
365118
365119
365120
365121
365122
365123
365124
365125
365126
365128
365129
365130
365131
365132
365133
365134
365135
365137
365138
365139
365140
365141
365144
365145
365146
365148
365149
365150
365151
365152
365153
365154
365156
365157
365158
365160
365161
365162
365163
365164
365165
365166
365167
365168
365169
365170
365171
365172
365173
365174
365175
365176
365177
365178
365179
365180
365181
365182
365183
365184
365185
365186
365187
365188
365189
365190
365191
365192
365193
365194
365195
365196
365197
365198
365199
365200
365201
365202
365203
365204
365205
365206
365207
365208
365209
365210
365211
365212
365213
365214
365215
365217
365218
365219
365220
365222
365223
365224
365226
365227
365228
365229
365230
365231
365232
365233
365234
365235
365236
365237
365238
365239
365240
365241
365242
365243
365244
365245
365246
365247
365248
365249
