161500
161501
161502
161503
161507
161510
161512
161513
161515
161516
161517
161518
161519
161522
161523
161524
161525
161526
161527
161528
161529
161530
161531
161532
161534
161535
161536
161537
161538
161539
161540
161541
161542
161543
161544
161545
161546
161548
161550
161552
161553
161554
161555
161557
161560
161563
161565
161566
161567
161569
161570
161571
161573
161574
161575
161576
161577
161578
161579
161580
161583
161584
161585
161586
161587
161588
161589
161590
161592
161594
161596
161597
161598
161599
161600
161601
161602
161603
161604
161605
161606
161607
161610
161611
161612
161613
161614
161615
161616
161617
161623
161625
161626
161627
161628
161629
161631
161632
161635
161636
161637
161638
161639
161640
161641
161642
161644
161647
161648
161649
161650
161651
161653
161654
161655
161656
161657
161658
161659
161660
161661
161662
161663
161664
161665
161666
161667
161668
161669
161670
161671
161672
161674
161676
161678
161679
161680
161681
161682
161683
161685
161686
161687
161689
161690
161692
161693
161695
161696
161697
161698
161700
161701
161702
161703
161704
161705
161706
161707
161708
161709
161710
161711
161712
161713
161714
161715
161717
161718
161719
161720
161721
161722
161723
161724
161725
161726
161728
161729
161730
161731
161732
161733
161734
161735
161736
161737
161738
161739
161740
161741
161742
161743
161744
161745
161747
161748
161749
