161250
161252
161253
161254
161255
161256
161257
161258
161259
161260
161261
161262
161263
161265
161266
161268
161271
161272
161273
161274
161275
161276
161279
161280
161282
161285
161286
161287
161288
161289
161290
161291
161292
161293
161294
161295
161296
161297
161298
161300
161301
161302
161303
161304
161305
161306
161307
161308
161309
161310
161311
161314
161315
161316
161317
161318
161319
161320
161321
161324
161325
161326
161327
161328
161329
161330
161331
161332
161333
161334
161335
161336
161337
161338
161340
161341
161343
161344
161345
161347
161348
161350
161351
161352
161353
161354
161355
161356
161357
161358
161359
161360
161361
161362
161363
161365
161366
161367
161368
161369
161370
161371
161372
161373
161374
161376
161377
161378
161379
161380
161381
161382
161385
161386
161387
161388
161389
161390
161391
161392
161393
161394
161395
161396
161397
161398
161399
161400
161401
161402
161404
161405
161406
161407
161408
161409
161410
161411
161413
161414
161415
161416
161418
161419
161420
161421
161422
161424
161425
161427
161429
161430
161434
161435
161436
161437
161438
161439
161440
161441
161444
161445
161447
161448
161449
161450
161451
161452
161454
161455
161456
161457
161458
161459
161461
161462
161463
161464
161465
161467
161468
161472
161473
161476
161477
161478
161481
161483
161484
161485
161487
161490
161491
161492
161493
161494
161496
161497
161499
