131751
131752
131753
131754
131755
131756
131757
131758
131759
131760
131761
131762
131765
131767
131770
131771
131772
131773
131774
131775
131776
131777
131778
131779
131780
131781
131782
131783
131784
131785
131786
131787
131788
131789
131790
131791
131792
131793
131794
131796
131797
131798
131799
131800
131801
131802
131803
131804
131806
131807
131808
131809
131810
131811
131813
131816
131817
131818
131819
131820
131821
131822
131823
131826
131827
131828
131831
131832
131833
131834
131835
131836
131837
131838
131839
131840
131841
131842
131843
131844
131846
131847
131848
131849
131850
131851
131852
131854
131855
131857
131858
131859
131860
131861
131862
131863
131864
131865
131866
131868
131869
131871
131872
131873
131874
131875
131876
131877
131878
131879
131880
131882
131883
131885
131886
131887
131888
131889
131890
131891
131892
131893
131894
131895
131896
131897
131898
131899
131900
131901
131902
131903
131904
131905
131906
131907
131910
131911
131912
131913
131914
131918
131919
131920
131922
131923
131924
131925
131926
131927
131928
131929
131930
131931
131932
131933
131934
131936
131937
131938
131941
131942
131943
131944
131946
131951
131953
131954
131955
131956
131958
131959
131960
131962
131963
131964
131965
131966
131967
131973
131974
131976
131977
131978
131979
131980
131984
131986
131987
131988
131990
131991
131993
131994
131995
131997
131998
