418750
418751
418753
418754
418755
418756
418758
418759
418760
418761
418763
418764
418765
418766
418768
418769
418770
418771
418773
418774
418775
418776
418778
418779
418780
418781
418783
418784
418785
418786
418788
418789
418790
418791
418793
418794
418795
418796
418798
418799
418800
418801
418803
418804
418805
418806
418808
418809
418810
418811
418812
418814
418815
418817
418819
418820
418822
418823
418824
418826
418827
418829
418830
418831
418832
418833
418834
418835
418836
418837
418838
418839
418840
418841
418842
418843
418844
418845
418846
418847
418848
418849
418850
418851
418852
418853
418855
418856
418857
418858
418859
418860
418861
418862
418866
418868
418869
418871
418873
418874
418875
418876
418877
418878
418879
418880
418881
418882
418883
418884
418885
418886
418887
418889
418890
418891
418895
418896
418900
418901
418905
418906
418907
418908
418909
418910
418911
418912
418913
418915
418916
418917
418918
418919
418920
418921
418923
418924
418925
418926
418927
418928
418929
418930
418931
418932
418933
418934
418935
418936
418937
418938
418939
418940
418941
418942
418943
418944
418946
418948
418949
418950
418951
418952
418953
418954
418955
418956
418957
418958
418959
418960
418961
418962
418963
418964
418965
418966
418967
418968
418969
418970
418971
418972
418973
418974
418975
418977
418979
418980
418981
418982
418983
418984
418985
418986
418987
418988
418989
418990
418991
418992
418993
418994
418995
418996
418997
418998
418999
