108500
108504
108505
108506
108508
108512
108513
108514
108515
108516
108518
108519
108520
108521
108522
108523
108524
108525
108526
108527
108528
108529
108530
108531
108533
108534
108535
108536
108537
108539
108542
108543
108544
108545
108546
108547
108548
108549
108550
108551
108552
108553
108554
108555
108556
108557
108558
108559
108561
108562
108563
108564
108566
108567
108568
108569
108570
108571
108573
108574
108575
108576
108578
108579
108580
108581
108582
108583
108584
108586
108587
108588
108589
108590
108591
108592
108594
108595
108596
108597
108598
108599
108600
108601
108602
108603
108604
108605
108606
108607
108608
108609
108610
108611
108612
108613
108615
108616
108617
108619
108620
108621
108623
108624
108626
108627
108629
108630
108631
108632
108633
108635
108636
108637
108638
108639
108640
108641
108642
108643
108644
108645
108646
108648
108650
108651
108652
108653
108654
108655
108657
108658
108659
108660
108661
108662
108663
108664
108665
108666
108667
108668
108669
108672
108673
108674
108675
108676
108677
108678
108682
108683
108684
108685
108686
108687
108688
108689
108690
108691
108692
108693
108694
108695
108696
108697
108698
108699
108700
108701
108702
108703
108704
108705
108707
108708
108709
108710
108711
108712
108713
108714
108715
108717
108718
108719
108720
108721
108722
108723
108724
108725
108726
108728
108729
108730
108731
108732
108733
108734
108735
108736
108738
108739
108740
108741
108742
108743
108744
108745
108746
108748
108749
