213750
213751
213752
213753
213756
213758
213759
213761
213762
213763
213765
213766
213767
213768
213769
213770
213771
213772
213774
213775
213776
213778
213779
213780
213781
213782
213783
213784
213785
213786
213788
213789
213790
213791
213792
213793
213794
213795
213796
213797
213799
213800
213801
213802
213803
213804
213805
213806
213807
213808
213810
213811
213812
213813
213814
213815
213818
213819
213820
213821
213822
213823
213824
213825
213826
213827
213828
213829
213830
213831
213832
213833
213834
213835
213837
213838
213839
213840
213841
213842
213843
213844
213845
213846
213847
213849
213850
213852
213853
213854
213855
213856
213857
213858
213859
213860
213861
213862
213863
213864
213865
213866
213871
213872
213873
213874
213875
213876
213877
213879
213880
213881
213882
213883
213884
213885
213886
213887
213888
213889
213890
213892
213893
213894
213895
213896
213899
213900
213901
213902
213903
213904
213905
213907
213908
213909
213910
213911
213915
213916
213917
213918
213919
213920
213921
213922
213924
213925
213926
213927
213928
213929
213930
213932
213933
213934
213937
213938
213939
213940
213941
213942
213943
213944
213946
213947
213948
213949
213950
213951
213953
213954
213955
213956
213957
213958
213959
213961
213962
213964
213965
213966
213967
213969
213970
213971
213972
213974
213975
213977
213978
213979
213981
213982
213984
213985
213986
213988
213989
213991
213992
213993
213995
213996
213998
213999
