162500
162501
162502
162506
162507
162508
162509
162510
162512
162513
162514
162515
162516
162517
162519
162520
162521
162522
162523
162524
162528
162529
162530
162531
162532
162533
162534
162536
162537
162538
162539
162540
162541
162542
162543
162544
162545
162546
162547
162548
162549
162550
162551
162552
162554
162555
162556
162557
162558
162559
162561
162563
162564
162565
162566
162568
162569
162570
162571
162572
162573
162574
162575
162576
162577
162578
162579
162580
162581
162582
162583
162584
162585
162587
162588
162590
162591
162592
162593
162594
162596
162597
162598
162601
162602
162603
162606
162607
162608
162611
162612
162613
162615
162616
162617
162619
162620
162622
162623
162624
162625
162626
162627
162629
162630
162631
162632
162634
162635
162636
162637
162638
162639
162641
162642
162643
162644
162645
162646
162648
162649
162650
162651
162653
162654
162655
162657
162658
162659
162660
162661
162662
162664
162665
162667
162668
162669
162670
162671
162673
162674
162676
162677
162678
162680
162681
162683
162684
162685
162687
162688
162690
162691
162692
162694
162696
162697
162698
162700
162702
162703
162704
162705
162706
162707
162710
162713
162714
162716
162717
162718
162719
162720
162721
162722
162723
162724
162725
162726
162727
162728
162729
162730
162731
162732
162734
162735
162737
162740
162741
162742
162743
162744
162746
162747
162748
162749
