450000
450001
450002
450003
450004
450005
450006
450007
450008
450009
450011
450012
450013
450014
450016
450017
450018
450019
450021
450022
450023
450024
450026
450027
450028
450029
450031
450032
450033
450034
450035
450037
450038
450039
450041
450042
450044
450045
450046
450048
450049
450050
450051
450052
450053
450054
450055
450056
450057
450058
450059
450060
450061
450062
450063
450064
450065
450066
450068
450069
450070
450071
450073
450074
450075
450076
450077
450078
450081
450084
450085
450087
450088
450089
450090
450091
450092
450093
450094
450095
450096
450099
450100
450101
450102
450103
450105
450106
450107
450108
450109
450110
450111
450113
450114
450116
450117
450118
450119
450120
450121
450122
450123
450125
450126
450128
450130
450132
450133
450135
450136
450137
450139
450140
450141
450144
450145
450146
450147
450148
450150
450151
450152
450153
450154
450155
450156
450157
450158
450159
450160
450162
450163
450164
450165
450166
450167
450168
450169
450171
450172
450173
450174
450175
450176
450177
450178
450180
450181
450182
450183
450184
450185
450186
450187
450189
450190
450191
450192
450193
450194
450195
450196
450198
450199
450200
450201
450202
450203
450204
450205
450206
450207
450208
450209
450210
450211
450212
450213
450214
450215
450216
450217
450218
450219
450220
450221
450222
450223
450224
450225
450227
450228
450229
450230
450232
450233
450234
450236
450237
450238
450239
450240
450241
450242
450243
450246
450247
450248
450249
