381750
381751
381752
381753
381754
381756
381757
381758
381759
381760
381761
381762
381763
381764
381765
381767
381768
381769
381770
381771
381772
381773
381774
381775
381776
381777
381779
381780
381781
381782
381784
381785
381786
381787
381788
381789
381790
381792
381793
381794
381795
381797
381798
381799
381800
381801
381802
381804
381805
381806
381807
381809
381810
381811
381812
381813
381814
381815
381816
381817
381818
381819
381820
381821
381823
381824
381825
381826
381827
381829
381831
381832
381834
381835
381836
381837
381839
381840
381841
381842
381843
381844
381846
381848
381849
381850
381851
381852
381853
381855
381856
381857
381858
381859
381860
381861
381862
381863
381864
381866
381867
381868
381869
381870
381871
381873
381874
381875
381876
381878
381879
381880
381881
381883
381884
381885
381886
381887
381888
381889
381890
381891
381892
381893
381894
381895
381896
381897
381898
381899
381900
381901
381902
381903
381904
381905
381906
381907
381908
381909
381910
381911
381912
381913
381914
381915
381916
381917
381918
381919
381920
381921
381922
381923
381924
381925
381926
381927
381928
381929
381930
381931
381932
381934
381935
381936
381938
381940
381942
381944
381946
381948
381949
381950
381951
381952
381953
381954
381955
381956
381957
381958
381959
381960
381962
381963
381965
381966
381967
381969
381971
381972
381973
381974
381975
381976
381977
381978
381980
381981
381983
381984
381985
381987
381989
381990
381991
381992
381993
381994
381995
381996
381998
381999
