174250
174251
174253
174254
174255
174256
174257
174258
174260
174264
174265
174266
174267
174268
174269
174270
174271
174272
174274
174275
174277
174278
174280
174281
174282
174283
174285
174286
174287
174288
174290
174291
174292
174293
174294
174295
174296
174297
174298
174299
174300
174301
174302
174303
174304
174305
174306
174307
174308
174309
174310
174311
174312
174313
174314
174315
174318
174319
174320
174321
174322
174323
174324
174325
174326
174327
174328
174329
174330
174331
174332
174333
174334
174335
174336
174337
174338
174339
174340
174341
174342
174343
174344
174345
174346
174347
174348
174349
174350
174351
174353
174354
174355
174356
174357
174358
174359
174360
174361
174362
174363
174364
174365
174366
174367
174368
174369
174370
174371
174372
174373
174374
174375
174376
174377
174378
174379
174381
174382
174383
174384
174385
174386
174387
174388
174389
174390
174391
174392
174393
174395
174399
174400
174402
174403
174404
174406
174407
174408
174411
174412
174413
174415
174416
174417
174418
174419
174420
174421
174422
174423
174425
174426
174427
174432
174434
174435
174437
174439
174441
174442
174447
174448
174449
174450
174451
174452
174453
174454
174455
174456
174457
174458
174459
174460
174461
174462
174463
174464
174465
174466
174467
174468
174469
174470
174471
174472
174474
174475
174476
174477
174478
174480
174483
174484
174485
174486
174487
174489
174490
174491
174492
174493
174494
174495
174496
174497
174499
