9001
9002
9003
9004
9005
9006
9007
9008
9009
9010
9011
9012
9013
9014
9015
9017
9018
9019
9020
9021
9022
9023
9024
9025
9026
9028
9029
9030
9032
9033
9034
9037
9038
9039
9040
9041
9042
9045
9048
9049
9050
9051
9052
9054
9057
9058
9059
9060
9061
9062
9063
9065
9067
9069
9070
9071
9072
9073
9074
9075
9076
9077
9078
9079
9080
9081
9082
9083
9084
9085
9086
9087
9088
9089
9090
9091
9092
9095
9097
9098
9099
9100
9102
9103
9105
9106
9107
9108
9109
9110
9111
9114
9115
9119
9122
9124
9128
9133
9134
9135
9136
9138
9139
9140
9142
9143
9147
9151
9154
9157
9161
9162
9163
9164
9165
9166
9167
9168
9169
9170
9171
9172
9173
9174
9175
9176
9178
9179
9181
9182
9183
9184
9185
9186
9187
9188
9193
9194
9197
9201
9202
9203
9204
9205
9206
9207
9208
9209
9210
9211
9212
9217
9229
9230
9231
9237
9239
9240
9241
9242
9244
9245
9246
9247
9248
9249
