431000
431001
431002
431003
431004
431005
431006
431007
431008
431009
431010
431012
431013
431014
431015
431016
431017
431019
431020
431021
431022
431023
431025
431026
431029
431030
431031
431032
431033
431034
431035
431036
431037
431038
431039
431040
431041
431042
431043
431044
431045
431046
431047
431048
431049
431050
431051
431052
431053
431054
431055
431056
431057
431058
431059
431060
431061
431064
431065
431066
431067
431069
431070
431071
431072
431074
431075
431076
431077
431078
431079
431080
431081
431082
431083
431084
431085
431086
431087
431088
431089
431090
431091
431092
431093
431094
431095
431096
431097
431098
431099
431100
431101
431102
431104
431105
431106
431107
431108
431109
431110
431111
431112
431113
431114
431115
431116
431117
431118
431119
431120
431122
431123
431124
431126
431127
431128
431130
431131
431132
431133
431134
431135
431136
431137
431138
431139
431141
431142
431143
431144
431145
431146
431147
431148
431150
431151
431152
431153
431154
431155
431156
431157
431159
431160
431161
431162
431163
431164
431166
431167
431168
431169
431170
431171
431172
431173
431175
431176
431177
431179
431181
431182
431183
431185
431186
431188
431190
431192
431193
431194
431195
431196
431197
431199
431200
431201
431203
431204
431205
431206
431207
431208
431209
431210
431211
431212
431214
431215
431216
431218
431219
431220
431221
431222
431223
431224
431225
431226
431227
431229
431230
431231
431232
431233
431234
431235
431236
431237
431238
431239
431240
431241
431242
431243
431244
431245
431246
431247
431248
431249
