357751
357752
357753
357754
357757
357758
357759
357760
357769
357773
357774
357775
357776
357777
357778
357782
357783
357784
357785
357786
357788
357789
357790
357791
357792
357795
357796
357797
357798
357799
357802
357803
357806
357807
357809
357810
357811
357814
357815
357818
357820
357821
357822
357823
357824
357825
357826
357827
357832
357833
357835
357836
357837
357839
357840
357842
357843
357844
357845
357846
357847
357848
357849
357850
357852
357853
357854
357857
357858
357859
357860
357861
357862
357863
357864
357865
357866
357867
357868
357869
357870
357871
357872
357874
357875
357877
357881
357883
357884
357885
357886
357888
357891
357892
357893
357894
357895
357896
357898
357899
357900
357901
357902
357903
357904
357905
357906
357908
357909
357910
357911
357913
357914
357915
357916
357918
357919
357920
357921
357922
357924
357926
357927
357928
357929
357930
357931
357934
357935
357938
357939
357940
357943
357944
357945
357946
357947
357948
357949
357950
357953
357954
357955
357956
357957
357958
357959
357960
357961
357964
357966
357967
357968
357971
357972
357974
357975
357976
357977
357978
357979
357980
357981
357982
357983
357987
357988
357989
357990
357991
357992
357994
357995
357996
357997
357998
357999
