430500
430501
430502
430503
430504
430505
430506
430507
430508
430509
430510
430512
430513
430514
430516
430517
430518
430520
430521
430522
430523
430524
430525
430526
430527
430528
430529
430530
430531
430532
430533
430534
430535
430536
430537
430538
430539
430540
430541
430542
430543
430544
430545
430546
430547
430548
430549
430550
430551
430552
430553
430554
430556
430557
430558
430559
430560
430562
430563
430564
430565
430566
430567
430568
430569
430570
430572
430574
430575
430576
430578
430579
430581
430582
430583
430584
430585
430586
430587
430588
430589
430590
430591
430592
430593
430594
430595
430596
430597
430598
430599
430600
430601
430602
430603
430604
430605
430606
430607
430608
430609
430610
430611
430612
430615
430616
430617
430618
430619
430620
430621
430622
430623
430624
430625
430626
430627
430628
430629
430630
430631
430632
430633
430634
430635
430636
430637
430638
430639
430640
430641
430642
430645
430646
430647
430648
430649
430650
430651
430652
430653
430654
430656
430657
430658
430660
430661
430662
430664
430665
430666
430667
430668
430669
430670
430671
430672
430673
430674
430675
430676
430677
430678
430680
430682
430683
430685
430686
430687
430689
430690
430691
430692
430693
430695
430696
430697
430698
430699
430701
430702
430703
430704
430705
430707
430709
430710
430711
430712
430714
430715
430716
430717
430719
430720
430721
430722
430724
430725
430726
430727
430730
430731
430732
430733
430734
430735
430736
430738
430739
430740
430741
430742
430744
430745
430746
430748
430749
