199751
199752
199754
199755
199756
199757
199758
199759
199760
199761
199762
199763
199764
199765
199766
199767
199768
199769
199770
199771
199772
199773
199774
199775
199776
199777
199779
199780
199781
199782
199783
199784
199785
199787
199789
199790
199791
199792
199794
199795
199796
199797
199799
199800
199801
199802
199804
199805
199806
199807
199809
199810
199811
199812
199814
199815
199816
199817
199819
199820
199821
199822
199824
199825
199826
199827
199829
199830
199831
199832
199834
199835
199836
199837
199839
199840
199841
199842
199844
199845
199846
199847
199849
199850
199851
199852
199854
199855
199856
199857
199859
199860
199861
199862
199864
199865
199866
199867
199869
199870
199871
199872
199873
199875
199876
199877
199878
199879
199880
199881
199882
199883
199884
199885
199886
199889
199890
199891
199894
199895
199896
199899
199900
199901
199904
199905
199906
199909
199910
199911
199914
199915
199916
199917
199918
199919
199920
199921
199922
199923
199925
199926
199927
199928
199930
199931
199932
199933
199935
199936
199937
199938
199940
199941
199942
199943
199945
199946
199948
199949
199950
199952
199953
199954
199955
199957
199958
199959
199960
199962
199963
199964
199965
199966
199967
199968
199969
199970
199971
199972
199973
199974
199975
199976
199977
199978
199979
199981
199982
199983
199984
199985
199987
199988
199989
199990
199991
199992
199993
199994
199995
199996
199997
199998
199999
