220250
220251
220253
220254
220255
220256
220257
220258
220259
220261
220263
220264
220265
220266
220267
220269
220271
220273
220274
220276
220277
220278
220280
220281
220282
220283
220285
220286
220287
220288
220289
220290
220291
220293
220294
220295
220296
220297
220298
220299
220300
220301
220302
220304
220305
220306
220307
220308
220309
220310
220311
220312
220313
220314
220315
220316
220317
220318
220319
220320
220321
220322
220323
220324
220325
220326
220329
220330
220331
220332
220335
220337
220338
220339
220340
220341
220342
220343
220344
220345
220346
220347
220349
220350
220351
220352
220353
220354
220355
220358
220359
220360
220361
220362
220363
220364
220365
220366
220367
220368
220369
220370
220371
220372
220373
220374
220377
220380
220381
220382
220383
220384
220385
220386
220387
220390
220391
220392
220394
220395
220396
220397
220398
220399
220400
220401
220402
220403
220404
220406
220407
220408
220409
220410
220411
220412
220414
220415
220425
220426
220427
220428
220429
220431
220432
220433
220434
220435
220436
220437
220438
220439
220440
220441
220442
220443
220445
220449
220453
220455
220456
220457
220458
220459
220463
220465
220466
220470
220474
220478
220482
220486
220490
220494
220498
