3750
3751
3752
3755
3756
3757
3758
3759
3760
3761
3762
3763
3764
3765
3766
3768
3769
3770
3772
3777
3778
3780
3781
3782
3785
3789
3790
3791
3795
3796
3797
3798
3799
3800
3801
3806
3808
3809
3810
3811
3812
3813
3814
3815
3816
3817
3818
3819
3820
3822
3823
3826
3827
3828
3829
3830
3831
3832
3834
3835
3836
3837
3838
3840
3841
3843
3844
3845
3846
3848
3849
3861
3862
3864
3865
3866
3867
3869
3871
3875
3877
3878
3879
3880
3881
3882
3884
3885
3887
3888
3890
3891
3892
3894
3895
3897
3898
3900
3901
3902
3903
3904
3905
3906
3907
3910
3911
3912
3913
3914
3915
3916
3919
3920
3921
3922
3924
3925
3926
3927
3929
3930
3933
3934
3937
3940
3941
3942
3947
3949
3950
3951
3954
3956
3957
3958
3962
3966
3969
3971
3972
3977
3978
3979
3980
3981
3982
3983
3984
3985
3990
3991
3992
3993
3994
3995
3996
3997
3998
3999
