188250
188251
188252
188253
188254
188256
188257
188258
188259
188260
188261
188262
188263
188264
188265
188266
188267
188268
188270
188271
188273
188274
188275
188276
188277
188278
188279
188280
188281
188282
188283
188284
188285
188286
188287
188288
188289
188290
188291
188292
188293
188294
188295
188297
188298
188299
188300
188301
188303
188304
188305
188306
188307
188308
188309
188310
188311
188312
188313
188314
188315
188319
188321
188322
188323
188324
188325
188326
188327
188328
188329
188330
188331
188332
188333
188334
188335
188336
188338
188340
188341
188342
188343
188344
188345
188347
188348
188349
188350
188351
188352
188353
188354
188355
188356
188357
188358
188359
188360
188361
188362
188363
188364
188365
188366
188367
188368
188369
188370
188371
188372
188373
188374
188375
188376
188377
188378
188379
188380
188384
188385
188386
188387
188388
188389
188390
188391
188392
188393
188394
188395
188396
188397
188398
188399
188400
188401
188402
188403
188404
188405
188406
188407
188408
188409
188410
188411
188412
188413
188414
188415
188416
188418
188419
188420
188421
188423
188424
188425
188426
188427
188428
188430
188431
188432
188433
188434
188435
188436
188437
188438
188439
188440
188441
188442
188443
188447
188448
188449
188450
188452
188453
188454
188455
188456
188458
188459
188460
188461
188462
188463
188464
188465
188466
188467
188469
188470
188471
188472
188473
188475
188476
188477
188478
188479
188480
188481
188483
188484
188486
188487
188488
188489
188490
188491
188492
188494
188495
