178500
178503
178504
178505
178506
178507
178510
178511
178512
178513
178514
178515
178516
178517
178518
178519
178520
178521
178522
178523
178524
178527
178528
178529
178530
178531
178533
178535
178536
178537
178538
178539
178540
178541
178542
178543
178544
178545
178547
178551
178552
178554
178558
178559
178560
178561
178562
178563
178564
178565
178566
178567
178568
178569
178571
178572
178573
178574
178575
178576
178577
178578
178579
178580
178581
178582
178583
178584
178585
178586
178587
178588
178589
178590
178592
178594
178596
178598
178599
178600
178601
178603
178605
178607
178608
178609
178610
178611
178613
178615
178616
178617
178618
178619
178620
178621
178622
178623
178624
178625
178626
178627
178628
178629
178631
178633
178634
178635
178636
178637
178638
178640
178641
178642
178643
178644
178645
178646
178647
178649
178650
178652
178653
178654
178655
178656
178657
178658
178659
178660
178661
178663
178664
178665
178666
178667
178669
178670
178672
178673
178674
178675
178677
178678
178679
178680
178681
178682
178683
178686
178687
178688
178690
178692
178693
178694
178695
178696
178697
178698
178699
178700
178701
178702
178703
178704
178705
178706
178707
178708
178709
178710
178711
178713
178714
178715
178717
178718
178719
178720
178721
178722
178724
178725
178726
178728
178729
178730
178731
178732
178733
178735
178736
178737
178739
178740
178741
178742
178743
178744
178746
178747
178748
