125750
125751
125752
125754
125756
125757
125758
125759
125760
125761
125762
125763
125764
125765
125766
125767
125769
125770
125771
125772
125773
125774
125775
125776
125777
125778
125779
125780
125781
125782
125783
125785
125786
125790
125792
125794
125796
125797
125801
125802
125803
125804
125805
125808
125809
125812
125813
125816
125817
125818
125819
125820
125821
125826
125828
125829
125832
125834
125835
125836
125837
125841
125843
125844
125845
125847
125848
125849
125850
125851
125852
125853
125854
125857
125858
125859
125860
125861
125862
125863
125864
125865
125866
125867
125870
125871
125872
125873
125875
125876
125877
125878
125879
125881
125883
125885
125887
125888
125889
125890
125891
125892
125893
125894
125895
125896
125897
125900
125902
125903
125906
125907
125910
125911
125912
125914
125915
125918
125920
125921
125922
125923
125924
125925
125926
125928
125929
125930
125931
125932
125933
125934
125935
125937
125939
125940
125941
125942
125943
125944
125948
125949
125950
125952
125953
125956
125957
125959
125960
125961
125962
125963
125964
125965
125966
125968
125974
125975
125976
125979
125991
125996
