90500
90501
90503
90504
90505
90506
90507
90509
90510
90511
90512
90513
90514
90515
90516
90517
90518
90520
90521
90522
90523
90524
90525
90526
90527
90528
90529
90530
90531
90532
90533
90534
90535
90536
90537
90538
90539
90540
90541
90542
90543
90544
90545
90546
90547
90548
90549
90551
90552
90553
90554
90555
90556
90557
90558
90559
90561
90562
90563
90564
90565
90566
90567
90568
90569
90570
90571
90572
90573
90574
90575
90576
90577
90578
90579
90581
90582
90583
90584
90586
90587
90588
90589
90591
90594
90595
90596
90597
90598
90599
90600
90601
90602
90604
90605
90606
90607
90608
90609
90610
90611
90612
90613
90614
90616
90619
90620
90621
90622
90623
90624
90625
90626
90628
90629
90630
90631
90632
90633
90635
90636
90637
90638
90640
90641
90643
90644
90645
90646
90648
90649
90650
90651
90653
90654
90655
90657
90658
90659
90661
90662
90663
90664
90665
90667
90668
90669
90671
90672
90673
90675
90676
90678
90679
90681
90683
90684
90685
90686
90687
90688
90689
90690
90695
90696
90697
90698
90699
90700
90701
90702
90703
90704
90705
90706
90707
90708
90709
90710
90711
90713
90714
90715
90716
90717
90718
90719
90720
90721
90722
90724
90725
90726
90728
90729
90730
90732
90733
90734
90735
90736
90737
90738
90739
90740
90741
90742
90743
90744
90745
90746
90747
90748
90749
