253001
253004
253005
253006
253007
253008
253009
253010
253011
253012
253013
253014
253015
253016
253017
253018
253019
253020
253021
253022
253023
253024
253025
253026
253028
253031
253032
253033
253034
253035
253036
253037
253038
253039
253040
253042
253044
253045
253046
253047
253048
253049
253051
253052
253054
253055
253056
253057
253058
253059
253060
253061
253062
253064
253065
253067
253068
253070
253072
253073
253074
253076
253077
253079
253080
253081
253082
253083
253084
253085
253086
253087
253088
253089
253090
253091
253092
253093
253094
253095
253096
253097
253098
253099
253100
253101
253102
253103
253104
253105
253106
253107
253108
253109
253110
253111
253112
253113
253114
253115
253116
253117
253118
253119
253120
253121
253122
253123
253124
253125
253126
253127
253129
253130
253131
253132
253133
253134
253135
253136
253137
253138
253139
253140
253141
253142
253143
253144
253145
253146
253147
253148
253149
253150
253151
253152
253153
253154
253156
253157
253158
253160
253161
253163
253164
253166
253168
253170
253174
253175
253177
253178
253180
253182
253184
253187
253188
253189
253190
253191
253192
253193
253194
253195
253196
253198
253200
253201
253202
253203
253204
253205
253206
253207
253208
253209
253211
253212
253213
253214
253215
253216
253217
253218
253219
253220
253223
253224
253226
253227
253228
253229
253230
253231
253232
253233
253234
253235
253236
253237
253238
253239
253240
253241
253242
253243
253247
253249
