133750
133751
133752
133753
133754
133755
133756
133757
133758
133759
133761
133764
133767
133769
133770
133771
133772
133773
133774
133775
133776
133777
133780
133782
133783
133784
133785
133786
133788
133789
133790
133791
133792
133793
133795
133796
133797
133799
133800
133801
133802
133805
133807
133808
133809
133810
133811
133812
133814
133815
133816
133817
133818
133819
133820
133821
133822
133823
133824
133825
133826
133827
133828
133829
133830
133831
133832
133833
133834
133835
133836
133837
133838
133839
133841
133842
133843
133844
133845
133846
133847
133848
133849
133850
133851
133853
133856
133857
133858
133859
133860
133862
133865
133866
133867
133869
133870
133871
133873
133874
133876
133877
133878
133879
133880
133882
133883
133884
133886
133887
133889
133890
133891
133892
133893
133894
133895
133896
133898
133900
133901
133903
133904
133905
133907
133908
133909
133910
133911
133913
133914
133915
133919
133920
133921
133922
133923
133924
133925
133926
133927
133928
133929
133930
133931
133932
133933
133934
133935
133936
133937
133938
133941
133943
133944
133945
133946
133948
133949
133950
133951
133952
133953
133954
133955
133956
133957
133958
133960
133961
133963
133964
133965
133966
133968
133969
133970
133971
133972
133973
133974
133975
133976
133977
133979
133980
133981
133982
133983
133984
133985
133986
133987
133989
133990
133991
133992
133993
133994
133995
133996
133997
133999
