30750
30751
30753
30754
30755
30756
30757
30758
30759
30760
30761
30762
30764
30765
30766
30767
30768
30769
30770
30772
30774
30775
30776
30777
30778
30779
30780
30782
30783
30784
30785
30786
30787
30788
30789
30790
30791
30792
30793
30794
30795
30796
30797
30798
30801
30802
30803
30805
30807
30808
30809
30810
30811
30812
30813
30816
30817
30818
30819
30821
30823
30824
30825
30826
30827
30828
30829
30830
30831
30832
30833
30834
30835
30836
30837
30838
30839
30840
30842
30844
30845
30846
30847
30848
30849
30851
30855
30858
30859
30860
30861
30862
30864
30866
30869
30870
30872
30875
30877
30878
30879
30880
30881
30882
30883
30884
30885
30886
30888
30890
30891
30892
30893
30894
30896
30897
30898
30899
30900
30901
30902
30903
30905
30906
30907
30908
30909
30910
30911
30912
30914
30915
30916
30917
30918
30919
30921
30922
30923
30924
30925
30926
30928
30929
30930
30931
30932
30933
30936
30939
30940
30941
30943
30944
30947
30949
30950
30951
30952
30953
30954
30956
30957
30958
30959
30961
30962
30965
30966
30967
30969
30971
30973
30974
30975
30976
30978
30979
30980
30981
30983
30984
30985
30986
30987
30989
30990
30991
30992
30993
30994
30995
30996
30997
30998
30999
