313000
313001
313002
313004
313005
313006
313008
313009
313010
313012
313013
313014
313015
313016
313017
313018
313019
313020
313021
313022
313023
313024
313025
313026
313027
313028
313029
313030
313031
313032
313033
313034
313035
313036
313037
313038
313040
313041
313042
313044
313045
313046
313047
313048
313050
313051
313052
313053
313054
313055
313056
313057
313058
313059
313060
313061
313063
313064
313065
313066
313067
313068
313069
313070
313071
313072
313074
313075
313076
313077
313078
313079
313080
313081
313082
313083
313084
313085
313086
313087
313088
313089
313090
313091
313092
313093
313094
313095
313096
313097
313098
313099
313100
313101
313102
313103
313104
313105
313106
313107
313108
313109
313110
313111
313112
313113
313114
313115
313116
313117
313118
313119
313120
313121
313122
313123
313124
313125
313126
313127
313128
313130
313131
313133
313134
313135
313136
313137
313139
313140
313141
313142
313143
313145
313146
313151
313152
313153
313154
313155
313156
313158
313159
313160
313162
313163
313164
313165
313166
313169
313170
313171
313172
313173
313174
313175
313176
313177
313181
313185
313186
313187
313188
313189
313190
313191
313192
313193
313194
313195
313196
313197
313198
313199
313200
313201
313202
313203
313204
313205
313206
313208
313209
313210
313211
313212
313213
313214
313215
313216
313218
313219
313220
313221
313222
313224
313225
313227
313228
313229
313230
313231
313232
313233
313236
313237
313238
313241
313242
313243
313246
313247
313248
313249
