461250
461251
461252
461253
461254
461255
461256
461257
461258
461259
461261
461262
461263
461264
461265
461266
461267
461268
461269
461270
461271
461272
461273
461274
461275
461276
461277
461278
461279
461280
461281
461282
461283
461284
461285
461286
461288
461290
461291
461292
461293
461294
461295
461296
461297
461298
461299
461300
461301
461303
461304
461305
461306
461307
461308
461309
461310
461313
461314
461315
461316
461317
461318
461319
461320
461321
461322
461323
461324
461325
461326
461327
461328
461329
461330
461331
461333
461334
461335
461338
461339
461340
461341
461342
461343
461344
461345
461346
461347
461348
461349
461350
461351
461352
461353
461354
461355
461356
461357
461358
461359
461360
461361
461362
461363
461364
461365
461366
461367
461368
461369
461370
461371
461372
461373
461374
461375
461376
461377
461378
461379
461380
461381
461382
461384
461385
461387
461388
461389
461390
461391
461392
461393
461394
461398
461402
461403
461406
461407
461410
461412
461413
461414
461415
461416
461418
461419
461420
461421
461422
461423
461424
461425
461426
461427
461428
461429
461430
461431
461432
461433
461434
461436
461437
461438
461439
461440
461442
461443
461444
461445
461446
461447
461448
461449
461450
461451
461452
461453
461454
461455
461457
461458
461459
461461
461462
461463
461464
461465
461466
461467
461468
461469
461470
461471
461472
461473
461474
461475
461476
461477
461478
461479
461480
461481
461482
461483
461484
461485
461486
461487
461488
461489
461490
461491
461492
461493
461494
461495
461496
461497
461498
461499
