11250
11251
11252
11253
11254
11259
11260
11261
11262
11263
11264
11269
11270
11271
11272
11273
11274
11279
11282
11283
11286
11290
11291
11293
11294
11295
11296
11298
11299
11300
11301
11304
11305
11307
11309
11312
11313
11315
11317
11320
11321
11323
11325
11328
11329
11331
11333
11334
11335
11338
11339
11341
11343
11346
11347
11349
11351
11354
11355
11357
11359
11360
11363
11364
11365
11368
11369
11370
11374
11376
11377
11378
11379
11380
11381
11382
11384
11385
11387
11389
11391
11392
11393
11395
11398
11399
11400
11401
11403
11405
11408
11411
11412
11415
11416
11417
11418
11419
11420
11421
11423
11424
11425
11426
11428
11430
11431
11433
11434
11437
11438
11440
11441
11442
11445
11448
11449
11450
11451
11452
11453
11454
11455
11456
11457
11458
11459
11460
11461
11462
11463
11464
11465
11466
11467
11468
11469
11471
11473
11474
11476
11478
11479
11481
11485
11486
11488
11489
11491
11493
11495
11497
11498
11499
