363501
363502
363503
363505
363506
363507
363511
363512
363513
363515
363516
363517
363518
363519
363520
363521
363522
363523
363524
363525
363527
363528
363529
363530
363531
363532
363533
363534
363535
363537
363538
363539
363540
363541
363542
363543
363544
363545
363546
363547
363548
363549
363550
363551
363552
363553
363555
363556
363557
363558
363559
363560
363561
363563
363564
363565
363566
363584
363587
363590
363591
363593
363594
363601
363602
363609
363617
363618
363619
363620
363621
363622
363626
363627
363630
363631
363632
363633
363634
363635
363636
363637
363639
363640
363641
363642
363643
363644
363645
363646
363647
363649
363650
363651
363652
363654
363655
363656
363657
363659
363660
363661
363663
363664
363665
363667
363668
363669
363670
363672
363673
363674
363675
363677
363678
363679
363680
363682
363683
363684
363685
363686
363687
363689
363690
363691
363692
363694
363695
363696
363697
363698
363699
363700
363701
363702
363703
363704
363705
363706
363707
363708
363709
363710
363712
363713
363714
363716
363717
363719
363720
363722
363723
363724
363725
363727
363729
363730
363731
363732
363733
363734
363737
363738
363739
363740
363741
363742
363743
363744
363745
363746
363747
363748
363749
