121501
121502
121503
121504
121507
121508
121511
121512
121513
121514
121515
121516
121517
121518
121519
121520
121521
121523
121524
121525
121528
121529
121530
121532
121533
121534
121535
121536
121542
121543
121544
121546
121547
121548
121549
121550
121551
121552
121554
121555
121556
121557
121559
121560
121564
121565
121566
121567
121568
121571
121572
121573
121575
121576
121578
121580
121581
121582
121584
121585
121587
121589
121591
121592
121593
121594
121596
121597
121598
121599
121600
121601
121602
121603
121604
121606
121608
121609
121610
121612
121613
121614
121615
121616
121618
121619
121620
121621
121623
121624
121625
121626
121628
121629
121630
121631
121633
121634
121635
121636
121637
121638
121641
121642
121643
121644
121645
121646
121648
121650
121651
121652
121653
121654
121655
121656
121657
121658
121659
121660
121661
121662
121663
121664
121665
121666
121667
121669
121671
121672
121673
121674
121675
121676
121678
121682
121683
121684
121685
121686
121687
121688
121689
121690
121691
121693
121694
121696
121697
121698
121699
121700
121701
121702
121703
121704
121705
121706
121707
121708
121709
121710
121712
121713
121715
121716
121717
121718
121719
121720
121722
121724
121725
121727
121728
121729
121731
121732
121734
121735
121738
121739
121740
121742
121744
121746
121747
121748
121749
