439751
439752
439753
439754
439755
439756
439757
439759
439760
439762
439766
439767
439771
439772
439773
439774
439775
439776
439777
439781
439782
439786
439787
439789
439790
439791
439795
439796
439800
439801
439805
439806
439807
439808
439809
439810
439811
439812
439814
439815
439816
439817
439818
439819
439820
439821
439822
439823
439824
439825
439826
439827
439828
439829
439830
439834
439835
439839
439840
439841
439842
439843
439844
439845
439846
439847
439848
439852
439853
439857
439858
439862
439863
439869
439870
439874
439875
439879
439880
439886
439887
439888
439889
439890
439891
439892
439896
439897
439898
439899
439900
439901
439902
439903
439904
439905
439906
439907
439909
439910
439914
439915
439919
439920
439924
439925
439929
439930
439931
439932
439936
439937
439938
439939
439940
439942
439943
439944
439945
439946
439947
439949
439950
439951
439952
439953
439954
439955
439956
439957
439958
439959
439960
439961
439962
439963
439964
439967
439968
439969
439970
439971
439972
439973
439974
439977
439978
439979
439980
439981
439982
439984
439985
439986
439987
439988
439989
439990
439992
439993
439994
439995
439997
439998
439999
