133000
133001
133002
133003
133005
133006
133007
133008
133011
133015
133016
133017
133018
133019
133021
133022
133023
133024
133025
133026
133027
133029
133030
133031
133032
133033
133034
133035
133036
133037
133039
133040
133041
133042
133043
133044
133045
133046
133047
133050
133051
133052
133053
133055
133056
133057
133058
133059
133060
133061
133062
133063
133064
133065
133066
133067
133070
133071
133072
133073
133074
133075
133076
133077
133079
133080
133081
133082
133083
133084
133086
133087
133088
133089
133090
133091
133092
133093
133095
133096
133097
133098
133099
133100
133101
133102
133103
133104
133106
133107
133108
133109
133111
133112
133113
133115
133116
133117
133119
133120
133121
133122
133123
133124
133125
133126
133127
133128
133129
133130
133131
133133
133134
133136
133137
133139
133140
133142
133143
133145
133146
133147
133149
133150
133152
133153
133156
133157
133162
133163
133164
133165
133166
133167
133168
133169
133171
133172
133173
133174
133176
133177
133178
133179
133181
133182
133183
133184
133186
133187
133188
133189
133190
133191
133192
133193
133194
133196
133197
133198
133199
133200
133201
133202
133203
133204
133205
133206
133207
133208
133209
133211
133212
133213
133214
133215
133216
133217
133220
133221
133222
133223
133224
133225
133226
133227
133228
133229
133230
133231
133232
133233
133234
133237
133238
133239
133240
133241
133242
133243
133244
133246
133247
133248
133249
