421500
421501
421502
421503
421504
421505
421506
421507
421508
421509
421510
421511
421512
421513
421515
421517
421518
421519
421520
421522
421523
421524
421525
421526
421527
421528
421529
421530
421531
421532
421533
421534
421537
421538
421539
421540
421541
421542
421543
421544
421545
421546
421547
421548
421549
421550
421551
421552
421553
421554
421555
421556
421557
421558
421559
421560
421561
421562
421563
421564
421565
421566
421567
421568
421570
421571
421572
421573
421574
421575
421576
421577
421578
421579
421580
421581
421582
421583
421586
421587
421589
421592
421593
421594
421595
421596
421597
421598
421599
421600
421601
421602
421603
421604
421605
421606
421607
421609
421610
421611
421612
421613
421614
421615
421616
421617
421618
421619
421620
421621
421622
421623
421624
421625
421626
421627
421628
421629
421630
421631
421632
421633
421634
421635
421636
421637
421638
421639
421640
421641
421642
421643
421644
421645
421646
421647
421648
421649
421650
421651
421652
421653
421654
421655
421656
421661
421664
421665
421666
421667
421668
421669
421670
421671
421672
421673
421674
421675
421676
421677
421678
421679
421680
421681
421682
421683
421689
421690
421691
421692
421693
421694
421695
421696
421697
421698
421699
421700
421701
421702
421704
421705
421706
421707
421708
421709
421710
421711
421712
421713
421715
421716
421717
421718
421719
421723
421724
421727
421728
421729
421731
421732
421733
421734
421735
421736
421738
421739
421740
421741
421742
421743
421744
421745
421746
421749
