207252
207253
207254
207255
207256
207257
207260
207261
207263
207264
207265
207266
207267
207268
207269
207270
207271
207272
207273
207274
207275
207276
207277
207278
207279
207280
207281
207282
207283
207284
207286
207287
207288
207289
207290
207291
207292
207293
207294
207295
207296
207297
207298
207299
207300
207301
207302
207303
207304
207305
207306
207307
207308
207309
207310
207311
207312
207313
207314
207315
207316
207317
207318
207319
207320
207321
207322
207323
207326
207329
207331
207332
207333
207334
207335
207337
207338
207341
207342
207343
207344
207346
207347
207349
207350
207352
207353
207354
207358
207359
207362
207363
207364
207365
207366
207367
207368
207369
207373
207374
207375
207377
207378
207380
207381
207382
207383
207384
207387
207388
207389
207391
207392
207393
207394
207395
207396
207397
207398
207399
207400
207401
207402
207403
207404
207405
207406
207407
207408
207409
207411
207412
207413
207414
207415
207416
207417
207418
207419
207420
207421
207422
207423
207424
207425
207426
207427
207428
207429
207430
207431
207432
207433
207434
207436
207437
207438
207439
207440
207441
207442
207443
207444
207445
207446
207447
207448
207449
207450
207451
207452
207453
207454
207455
207457
207458
207459
207460
207461
207462
207464
207465
207466
207467
207468
207469
207470
207471
207472
207473
207474
207475
207476
207477
207478
207479
207480
207481
207482
207483
207484
207486
207488
207489
207490
207491
207493
207494
207495
207496
207497
207498
207499
