414250
414251
414252
414253
414254
414255
414256
414257
414258
414259
414260
414261
414262
414263
414264
414265
414266
414267
414268
414269
414270
414271
414272
414273
414274
414275
414276
414277
414278
414279
414280
414281
414282
414283
414284
414285
414286
414287
414288
414289
414290
414291
414292
414293
414294
414295
414296
414297
414298
414299
414300
414301
414302
414303
414304
414305
414306
414307
414308
414309
414310
414311
414312
414313
414314
414315
414316
414317
414318
414319
414320
414321
414322
414323
414324
414325
414326
414327
414328
414329
414330
414331
414332
414333
414334
414335
414336
414337
414338
414339
414340
414341
414344
414345
414346
414349
414350
414351
414354
414355
414356
414358
414359
414360
414361
414364
414365
414366
414369
414370
414371
414374
414375
414376
414377
414378
414379
414380
414381
414382
414383
414384
414385
414386
414387
414388
414389
414390
414391
414392
414393
414394
414395
414396
414397
414398
414399
414400
414401
414402
414403
414404
414405
414406
414407
414408
414409
414410
414411
414412
414413
414414
414415
414417
414418
414419
414420
414421
414422
414423
414424
414425
414426
414427
414428
414429
414430
414431
414433
414434
414435
414436
414437
414438
414439
414440
414441
414442
414444
414446
414447
414448
414449
414450
414451
414452
414453
414454
414455
414456
414457
414458
414459
414466
414474
414482
414490
414492
414493
414494
414495
414497
414498
414499
