273500
273501
273502
273503
273504
273505
273506
273507
273508
273509
273510
273511
273512
273513
273514
273515
273516
273517
273518
273519
273520
273521
273522
273523
273524
273525
273529
273530
273531
273532
273534
273535
273536
273537
273539
273540
273541
273542
273543
273544
273545
273546
273547
273548
273549
273550
273551
273552
273553
273554
273555
273556
273557
273558
273559
273560
273561
273562
273563
273564
273565
273566
273568
273569
273570
273571
273572
273573
273574
273575
273576
273577
273578
273579
273580
273583
273584
273585
273587
273588
273589
273590
273591
273592
273593
273594
273595
273596
273597
273598
273599
273601
273602
273603
273604
273605
273606
273607
273608
273609
273610
273611
273612
273613
273614
273615
273616
273617
273618
273619
273620
273621
273622
273623
273624
273625
273626
273627
273628
273629
273630
273631
273632
273633
273634
273635
273636
273637
273638
273639
273640
273641
273642
273643
273644
273646
273650
273651
273653
273657
273658
273659
273660
273661
273662
273664
273668
273669
273670
273672
273673
273674
273676
273680
273681
273682
273683
273684
273685
273686
273687
273688
273689
273690
273691
273692
273693
273694
273695
273697
273698
273699
273700
273701
273703
273705
273707
273708
273710
273711
273712
273713
273714
273715
273716
273718
273719
273720
273721
273722
273723
273724
273725
273726
273727
273728
273729
273730
273732
273733
273734
273735
273736
273737
273738
273740
273749
