224500
224502
224503
224504
224506
224507
224508
224509
224510
224511
224512
224513
224514
224516
224518
224519
224520
224522
224523
224524
224525
224526
224527
224528
224529
224530
224532
224534
224535
224536
224538
224539
224540
224541
224542
224543
224544
224545
224546
224548
224550
224551
224552
224553
224554
224556
224557
224558
224559
224560
224562
224563
224564
224565
224566
224568
224569
224570
224571
224572
224574
224575
224576
224577
224578
224580
224581
224582
224583
224584
224586
224587
224588
224589
224590
224592
224593
224594
224595
224597
224598
224599
224601
224602
224603
224604
224605
224606
224607
224610
224611
224613
224614
224615
224616
224618
224619
224620
224621
224622
224624
224626
224627
224628
224629
224630
224631
224632
224633
224634
224638
224639
224640
224641
224642
224643
224645
224646
224647
224648
224649
224650
224651
224652
224653
224654
224655
224656
224657
224658
224659
224660
224661
224663
224664
224665
224666
224667
224668
224670
224671
224672
224673
224674
224675
224676
224677
224678
224679
224680
224681
224682
224683
224684
224685
224686
224688
224689
224690
224692
224693
224694
224695
224696
224697
224698
224699
224700
224701
224703
224704
224705
224706
224707
224708
224709
224710
224711
224713
224714
224716
224717
224720
224721
224722
224723
224724
224725
224726
224727
224728
224729
224730
224731
224732
224733
224736
224737
224738
224744
224745
224746
224747
224748
224749
