182250
182251
182252
182253
182254
182255
182256
182258
182259
182260
182261
182262
182263
182264
182265
182266
182267
182268
182270
182271
182272
182273
182274
182275
182276
182277
182278
182279
182280
182283
182284
182285
182286
182287
182288
182290
182291
182292
182293
182295
182296
182297
182299
182300
182301
182302
182303
182304
182305
182306
182307
182308
182309
182311
182312
182313
182316
182317
182318
182319
182320
182322
182324
182325
182326
182327
182328
182329
182330
182332
182333
182334
182335
182336
182337
182338
182340
182341
182342
182343
182344
182345
182346
182348
182349
182350
182351
182352
182353
182354
182355
182356
182357
182358
182360
182361
182362
182363
182364
182366
182367
182368
182369
182370
182371
182372
182374
182375
182376
182377
182379
182380
182381
182382
182383
182384
182385
182386
182387
182388
182389
182391
182392
182393
182396
182398
182399
182400
182401
182403
182404
182406
182407
182408
182409
182410
182411
182412
182413
182414
182415
182416
182417
182418
182419
182420
182421
182422
182424
182425
182426
182427
182429
182430
182431
182433
182434
182435
182436
182437
182438
182439
182440
182441
182442
182443
182444
182445
182446
182447
182448
182449
182450
182451
182452
182453
182454
182455
182456
182457
182458
182459
182460
182461
182462
182463
182464
182465
182466
182467
182468
182469
182470
182471
182472
182473
182475
182476
182477
182478
182479
182480
182481
182482
182483
182484
182485
182486
182487
182488
182489
182490
182491
182492
182493
182494
182495
182496
182497
