108750
108751
108752
108753
108754
108755
108756
108758
108759
108760
108761
108762
108763
108764
108766
108767
108769
108770
108772
108773
108774
108775
108777
108779
108780
108781
108782
108783
108784
108785
108788
108789
108791
108792
108794
108795
108796
108797
108798
108799
108800
108801
108802
108804
108805
108806
108810
108811
108815
108816
108817
108818
108819
108820
108822
108823
108824
108825
108826
108827
108829
108830
108831
108832
108833
108834
108835
108836
108837
108838
108839
108841
108842
108843
108845
108846
108847
108848
108849
108850
108851
108852
108853
108858
108859
108860
108861
108862
108864
108865
108866
108867
108868
108869
108870
108871
108872
108873
108874
108875
108876
108877
108878
108879
108881
108882
108883
108885
108886
108887
108888
108889
108890
108891
108893
108894
108895
108896
108897
108899
108900
108901
108902
108903
108904
108905
108906
108907
108908
108909
108910
108911
108912
108913
108914
108915
108916
108920
108921
108922
108923
108925
108927
108928
108932
108934
108935
108936
108937
108938
108940
108941
108942
108943
108944
108945
108946
108947
108948
108951
108952
108953
108954
108955
108956
108957
108958
108959
108960
108961
108963
108964
108965
108966
108967
108968
108969
108970
108971
108972
108973
108974
108975
108976
108977
108978
108979
108980
108981
108983
108985
108986
108987
108988
108990
108993
108994
108995
108997
108998
108999
