228003
228004
228005
228006
228007
228008
228009
228012
228013
228014
228015
228016
228017
228018
228019
228020
228021
228022
228023
228024
228025
228026
228027
228028
228029
228030
228031
228033
228035
228036
228037
228038
228042
228043
228044
228045
228046
228047
228051
228052
228053
228055
228056
228057
228059
228060
228061
228062
228063
228064
228065
228067
228068
228069
228070
228071
228073
228074
228075
228077
228078
228079
228080
228081
228082
228083
228084
228086
228087
228088
228089
228090
228091
228092
228093
228094
228095
228096
228097
228098
228099
228103
228104
228105
228107
228108
228109
228110
228112
228113
228114
228115
228116
228117
228118
228120
228121
228127
228128
228129
228130
228131
228132
228133
228134
228138
228140
228142
228143
228144
228145
228146
228147
228148
228149
228150
228152
228153
228154
228155
228156
228157
228158
228159
228160
228161
228162
228164
228166
228167
228168
228169
228170
228171
228172
228175
228176
228177
228178
228179
228180
228181
228182
228183
228184
228185
228186
228187
228188
228189
228190
228191
228192
228194
228195
228196
228197
228198
228199
228200
228203
228204
228205
228206
228207
228208
228209
228210
228211
228212
228215
228216
228217
228218
228219
228220
228222
228223
228224
228225
228226
228227
228228
228230
228231
228232
228233
228234
228235
228236
228237
228238
228239
228240
228241
228242
228243
228245
228246
228247
228248
