145500
145501
145503
145504
145505
145506
145507
145508
145511
145512
145513
145515
145516
145517
145518
145521
145522
145523
145525
145526
145527
145529
145530
145531
145532
145533
145534
145535
145536
145537
145538
145539
145540
145541
145542
145544
145545
145546
145547
145548
145550
145551
145552
145553
145554
145556
145557
145558
145559
145560
145562
145563
145565
145566
145567
145568
145569
145570
145571
145572
145573
145574
145575
145577
145578
145579
145581
145582
145583
145585
145586
145587
145589
145591
145592
145593
145594
145595
145596
145597
145598
145599
145600
145601
145602
145603
145604
145605
145606
145607
145608
145610
145611
145612
145613
145614
145615
145616
145617
145618
145620
145621
145622
145623
145624
145625
145626
145627
145628
145629
145630
145631
145632
145634
145635
145636
145637
145638
145639
145640
145641
145642
145643
145644
145645
145646
145647
145648
145649
145650
145651
145652
145653
145655
145656
145657
145659
145660
145661
145663
145664
145665
145666
145667
145669
145670
145671
145672
145673
145674
145675
145676
145677
145678
145679
145680
145681
145682
145683
145684
145685
145686
145687
145688
145689
145690
145691
145692
145694
145695
145696
145697
145698
145700
145701
145703
145704
145706
145707
145708
145709
145710
145711
145712
145713
145714
145715
145717
145719
145720
145721
145722
145723
145724
145726
145727
145728
145729
145730
145732
145733
145734
145735
145736
145738
145739
145740
145741
145742
145744
145745
145746
145747
145748
