184750
184752
184753
184754
184755
184757
184759
184760
184761
184762
184764
184765
184766
184767
184768
184770
184771
184772
184773
184775
184776
184777
184778
184779
184780
184781
184782
184783
184784
184785
184787
184788
184789
184790
184792
184793
184794
184795
184796
184797
184798
184799
184800
184801
184803
184804
184805
184806
184807
184808
184809
184810
184812
184814
184816
184817
184818
184819
184821
184823
184824
184825
184827
184828
184829
184831
184832
184833
184835
184836
184837
184838
184839
184840
184841
184842
184843
184844
184845
184846
184847
184848
184849
184851
184852
184855
184856
184857
184858
184859
184860
184861
184862
184863
184864
184865
184866
184871
184872
184873
184874
184875
184877
184878
184879
184880
184881
184882
184883
184884
184885
184886
184887
184888
184889
184890
184891
184892
184893
184894
184895
184896
184897
184898
184899
184901
184902
184903
184904
184905
184906
184907
184908
184909
184910
184911
184912
184913
184914
184915
184917
184918
184919
184920
184921
184922
184923
184925
184926
184927
184928
184929
184931
184932
184933
184934
184936
184938
184940
184942
184943
184945
184946
184947
184949
184950
184951
184953
184954
184955
184957
184958
184959
184960
184961
184962
184963
184967
184969
184970
184972
184973
184977
184978
184979
184980
184981
184982
184985
184986
184987
184988
184989
184990
184992
184993
184994
184996
184997
184998
