379250
379254
379255
379259
379260
379261
379262
379263
379264
379265
379267
379268
379269
379270
379271
379272
379273
379274
379275
379276
379280
379281
379282
379283
379284
379285
379287
379288
379292
379294
379295
379296
379297
379298
379299
379300
379301
379302
379304
379305
379306
379308
379309
379310
379312
379313
379314
379315
379316
379317
379318
379319
379321
379322
379323
379324
379325
379326
379327
379328
379329
379330
379331
379332
379333
379334
379335
379336
379337
379338
379341
379343
379344
379345
379347
379348
379349
379350
379351
379352
379353
379354
379355
379356
379358
379359
379360
379361
379362
379363
379365
379367
379368
379369
379370
379371
379374
379375
379376
379377
379378
379379
379380
379381
379382
379383
379384
379385
379386
379387
379388
379389
379390
379394
379397
379398
379399
379402
379403
379404
379405
379406
379407
379408
379409
379410
379412
379413
379414
379415
379416
379417
379418
379420
379421
379422
379423
379424
379425
379426
379427
379428
379429
379430
379431
379432
379433
379434
379435
379436
379437
379438
379439
379440
379441
379442
379443
379444
379446
379447
379448
379449
379450
379451
379452
379453
379454
379455
379456
379457
379459
379460
379461
379463
379464
379466
379467
379469
379470
379471
379472
379473
379474
379476
379477
379478
379479
379480
379481
379482
379483
379484
379486
379487
379488
379489
379490
379491
379492
379493
379494
379495
379496
379497
379499
