500
501
502
503
504
505
506
507
508
509
510
511
512
513
514
515
516
517
518
519
520
521
522
523
525
526
527
528
529
532
533
534
535
536
537
539
540
541
543
547
548
549
550
552
553
555
556
558
559
560
562
566
567
568
569
574
575
576
577
583
587
590
592
593
595
597
598
600
601
602
603
605
607
608
611
617
618
619
624
625
626
627
628
629
630
631
632
636
637
638
639
640
641
642
643
644
645
646
647
648
649
650
651
652
653
654
655
656
657
658
659
660
661
662
663
664
665
666
667
668
669
670
671
672
673
674
675
676
677
678
680
681
682
684
685
686
687
688
689
690
691
692
693
694
695
697
699
700
702
703
704
705
706
707
708
709
710
711
712
713
714
717
718
719
720
721
722
729
730
731
732
733
734
735
736
737
738
739
740
741
742
743
746
747
