134500
134501
134502
134504
134506
134507
134509
134511
134512
134514
134516
134517
134518
134520
134521
134522
134523
134527
134529
134530
134531
134532
134534
134535
134536
134537
134539
134540
134542
134543
134544
134545
134546
134547
134548
134549
134550
134551
134552
134553
134554
134555
134556
134557
134558
134559
134560
134562
134563
134564
134565
134566
134567
134568
134569
134570
134571
134572
134574
134575
134576
134578
134579
134580
134582
134583
134585
134587
134588
134589
134590
134591
134594
134595
134597
134600
134601
134603
134606
134607
134609
134612
134613
134615
134617
134618
134619
134620
134621
134624
134625
134626
134627
134628
134629
134630
134631
134632
134633
134634
134636
134637
134638
134639
134640
134641
134644
134645
134648
134650
134651
134652
134653
134654
134655
134656
134657
134658
134659
134660
134661
134662
134663
134664
134665
134666
134667
134668
134669
134670
134671
134672
134673
134674
134675
134676
134677
134678
134679
134680
134681
134682
134683
134684
134685
134686
134687
134688
134690
134691
134694
134695
134696
134697
134698
134699
134700
134701
134702
134703
134704
134705
134706
134707
134708
134709
134711
134712
134713
134714
134715
134716
134717
134721
134722
134723
134724
134725
134726
134727
134728
134729
134730
134731
134732
134733
134734
134736
134737
134738
134739
134740
134741
134742
134743
134744
134745
134746
134747
134748
