460750
460751
460752
460753
460754
460755
460756
460757
460758
460759
460765
460766
460767
460768
460769
460771
460772
460775
460776
460777
460778
460781
460783
460784
460785
460786
460787
460788
460789
460790
460791
460792
460793
460794
460795
460796
460797
460798
460799
460800
460801
460802
460803
460804
460806
460807
460808
460809
460811
460812
460813
460814
460815
460816
460818
460819
460820
460821
460822
460823
460824
460825
460826
460827
460828
460830
460831
460832
460833
460834
460835
460836
460837
460838
460839
460840
460842
460843
460844
460845
460846
460847
460848
460849
460850
460851
460852
460854
460855
460858
460859
460860
460861
460862
460863
460864
460865
460866
460867
460868
460869
460870
460871
460872
460874
460875
460876
460877
460878
460879
460880
460881
460882
460883
460884
460885
460886
460887
460888
460891
460892
460893
460896
460897
460898
460899
460900
460901
460902
460903
460904
460905
460906
460907
460908
460909
460910
460911
460912
460913
460914
460915
460916
460917
460919
460920
460921
460922
460923
460924
460925
460926
460927
460928
460929
460930
460931
460932
460933
460934
460936
460937
460939
460940
460942
460945
460946
460947
460948
460950
460952
460954
460956
460957
460959
460960
460961
460962
460963
460965
460966
460967
460968
460969
460970
460971
460973
460974
460975
460976
460977
460978
460979
460981
460982
460983
460984
460985
460986
460987
460988
460989
460990
460991
460992
460993
460994
460995
460996
460997
460998
460999
