50750
50752
50753
50754
50756
50759
50760
50761
50762
50763
50764
50765
50766
50767
50768
50769
50770
50771
50772
50773
50774
50775
50776
50777
50778
50779
50780
50781
50782
50783
50784
50785
50787
50788
50789
50790
50792
50793
50794
50795
50798
50799
50800
50801
50802
50803
50805
50806
50807
50808
50809
50810
50811
50812
50813
50815
50816
50817
50818
50819
50820
50821
50822
50823
50825
50826
50827
50828
50829
50830
50831
50833
50834
50835
50836
50837
50838
50839
50840
50841
50842
50843
50845
50846
50849
50850
50851
50853
50854
50855
50856
50857
50860
50861
50863
50864
50865
50866
50867
50868
50871
50872
50873
50875
50876
50877
50878
50879
50885
50889
50893
50897
50898
50900
50901
50902
50904
50905
50906
50907
50911
50912
50913
50914
50915
50916
50920
50921
50922
50923
50924
50926
50927
50928
50929
50931
50933
50938
50939
50940
50941
50942
50943
50944
50945
50946
50948
50949
50950
50951
50952
50953
50954
50955
50957
50958
50959
50960
50961
50963
50964
50965
50966
50967
50968
50970
50972
50973
50974
50975
50976
50977
50979
50981
50982
50983
50984
50985
50986
50988
50990
50991
50992
50993
50994
50995
50997
50999
