138250
138251
138252
138253
138254
138255
138256
138257
138260
138261
138262
138265
138266
138267
138268
138269
138270
138271
138272
138273
138277
138278
138279
138282
138283
138285
138286
138290
138291
138292
138293
138294
138296
138297
138298
138299
138300
138302
138303
138304
138305
138306
138307
138308
138311
138312
138313
138315
138316
138317
138318
138319
138321
138322
138323
138324
138325
138326
138327
138328
138331
138332
138333
138334
138335
138336
138337
138338
138339
138340
138341
138342
138343
138344
138345
138346
138347
138348
138349
138351
138352
138353
138354
138355
138356
138357
138358
138359
138360
138361
138362
138363
138364
138365
138370
138371
138372
138373
138374
138375
138376
138378
138379
138380
138381
138382
138383
138384
138385
138386
138387
138388
138390
138391
138392
138393
138396
138397
138398
138399
138401
138402
138403
138404
138405
138406
138407
138408
138409
138411
138412
138413
138414
138417
138418
138419
138420
138421
138422
138423
138424
138425
138426
138427
138428
138429
138431
138432
138433
138434
138435
138436
138437
138438
138439
138440
138441
138442
138443
138444
138445
138446
138447
138449
138450
138451
138452
138453
138454
138455
138456
138457
138458
138459
138460
138461
138462
138463
138464
138465
138466
138468
138469
138470
138471
138472
138473
138474
138475
138476
138478
138479
138482
138483
138484
138485
138487
138488
138489
138490
138491
138492
138493
138494
138495
138496
138498
138499
