330750
330751
330752
330753
330754
330755
330756
330757
330758
330759
330760
330761
330769
330770
330771
330772
330773
330774
330775
330776
330777
330778
330779
330780
330781
330782
330783
330784
330786
330787
330788
330789
330791
330792
330793
330794
330795
330796
330797
330798
330799
330800
330801
330802
330803
330804
330805
330806
330807
330808
330809
330810
330811
330812
330813
330814
330815
330816
330817
330818
330819
330820
330821
330822
330823
330824
330825
330826
330827
330828
330829
330830
330831
330832
330833
330834
330835
330836
330837
330838
330839
330840
330841
330842
330843
330844
330845
330848
330850
330851
330852
330853
330855
330856
330857
330858
330859
330860
330861
330862
330864
330865
330866
330867
330868
330869
330870
330871
330873
330874
330875
330876
330877
330878
330879
330880
330881
330882
330884
330885
330886
330887
330888
330889
330890
330891
330892
330894
330895
330896
330897
330898
330899
330900
330901
330902
330904
330905
330906
330907
330910
330912
330914
330915
330916
330917
330919
330920
330921
330922
330924
330925
330926
330927
330929
330930
330931
330932
330934
330935
330936
330937
330939
330940
330941
330942
330943
330945
330946
330948
330949
330950
330951
330953
330954
330955
330957
330958
330959
330961
330962
330963
330965
330966
330967
330968
330969
330970
330971
330972
330973
330974
330975
330976
330977
330981
330982
330983
330984
330985
330989
330991
330992
330993
330994
330995
330996
330997
330998
330999
