42251
42252
42253
42254
42255
42256
42258
42260
42261
42262
42264
42266
42267
42268
42270
42272
42273
42274
42276
42278
42279
42280
42282
42284
42285
42286
42287
42288
42289
42290
42291
42292
42294
42295
42296
42297
42299
42300
42301
42303
42304
42306
42307
42308
42309
42311
42312
42313
42315
42316
42317
42318
42319
42323
42324
42325
42326
42327
42328
42329
42330
42331
42333
42337
42338
42339
42340
42341
42342
42343
42344
42345
42346
42347
42348
42349
42351
42352
42354
42355
42356
42357
42358
42359
42360
42361
42362
42363
42364
42365
42366
42367
42368
42369
42370
42371
42372
42374
42375
42376
42377
42378
42379
42380
42381
42382
42383
42384
42385
42386
42387
42389
42390
42391
42392
42393
42394
42395
42396
42397
42398
42399
42400
42401
42403
42404
42405
42406
42407
42409
42410
42418
42419
42420
42421
42422
42423
42425
42427
42428
42430
42431
42432
42439
42440
42441
42442
42443
42445
42446
42447
42448
42450
42451
42452
42453
42455
42457
42458
42459
42460
42461
42462
42463
42465
42466
42467
42468
42469
42471
42472
42473
42477
42478
42479
42480
42481
42482
42484
42486
42487
42488
42490
42492
42494
42496
42498
