416000
416001
416002
416004
416005
416006
416007
416008
416009
416010
416011
416012
416013
416015
416016
416017
416018
416019
416020
416021
416023
416024
416025
416026
416027
416028
416029
416031
416032
416033
416034
416035
416037
416038
416039
416040
416042
416043
416044
416045
416046
416047
416048
416049
416050
416051
416052
416053
416054
416055
416056
416057
416058
416060
416061
416062
416063
416064
416065
416067
416068
416069
416070
416071
416072
416073
416074
416075
416076
416077
416078
416079
416080
416081
416082
416083
416084
416085
416087
416088
416089
416090
416091
416092
416093
416094
416095
416096
416097
416098
416099
416101
416103
416104
416106
416107
416109
416111
416112
416113
416115
416118
416119
416120
416121
416122
416123
416124
416126
416127
416128
416131
416132
416133
416134
416136
416137
416140
416141
416142
416143
416145
416146
416147
416148
416149
416150
416152
416153
416154
416155
416157
416158
416159
416160
416161
416162
416164
416165
416166
416167
416168
416169
416171
416172
416173
416176
416177
416178
416179
416180
416181
416182
416183
416185
416186
416187
416188
416189
416190
416191
416192
416193
416194
416195
416196
416197
416198
416199
416200
416201
416202
416203
416204
416205
416206
416207
416208
416209
416210
416211
416212
416213
416214
416216
416217
416218
416219
416220
416221
416222
416228
416229
416230
416231
416232
416233
416235
416236
416237
416238
416239
416241
416242
416244
416246
416249
