85000
85002
85003
85005
85006
85007
85008
85009
85010
85011
85012
85013
85014
85015
85016
85017
85018
85019
85020
85021
85022
85023
85024
85025
85026
85028
85029
85030
85031
85032
85034
85035
85036
85037
85039
85040
85041
85042
85043
85044
85045
85046
85047
85050
85051
85053
85054
85055
85056
85057
85058
85059
85060
85063
85064
85065
85066
85069
85070
85071
85072
85074
85075
85076
85078
85079
85080
85083
85084
85086
85087
85088
85089
85090
85091
85092
85093
85094
85096
85097
85098
85099
85100
85102
85103
85104
85105
85106
85107
85108
85109
85110
85111
85112
85114
85115
85119
85120
85121
85122
85123
85124
85125
85126
85131
85133
85134
85135
85136
85137
85139
85140
85141
85142
85143
85144
85146
85147
85148
85149
85150
85151
85152
85153
85154
85155
85156
85157
85158
85159
85160
85161
85162
85163
85164
85165
85166
85168
85170
85171
85173
85175
85177
85178
85180
85181
85182
85183
85184
85185
85186
85188
85189
85190
85191
85193
85195
85198
85199
85200
85201
85202
85203
85205
85208
85211
85213
85216
85217
85218
85219
85220
85221
85222
85224
85225
85226
85227
85228
85230
85231
85232
85233
85234
85235
85236
85237
85239
85240
85241
85242
85243
85244
85246
85247
85248
