219000
219001
219002
219003
219004
219005
219006
219007
219009
219011
219012
219013
219014
219015
219016
219017
219018
219019
219020
219022
219024
219025
219026
219027
219028
219031
219032
219034
219035
219036
219037
219039
219040
219043
219044
219045
219046
219047
219048
219049
219050
219052
219054
219055
219056
219057
219058
219059
219060
219061
219062
219064
219065
219067
219068
219069
219070
219071
219073
219075
219076
219077
219078
219079
219081
219083
219084
219085
219088
219090
219093
219095
219098
219100
219103
219105
219106
219107
219108
219111
219113
219116
219118
219119
219120
219121
219122
219124
219126
219127
219128
219129
219130
219132
219133
219134
219135
219137
219138
219139
219140
219142
219143
219144
219145
219146
219147
219148
219149
219150
219151
219154
219155
219156
219157
219158
219160
219161
219162
219163
219168
219169
219170
219171
219172
219173
219174
219175
219176
219177
219178
219179
219180
219181
219182
219183
219184
219185
219186
219187
219188
219189
219190
219191
219192
219193
219194
219195
219196
219197
219198
219199
219200
219201
219203
219204
219205
219206
219208
219209
219210
219211
219212
219213
219214
219215
219216
219217
219218
219219
219222
219223
219224
219225
219228
219229
219230
219231
219232
219233
219237
219238
219239
219240
219241
219242
219243
219244
219245
219246
219247
219248
