273750
273751
273752
273753
273755
273756
273757
273758
273759
273760
273761
273762
273763
273764
273765
273766
273768
273769
273770
273771
273772
273773
273774
273775
273776
273777
273778
273779
273780
273781
273783
273784
273785
273786
273787
273788
273790
273791
273792
273793
273794
273795
273797
273798
273799
273800
273801
273802
273804
273805
273806
273807
273808
273809
273810
273811
273812
273813
273814
273815
273816
273817
273819
273820
273821
273822
273823
273824
273825
273826
273827
273828
273830
273832
273833
273834
273835
273836
273837
273838
273840
273841
273842
273843
273844
273845
273846
273847
273848
273849
273850
273851
273853
273854
273855
273856
273857
273858
273859
273860
273861
273862
273863
273864
273865
273866
273867
273868
273871
273872
273873
273875
273876
273877
273878
273879
273880
273881
273882
273883
273884
273885
273886
273887
273888
273889
273890
273891
273892
273893
273894
273895
273896
273897
273898
273899
273900
273901
273902
273904
273905
273906
273907
273908
273909
273910
273911
273912
273913
273914
273915
273916
273917
273918
273919
273920
273921
273922
273923
273924
273925
273929
273930
273931
273932
273934
273935
273937
273938
273939
273940
273941
273942
273943
273944
273945
273947
273948
273949
273950
273951
273952
273953
273954
273955
273956
273957
273958
273959
273960
273961
273962
273964
273965
273966
273967
273969
273970
273971
273972
273973
273974
273976
273977
273978
273979
273980
273981
273983
273984
273985
273986
273987
273988
273991
273993
273994
273995
273996
273997
273998
273999
