225252
225253
225254
225255
225256
225258
225259
225260
225261
225264
225265
225266
225267
225268
225269
225270
225271
225272
225273
225275
225276
225277
225280
225281
225282
225284
225285
225286
225288
225289
225290
225292
225293
225294
225295
225297
225299
225300
225301
225302
225303
225304
225305
225306
225307
225308
225310
225311
225312
225313
225314
225315
225316
225317
225318
225319
225320
225321
225322
225323
225324
225326
225327
225328
225330
225331
225332
225333
225334
225335
225336
225337
225339
225340
225341
225342
225343
225344
225345
225346
225348
225349
225351
225352
225353
225355
225356
225357
225358
225359
225360
225361
225364
225365
225367
225368
225370
225371
225372
225373
225375
225376
225377
225378
225379
225381
225382
225385
225386
225387
225388
225389
225390
225391
225392
225393
225394
225395
225396
225397
225398
225399
225400
225402
225403
225405
225406
225407
225408
225410
225411
225412
225413
225414
225416
225417
225418
225419
225423
225424
225425
225426
225427
225428
225430
225431
225432
225433
225434
225435
225436
225437
225438
225439
225441
225442
225443
225444
225445
225446
225447
225448
225449
225450
225451
225452
225453
225454
225455
225456
225457
225459
225460
225462
225463
225464
225466
225467
225469
225470
225472
225473
225474
225475
225476
225477
225478
225479
225480
225481
225482
225483
225484
225485
225486
225487
225488
225490
225491
225493
225495
225497
225498
225499
