156750
156751
156752
156753
156754
156755
156756
156757
156758
156760
156761
156762
156763
156764
156766
156767
156768
156769
156770
156771
156773
156775
156776
156777
156778
156779
156780
156781
156782
156783
156784
156785
156786
156787
156789
156790
156791
156792
156793
156794
156796
156798
156800
156801
156802
156803
156804
156805
156807
156808
156809
156810
156812
156813
156814
156815
156817
156818
156819
156820
156821
156822
156824
156827
156830
156831
156833
156838
156842
156843
156844
156845
156846
156847
156849
156850
156851
156853
156854
156855
156856
156858
156859
156860
156861
156862
156863
156865
156866
156867
156868
156869
156870
156873
156874
156876
156877
156878
156881
156882
156885
156886
156887
156888
156889
156890
156891
156892
156894
156895
156896
156898
156899
156900
156902
156903
156904
156905
156907
156910
156911
156912
156913
156915
156917
156918
156920
156921
156922
156923
156924
156926
156929
156932
156935
156939
156940
156941
156942
156944
156946
156947
156949
156950
156951
156952
156953
156954
156955
156957
156958
156959
156960
156961
156962
156964
156965
156967
156968
156969
156970
156972
156975
156976
156977
156978
156979
156981
156982
156983
156985
156986
156987
156988
156989
156990
156991
156994
156996
156997
156998
156999
