226501
226502
226503
226504
226505
226506
226507
226508
226509
226510
226511
226513
226515
226516
226518
226520
226521
226522
226523
226524
226525
226526
226527
226528
226529
226530
226531
226532
226533
226534
226535
226536
226537
226540
226541
226542
226544
226547
226548
226549
226551
226552
226553
226555
226556
226557
226559
226560
226561
226563
226564
226565
226567
226568
226569
226571
226572
226573
226575
226576
226577
226579
226580
226581
226583
226584
226585
226586
226587
226588
226589
226590
226591
226592
226593
226594
226595
226596
226597
226599
226601
226602
226605
226606
226607
226608
226609
226610
226611
226612
226613
226614
226615
226616
226617
226618
226619
226620
226621
226622
226623
226624
226625
226626
226627
226628
226629
226630
226631
226632
226633
226634
226637
226640
226641
226642
226643
226644
226645
226646
226647
226648
226650
226651
226652
226654
226656
226657
226658
226660
226661
226663
226664
226668
226669
226670
226671
226672
226673
226674
226677
226679
226680
226681
226683
226684
226685
226686
226687
226688
226690
226691
226692
226694
226696
226697
226699
226701
226702
226703
226704
226705
226707
226709
226710
226711
226713
226716
226717
226718
226719
226720
226721
226722
226723
226724
226725
226726
226727
226729
226730
226731
226733
226734
226735
226737
226738
226739
226742
226743
226744
226746
226747
226748
226749
