15250
15251
15253
15254
15256
15257
15258
15260
15261
15262
15263
15264
15266
15267
15268
15269
15270
15271
15272
15274
15275
15276
15277
15278
15279
15281
15282
15283
15284
15285
15286
15288
15289
15290
15291
15292
15293
15295
15297
15298
15299
15300
15301
15302
15303
15304
15305
15307
15308
15309
15310
15312
15314
15315
15316
15317
15319
15320
15322
15323
15324
15325
15326
15327
15328
15329
15332
15333
15334
15335
15338
15339
15341
15342
15343
15347
15348
15349
15350
15351
15352
15353
15354
15358
15359
15360
15361
15362
15363
15365
15366
15367
15368
15369
15370
15371
15372
15373
15374
15375
15376
15377
15378
15379
15380
15381
15382
15383
15384
15385
15386
15387
15388
15390
15392
15393
15394
15395
15396
15397
15398
15399
15400
15401
15402
15403
15404
15405
15407
15408
15409
15410
15412
15413
15414
15415
15417
15418
15419
15420
15422
15423
15424
15425
15427
15428
15429
15430
15432
15433
15434
15435
15437
15438
15439
15440
15441
15442
15443
15444
15446
15447
15448
15449
15450
15451
15452
15454
15455
15456
15457
15458
15459
15460
15461
15462
15463
15464
15465
15466
15467
15468
15469
15470
15471
15472
15474
15475
15476
15478
15479
15480
15481
15483
15484
15485
15486
15487
15489
15491
15492
15493
15494
15495
15496
15497
15498
15499
