124250
124251
124252
124253
124254
124255
124256
124257
124258
124259
124260
124262
124263
124264
124267
124268
124269
124271
124272
124273
124274
124275
124276
124277
124278
124279
124281
124282
124283
124284
124286
124287
124288
124293
124294
124296
124297
124298
124299
124301
124302
124303
124304
124305
124306
124307
124308
124309
124310
124311
124312
124313
124314
124315
124316
124317
124318
124319
124320
124321
124322
124323
124324
124325
124327
124329
124330
124331
124332
124334
124336
124337
124338
124339
124340
124341
124342
124343
124346
124347
124351
124353
124354
124360
124361
124362
124363
124365
124366
124370
124371
124372
124373
124376
124377
124381
124382
124384
124385
124387
124388
124390
124393
124394
124396
124397
124400
124401
124403
124404
124405
124406
124407
124408
124410
124411
124412
124414
124415
124416
124417
124420
124421
124424
124425
124429
124430
124431
124432
124434
124435
124436
124437
124439
124440
124441
124442
124444
124445
124446
124447
124449
124450
124451
124452
124453
124454
124455
124456
124457
124458
124460
124462
124463
124464
124465
124466
124467
124468
124470
124472
124474
124475
124476
124477
124479
124480
124481
124482
124484
124485
124486
124487
124489
124490
124491
124492
124494
124495
124496
124497
124499
