30500
30501
30502
30503
30504
30505
30506
30507
30508
30509
30510
30511
30512
30513
30514
30515
30516
30519
30520
30521
30522
30523
30524
30527
30528
30530
30531
30533
30534
30535
30536
30537
30538
30545
30546
30547
30548
30549
30551
30552
30553
30554
30556
30558
30559
30560
30561
30562
30564
30565
30566
30567
30571
30572
30573
30574
30575
30576
30577
30578
30581
30582
30583
30584
30585
30586
30587
30588
30590
30592
30593
30594
30596
30602
30603
30610
30612
30613
30615
30616
30617
30618
30619
30620
30621
30624
30625
30626
30628
30630
30631
30632
30633
30634
30635
30637
30638
30639
30642
30643
30644
30645
30648
30649
30650
30651
30654
30655
30656
30661
30662
30667
30669
30670
30671
30672
30674
30675
30676
30677
30678
30679
30680
30681
30684
30685
30686
30687
30688
30689
30690
30691
30692
30693
30694
30695
30696
30697
30698
30699
30700
30703
30704
30705
30706
30707
30708
30709
30710
30711
30712
30713
30714
30715
30716
30717
30718
30720
30721
30723
30724
30725
30727
30728
30729
30730
30733
30735
30736
30737
30738
30742
30743
30744
30747
30748
30749
