460250
460251
460252
460253
460254
460255
460256
460257
460258
460260
460261
460262
460264
460265
460266
460267
460268
460271
460272
460273
460274
460276
460278
460279
460280
460281
460282
460283
460284
460285
460287
460288
460289
460290
460291
460292
460293
460295
460296
460297
460298
460299
460300
460301
460302
460303
460305
460307
460309
460311
460314
460317
460318
460319
460320
460321
460322
460323
460324
460325
460326
460327
460329
460330
460331
460333
460334
460335
460336
460338
460339
460340
460341
460343
460344
460345
460346
460347
460348
460349
460350
460352
460353
460354
460355
460357
460358
460359
460360
460361
460362
460363
460364
460365
460367
460369
460370
460371
460372
460375
460376
460377
460381
460382
460383
460385
460386
460388
460389
460391
460392
460394
460395
460396
460397
460398
460400
460401
460403
460404
460405
460406
460407
460409
460410
460411
460412
460413
460415
460416
460417
460418
460419
460421
460423
460425
460426
460427
460428
460429
460430
460432
460433
460434
460435
460436
460437
460438
460439
460440
460441
460442
460443
460444
460445
460446
460447
460449
460450
460452
460453
460454
460455
460456
460457
460458
460459
460460
460461
460462
460463
460464
460465
460466
460467
460468
460469
460470
460471
460472
460473
460474
460475
460476
460477
460478
460479
460480
460481
460482
460483
460484
460485
460486
460487
460488
460489
460491
460492
460493
460494
460495
460496
460497
460498
460499
