57250
57251
57252
57253
57254
57255
57256
57257
57258
57259
57260
57261
57262
57263
57264
57265
57266
57268
57270
57271
57272
57273
57274
57275
57276
57277
57278
57279
57280
57281
57282
57283
57285
57286
57287
57288
57289
57290
57291
57292
57293
57294
57295
57296
57297
57298
57299
57300
57301
57302
57303
57304
57305
57306
57307
57308
57309
57312
57313
57314
57315
57316
57317
57318
57319
57320
57321
57322
57324
57325
57326
57327
57328
57329
57330
57331
57332
57333
57335
57336
57337
57338
57340
57341
57342
57343
57344
57345
57346
57347
57348
57349
57350
57351
57352
57353
57354
57355
57356
57357
57358
57359
57360
57361
57362
57363
57364
57365
57366
57367
57368
57369
57370
57371
57372
57373
57374
57375
57376
57377
57378
57379
57380
57381
57382
57383
57384
57385
57386
57387
57388
57389
57391
57394
57396
57397
57398
57400
57402
57404
57405
57406
57407
57408
57409
57411
57412
57414
57415
57416
57417
57418
57419
57420
57421
57422
57423
57424
57425
57426
57427
57429
57430
57431
57432
57433
57434
57435
57436
57437
57438
57439
57440
57441
57442
57443
57444
57445
57446
57447
57448
57450
57452
57453
57454
57455
57456
57457
57458
57460
57463
57465
57466
57467
57468
57469
57470
57472
57474
57475
57476
57477
57479
57482
57483
57484
57486
57487
57488
57489
57490
57491
57492
57493
57494
57495
57496
57497
57498
57499
