221000
221001
221002
221003
221005
221006
221007
221008
221009
221010
221011
221012
221013
221014
221015
221016
221017
221018
221019
221022
221023
221024
221025
221026
221027
221028
221029
221030
221031
221032
221033
221034
221035
221036
221038
221039
221041
221042
221043
221044
221045
221046
221049
221050
221051
221052
221053
221054
221055
221056
221058
221059
221061
221062
221063
221064
221065
221066
221067
221068
221069
221070
221071
221072
221073
221074
221075
221076
221077
221078
221081
221082
221083
221084
221085
221087
221088
221089
221090
221091
221092
221093
221094
221095
221096
221097
221098
221099
221100
221101
221102
221103
221104
221105
221106
221107
221108
221109
221110
221111
221112
221113
221114
221115
221116
221117
221119
221120
221121
221124
221125
221126
221127
221128
221129
221130
221131
221132
221133
221134
221135
221136
221137
221138
221140
221141
221142
221144
221145
221146
221147
221148
221150
221152
221153
221154
221156
221157
221158
221160
221161
221163
221164
221165
221167
221168
221169
221170
221171
221172
221173
221175
221176
221179
221180
221181
221182
221183
221185
221186
221187
221188
221190
221191
221192
221193
221194
221195
221197
221198
221199
221201
221202
221203
221205
221206
221207
221208
221210
221211
221212
221213
221214
221215
221216
221219
221220
221221
221222
221223
221224
221225
221226
221227
221228
221229
221230
221231
221232
221235
221236
221237
221238
221240
221241
221242
221243
221248
221249
