236251
236252
236253
236254
236255
236256
236258
236259
236260
236261
236262
236263
236264
236265
236266
236269
236270
236271
236273
236274
236277
236279
236280
236282
236283
236284
236285
236286
236287
236288
236289
236290
236293
236294
236295
236296
236297
236298
236299
236300
236303
236304
236305
236306
236307
236309
236310
236311
236312
236313
236314
236315
236316
236317
236318
236319
236320
236321
236322
236323
236326
236327
236328
236329
236330
236331
236332
236333
236334
236335
236337
236338
236339
236340
236341
236342
236343
236344
236345
236346
236347
236348
236349
236351
236352
236353
236354
236355
236356
236357
236358
236359
236360
236361
236363
236364
236365
236366
236368
236369
236370
236371
236372
236373
236374
236375
236376
236377
236378
236379
236380
236381
236382
236383
236384
236385
236386
236387
236388
236389
236390
236391
236392
236393
236394
236395
236396
236397
236398
236399
236400
236401
236402
236404
236405
236406
236408
236409
236410
236411
236412
236413
236415
236417
236419
236420
236421
236422
236424
236425
236426
236427
236429
236430
236431
236432
236433
236434
236435
236436
236437
236439
236440
236441
236442
236443
236444
236445
236446
236447
236448
236449
236450
236451
236452
236453
236454
236455
236456
236457
236458
236459
236463
236464
236465
236466
236467
236468
236469
236470
236471
236472
236473
236474
236475
236476
236477
236478
236479
236480
236481
236483
236484
236485
236486
236487
236488
236489
236490
236491
236492
236495
236496
236497
236498
236499
