167500
167501
167502
167503
167504
167505
167506
167507
167508
167509
167511
167512
167513
167514
167515
167516
167517
167518
167519
167520
167521
167523
167524
167525
167526
167527
167528
167529
167531
167532
167534
167536
167538
167539
167540
167541
167542
167545
167548
167549
167550
167551
167552
167553
167554
167556
167557
167558
167562
167564
167565
167566
167567
167569
167570
167572
167573
167574
167575
167576
167577
167578
167579
167580
167581
167583
167584
167585
167587
167592
167594
167595
167596
167597
167598
167599
167600
167601
167602
167603
167604
167605
167606
167608
167609
167610
167611
167612
167613
167614
167615
167616
167617
167618
167619
167620
167622
167623
167624
167625
167626
167627
167629
167630
167631
167633
167634
167636
167637
167640
167644
167645
167646
167650
167651
167652
167653
167654
167657
167658
167659
167660
167662
167663
167664
167665
167666
167667
167668
167669
167670
167671
167672
167673
167674
167675
167676
167677
167678
167679
167680
167681
167682
167683
167684
167687
167691
167695
167698
167699
167700
167701
167703
167704
167705
167706
167707
167708
167709
167710
167712
167713
167715
167718
167719
167720
167721
167723
167724
167725
167727
167728
167729
167730
167731
167732
167733
167734
167735
167736
167737
167738
167739
167740
167741
167742
167743
167744
167745
167746
167748
167749
