188750
188751
188752
188753
188754
188755
188756
188758
188759
188760
188761
188762
188763
188764
188765
188766
188767
188768
188769
188770
188771
188772
188773
188774
188775
188776
188777
188778
188779
188780
188781
188782
188783
188784
188785
188786
188787
188788
188789
188790
188791
188792
188793
188794
188795
188796
188797
188798
188799
188800
188802
188803
188805
188806
188807
188808
188811
188813
188814
188815
188816
188819
188820
188822
188823
188824
188825
188826
188827
188828
188829
188830
188832
188833
188834
188835
188836
188838
188839
188840
188841
188842
188844
188845
188846
188847
188848
188849
188851
188852
188853
188854
188855
188856
188858
188859
188860
188861
188862
188863
188865
188866
188868
188869
188870
188871
188872
188874
188875
188876
188877
188878
188879
188880
188882
188883
188884
188885
188886
188887
188888
188889
188890
188891
188892
188893
188894
188896
188897
188898
188901
188902
188903
188904
188905
188907
188908
188909
188910
188911
188913
188914
188917
188918
188919
188920
188921
188922
188923
188924
188925
188926
188927
188928
188929
188930
188931
188932
188933
188934
188935
188936
188937
188938
188939
188940
188941
188942
188943
188944
188948
188950
188951
188952
188953
188954
188955
188956
188957
188958
188959
188960
188961
188962
188963
188964
188965
188966
188967
188968
188969
188970
188971
188972
188973
188974
188975
188976
188977
188978
188979
188980
188982
188983
188984
188985
188986
188989
188990
188992
188993
188994
188995
188996
188998
188999
