100000
100001
100003
100004
100005
100006
100007
100008
100010
100011
100013
100014
100015
100016
100017
100018
100019
100020
100021
100022
100023
100024
100026
100027
100028
100029
100030
100031
100032
100033
100034
100035
100036
100038
100039
100040
100041
100042
100043
100044
100045
100046
100047
100048
100049
100050
100051
100052
100053
100054
100055
100056
100057
100059
100060
100061
100062
100063
100065
100066
100067
100069
100070
100071
100072
100073
100074
100076
100077
100078
100079
100080
100081
100082
100083
100084
100085
100086
100088
100089
100091
100092
100093
100094
100095
100096
100099
100102
100103
100104
100105
100106
100107
100108
100110
100111
100112
100113
100114
100115
100116
100118
100119
100120
100121
100123
100124
100129
100130
100131
100133
100134
100135
100136
100137
100142
100146
100150
100151
100152
100153
100154
100155
100156
100157
100158
100159
100161
100162
100163
100164
100166
100167
100168
100169
100172
100174
100175
100176
100177
100178
100182
100184
100185
100187
100188
100189
100190
100191
100192
100193
100194
100196
100197
100198
100199
100200
100201
100202
100203
100204
100205
100206
100207
100208
100209
100211
100212
100213
100214
100215
100216
100217
100219
100220
100221
100222
100223
100224
100225
100227
100228
100229
100230
100231
100232
100233
100235
100236
100239
100242
100243
100244
100246
100247
100248
100249
