282751
282752
282753
282754
282755
282756
282757
282759
282760
282761
282763
282764
282765
282767
282768
282769
282770
282772
282777
282778
282779
282780
282781
282782
282783
282786
282787
282788
282791
282792
282793
282794
282796
282797
282798
282799
282801
282802
282805
282806
282807
282808
282810
282811
282812
282813
282815
282816
282817
282818
282819
282820
282821
282822
282824
282825
282826
282828
282829
282830
282831
282832
282833
282834
282835
282836
282837
282838
282839
282840
282842
282843
282844
282847
282848
282850
282851
282852
282853
282854
282855
282856
282857
282858
282860
282862
282863
282864
282865
282866
282867
282868
282869
282870
282871
282872
282874
282875
282876
282877
282878
282879
282880
282881
282882
282883
282884
282885
282886
282887
282888
282889
282890
282891
282892
282893
282894
282895
282896
282897
282899
282900
282901
282902
282903
282904
282906
282907
282908
282909
282910
282911
282912
282913
282914
282915
282916
282917
282918
282919
282920
282921
282922
282923
282924
282925
282926
282927
282928
282929
282930
282931
282932
282933
282934
282935
282936
282937
282938
282939
282940
282941
282942
282943
282944
282945
282946
282947
282948
282949
282950
282951
282952
282953
282954
282955
282956
282957
282958
282959
282960
282961
282962
282963
282964
282965
282966
282967
282968
282969
282970
282971
282972
282973
282974
282975
282976
282977
282978
282979
282980
282981
282982
282983
282984
282985
282986
282987
282988
282989
282990
282991
282992
282993
282994
282995
282996
282997
282998
282999
