329000
329001
329002
329003
329005
329006
329008
329009
329010
329012
329013
329015
329016
329017
329018
329019
329020
329021
329022
329023
329024
329025
329026
329027
329028
329029
329030
329031
329032
329033
329034
329035
329036
329037
329038
329039
329040
329041
329042
329043
329044
329045
329046
329047
329048
329049
329050
329051
329052
329053
329054
329055
329056
329057
329058
329059
329060
329061
329062
329063
329064
329065
329066
329067
329068
329069
329070
329071
329072
329073
329074
329075
329076
329077
329079
329080
329081
329084
329085
329088
329089
329090
329091
329092
329093
329094
329096
329097
329098
329099
329100
329101
329102
329103
329104
329105
329106
329107
329108
329109
329110
329111
329112
329113
329114
329115
329116
329117
329119
329120
329121
329122
329123
329124
329125
329127
329128
329129
329130
329131
329132
329133
329135
329136
329137
329138
329139
329140
329141
329143
329144
329146
329148
329150
329154
329155
329156
329157
329158
329159
329160
329161
329162
329163
329164
329165
329166
329167
329168
329169
329170
329172
329173
329174
329175
329176
329177
329178
329179
329180
329181
329182
329183
329184
329185
329186
329187
329189
329190
329192
329193
329194
329195
329196
329197
329198
329199
329200
329201
329202
329203
329204
329205
329206
329207
329208
329209
329210
329211
329213
329215
329216
329217
329218
329219
329220
329221
329222
329223
329224
329225
329226
329227
329228
329230
329231
329232
329234
329236
329238
329239
329240
329242
329244
329245
329246
329247
329248
329249
