209500
209502
209503
209504
209505
209506
209507
209509
209510
209512
209513
209514
209516
209517
209518
209519
209520
209522
209523
209525
209526
209527
209528
209529
209530
209531
209533
209534
209535
209536
209537
209538
209539
209541
209542
209543
209544
209545
209546
209547
209548
209549
209550
209551
209552
209554
209556
209557
209558
209559
209560
209561
209562
209564
209565
209566
209567
209568
209569
209570
209571
209572
209573
209574
209575
209576
209579
209581
209582
209583
209584
209585
209586
209587
209588
209589
209590
209591
209592
209593
209594
209595
209596
209597
209598
209599
209600
209603
209604
209605
209606
209607
209609
209611
209613
209615
209617
209618
209619
209620
209621
209622
209623
209624
209625
209626
209627
209628
209629
209630
209631
209632
209633
209634
209635
209636
209637
209638
209639
209640
209643
209644
209645
209646
209648
209649
209650
209651
209652
209653
209655
209656
209657
209658
209659
209660
209661
209662
209663
209664
209665
209666
209667
209669
209670
209671
209672
209673
209674
209675
209676
209677
209678
209679
209680
209681
209682
209683
209684
209685
209686
209687
209688
209689
209690
209691
209692
209693
209694
209696
209697
209700
209701
209702
209703
209704
209705
209706
209708
209709
209710
209711
209713
209714
209715
209716
209718
209719
209720
209721
209722
209723
209724
209726
209727
209728
209729
209730
209731
209732
209733
209734
209739
209740
209741
209742
209746
209747
209748
