157001
157002
157004
157006
157007
157008
157009
157010
157013
157015
157016
157018
157019
157020
157021
157022
157023
157025
157026
157027
157029
157031
157032
157033
157034
157035
157036
157038
157039
157040
157041
157042
157043
157045
157046
157047
157048
157049
157050
157051
157053
157054
157055
157056
157057
157058
157059
157060
157062
157063
157064
157065
157066
157067
157068
157069
157071
157075
157076
157077
157078
157080
157082
157084
157085
157087
157088
157089
157090
157091
157092
157094
157096
157097
157099
157100
157101
157102
157103
157104
157105
157106
157107
157108
157109
157110
157111
157112
157114
157115
157116
157117
157118
157119
157120
157121
157122
157124
157126
157127
157128
157130
157132
157133
157134
157136
157137
157138
157141
157143
157144
157146
157147
157149
157150
157151
157154
157156
157157
157159
157160
157162
157163
157164
157167
157169
157170
157172
157173
157175
157176
157177
157180
157182
157183
157185
157186
157188
157189
157190
157193
157195
157196
157198
157200
157202
157203
157204
157205
157206
157207
157209
157210
157211
157212
157213
157214
157216
157217
157218
157219
157220
157221
157222
157223
157224
157225
157226
157228
157229
157230
157231
157232
157233
157234
157235
157236
157238
157239
157240
157241
157242
157243
157245
157247
157248
157249
