27500
27501
27502
27503
27504
27507
27508
27509
27510
27511
27513
27514
27516
27517
27518
27519
27520
27521
27522
27523
27524
27525
27526
27528
27529
27530
27531
27532
27533
27536
27540
27541
27542
27543
27544
27545
27546
27548
27549
27550
27551
27552
27553
27554
27555
27556
27557
27559
27560
27561
27562
27563
27564
27565
27566
27567
27568
27569
27570
27571
27572
27573
27574
27575
27577
27579
27580
27581
27582
27583
27584
27585
27586
27587
27588
27589
27590
27591
27592
27593
27595
27596
27598
27599
27600
27602
27603
27604
27605
27606
27607
27608
27609
27610
27611
27612
27613
27614
27616
27617
27618
27620
27621
27622
27623
27624
27625
27627
27630
27631
27632
27633
27634
27635
27636
27637
27638
27639
27640
27641
27642
27643
27644
27645
27646
27647
27648
27649
27650
27652
27653
27654
27655
27656
27659
27660
27663
27664
27665
27666
27667
27671
27672
27673
27674
27675
27676
27677
27679
27680
27681
27682
27684
27685
27686
27687
27688
27690
27691
27692
27693
27695
27696
27697
27698
27699
27700
27701
27702
27703
27704
27705
27706
27708
27709
27710
27711
27712
27713
27714
27715
27716
27718
27719
27720
27721
27722
27724
27725
27726
27727
27730
27731
27733
27734
27735
27736
27737
27740
27741
27744
27745
27746
27747
27748
27749
