382250
382251
382252
382254
382255
382256
382258
382259
382260
382261
382262
382263
382264
382266
382267
382268
382269
382271
382272
382273
382274
382275
382276
382277
382279
382280
382281
382282
382283
382284
382285
382286
382287
382288
382289
382290
382291
382293
382294
382295
382297
382298
382300
382301
382302
382303
382305
382306
382307
382308
382310
382311
382312
382314
382315
382316
382317
382318
382319
382320
382321
382322
382323
382324
382325
382326
382327
382328
382329
382330
382331
382332
382333
382334
382335
382336
382337
382338
382339
382343
382344
382345
382346
382347
382348
382350
382351
382352
382353
382354
382356
382357
382359
382360
382361
382363
382364
382365
382366
382367
382369
382370
382372
382373
382374
382375
382376
382378
382383
382384
382385
382387
382388
382389
382390
382391
382392
382393
382394
382395
382397
382398
382399
382400
382403
382404
382405
382406
382409
382410
382412
382413
382415
382416
382417
382418
382420
382421
382422
382423
382424
382425
382427
382428
382429
382430
382431
382432
382433
382434
382435
382436
382437
382438
382439
382440
382441
382442
382443
382444
382445
382446
382447
382448
382449
382450
382451
382452
382453
382454
382455
382457
382459
382460
382461
382462
382463
382464
382465
382466
382467
382468
382469
382470
382474
382476
382477
382478
382479
382480
382481
382482
382485
382486
382487
382488
382489
382490
382491
382492
382493
382494
382495
382496
382497
