377750
377751
377752
377753
377754
377756
377757
377758
377759
377761
377762
377763
377764
377765
377766
377768
377769
377770
377771
377772
377773
377774
377775
377776
377777
377778
377779
377780
377781
377782
377783
377784
377785
377786
377788
377789
377790
377791
377792
377794
377795
377796
377797
377798
377799
377800
377801
377802
377803
377804
377806
377807
377808
377809
377810
377811
377812
377813
377814
377815
377816
377817
377818
377819
377820
377821
377823
377824
377825
377826
377827
377828
377829
377830
377831
377832
377833
377834
377836
377837
377838
377839
377840
377841
377842
377843
377844
377845
377846
377847
377848
377849
377850
377852
377853
377856
377858
377859
377860
377862
377863
377866
377867
377868
377869
377871
377872
377873
377875
377876
377877
377879
377880
377881
377883
377884
377886
377887
377888
377889
377890
377891
377893
377894
377896
377897
377898
377899
377900
377901
377902
377904
377905
377906
377907
377910
377911
377912
377913
377914
377915
377916
377918
377919
377920
377921
377922
377924
377925
377926
377928
377929
377930
377931
377932
377933
377935
377936
377938
377939
377940
377941
377942
377944
377946
377947
377948
377949
377954
377956
377958
377959
377960
377961
377964
377965
377966
377967
377968
377969
377970
377971
377972
377973
377974
377975
377976
377977
377978
377979
377980
377981
377982
377983
377984
377985
377987
377988
377989
377990
377991
377992
377993
377994
377995
377996
377997
377998
377999
