273000
273001
273004
273006
273007
273008
273009
273010
273011
273012
273013
273014
273015
273018
273020
273021
273022
273023
273024
273025
273026
273027
273028
273029
273031
273032
273033
273034
273035
273036
273037
273038
273041
273043
273044
273045
273046
273047
273048
273049
273050
273051
273052
273053
273054
273055
273056
273057
273058
273059
273061
273062
273063
273064
273065
273066
273068
273070
273071
273072
273073
273074
273075
273076
273077
273079
273080
273081
273082
273083
273084
273085
273086
273088
273089
273090
273091
273092
273093
273094
273095
273097
273098
273099
273100
273101
273102
273103
273104
273106
273107
273108
273109
273110
273111
273112
273113
273114
273116
273117
273118
273120
273121
273123
273124
273125
273127
273128
273129
273130
273131
273132
273133
273134
273135
273136
273137
273138
273139
273140
273141
273142
273143
273145
273146
273147
273149
273150
273151
273152
273153
273155
273156
273158
273159
273161
273162
273163
273164
273165
273166
273168
273169
273171
273172
273173
273174
273175
273176
273177
273178
273179
273180
273181
273182
273183
273184
273185
273186
273188
273190
273191
273192
273193
273194
273197
273198
273199
273200
273201
273202
273203
273204
273205
273206
273207
273208
273210
273211
273212
273213
273214
273215
273218
273220
273222
273223
273224
273225
273227
273228
273229
273231
273232
273233
273234
273235
273236
273237
273238
273239
273240
273241
273242
273243
273244
273245
273246
273247
273248
273249
