361000
361001
361002
361003
361004
361005
361007
361008
361010
361011
361012
361013
361014
361015
361016
361017
361018
361019
361020
361021
361022
361023
361024
361026
361028
361029
361030
361031
361032
361033
361035
361037
361038
361039
361041
361042
361043
361044
361046
361047
361048
361049
361050
361051
361054
361055
361056
361057
361058
361059
361060
361061
361063
361064
361066
361067
361068
361069
361070
361071
361073
361074
361075
361076
361078
361079
361080
361081
361082
361085
361089
361090
361091
361092
361093
361094
361095
361096
361099
361100
361102
361104
361105
361106
361107
361108
361110
361111
361112
361113
361114
361115
361116
361117
361118
361119
361121
361122
361123
361124
361125
361126
361127
361128
361129
361131
361133
361134
361135
361137
361138
361140
361141
361142
361144
361145
361146
361148
361149
361150
361151
361152
361153
361154
361155
361156
361157
361158
361159
361160
361161
361162
361164
361165
361166
361168
361170
361171
361172
361173
361174
361175
361176
361177
361181
361182
361183
361184
361185
361187
361188
361189
361190
361191
361193
361194
361195
361196
361197
361199
361200
361201
361202
361203
361204
361205
361206
361207
361209
361210
361211
361212
361215
361216
361217
361218
361219
361220
361222
361224
361226
361227
361228
361229
361230
361231
361232
361233
361235
361237
361238
361239
361240
361241
361242
361243
361244
361246
361248
361249
