267000
267001
267002
267003
267004
267005
267006
267007
267008
267009
267010
267011
267012
267013
267015
267016
267017
267018
267019
267020
267021
267023
267024
267025
267026
267028
267029
267030
267031
267033
267034
267035
267036
267037
267038
267040
267041
267042
267043
267044
267045
267046
267047
267048
267050
267051
267052
267053
267054
267055
267056
267057
267058
267059
267060
267061
267062
267063
267064
267065
267066
267067
267068
267069
267070
267071
267072
267073
267074
267075
267076
267077
267078
267079
267080
267081
267082
267083
267084
267085
267086
267087
267088
267089
267090
267091
267092
267093
267094
267095
267096
267098
267099
267100
267101
267102
267103
267104
267107
267108
267109
267110
267112
267113
267117
267118
267119
267120
267121
267122
267123
267124
267126
267127
267128
267129
267131
267132
267133
267134
267135
267136
267138
267139
267140
267141
267142
267145
267146
267148
267149
267150
267151
267152
267156
267157
267158
267159
267160
267161
267162
267163
267165
267167
267168
267169
267170
267171
267172
267173
267174
267175
267176
267177
267178
267180
267181
267184
267185
267188
267189
267192
267193
267194
267195
267196
267197
267198
267199
267200
267201
267202
267203
267204
267205
267209
267210
267211
267212
267213
267214
267217
267218
267219
267220
267221
267222
267223
267224
267226
267227
267228
267229
267230
267233
267234
267235
267236
267237
267238
267239
267240
267241
267242
267243
267245
267247
267248
267249
