41750
41752
41753
41754
41755
41756
41757
41758
41759
41761
41762
41764
41765
41767
41768
41770
41771
41773
41774
41776
41777
41779
41780
41781
41782
41783
41784
41785
41786
41787
41788
41789
41790
41791
41792
41793
41794
41798
41802
41806
41811
41812
41814
41815
41816
41817
41818
41819
41820
41821
41822
41823
41824
41825
41826
41827
41828
41829
41830
41831
41832
41833
41835
41836
41837
41838
41839
41840
41841
41843
41847
41848
41850
41854
41855
41857
41861
41862
41863
41864
41865
41866
41867
41869
41871
41872
41877
41878
41883
41884
41888
41891
41892
41893
41894
41897
41898
41899
41900
41902
41903
41904
41905
41908
41911
41912
41913
41914
41915
41916
41917
41918
41919
41920
41923
41925
41926
41927
41928
41930
41931
41932
41933
41934
41935
41936
41939
41940
41941
41942
41943
41944
41945
41948
41949
41950
41951
41952
41953
41954
41957
41958
41959
41960
41961
41963
41965
41966
41967
41968
41969
41971
41972
41973
41974
41975
41977
41978
41979
41980
41981
41982
41983
41985
41986
41987
41988
41989
41990
41991
41992
41993
