123500
123501
123502
123503
123504
123506
123507
123508
123510
123511
123512
123513
123514
123516
123517
123518
123519
123520
123522
123523
123524
123525
123526
123529
123530
123531
123532
123534
123535
123537
123538
123539
123540
123541
123542
123543
123545
123546
123548
123549
123550
123551
123552
123554
123555
123556
123557
123559
123560
123561
123562
123563
123564
123565
123566
123567
123569
123570
123571
123574
123575
123576
123579
123580
123581
123582
123583
123584
123585
123587
123588
123589
123590
123591
123592
123593
123594
123596
123597
123598
123599
123600
123601
123603
123604
123605
123606
123607
123608
123609
123610
123611
123612
123613
123614
123615
123616
123617
123618
123619
123620
123621
123622
123623
123624
123625
123627
123628
123629
123630
123631
123632
123633
123634
123635
123636
123637
123638
123639
123640
123641
123642
123643
123644
123645
123646
123647
123648
123649
123651
123652
123653
123654
123655
123656
123657
123658
123659
123660
123661
123662
123663
123664
123665
123666
123667
123668
123669
123670
123671
123672
123673
123674
123675
123676
123677
123678
123679
123680
123683
123685
123687
123689
123691
123693
123695
123697
123698
123699
123700
123701
123703
123704
123705
123706
123707
123708
123709
123710
123712
123713
123714
123715
123716
123717
123718
123719
123720
123721
123722
123723
123724
123725
123726
123727
123728
123729
123730
123732
123733
123734
123735
123736
123737
123738
123739
123740
123741
123742
123743
123745
123746
123747
123749
