407500
407501
407502
407503
407505
407506
407507
407509
407510
407511
407512
407513
407514
407515
407516
407517
407518
407519
407521
407522
407523
407524
407525
407527
407528
407529
407530
407531
407532
407533
407534
407535
407536
407537
407539
407540
407541
407542
407544
407545
407546
407547
407548
407549
407550
407551
407552
407553
407554
407555
407556
407557
407558
407559
407560
407561
407562
407565
407566
407567
407568
407569
407570
407571
407573
407574
407579
407580
407581
407582
407585
407586
407587
407588
407589
407592
407593
407595
407596
407597
407598
407600
407601
407602
407603
407604
407605
407606
407607
407608
407609
407610
407611
407612
407613
407614
407615
407616
407617
407618
407619
407620
407621
407622
407623
407624
407625
407626
407627
407628
407629
407630
407631
407632
407633
407634
407636
407637
407638
407639
407640
407641
407642
407643
407644
407645
407646
407647
407648
407649
407650
407651
407652
407653
407657
407658
407662
407663
407667
407668
407669
407670
407671
407672
407673
407674
407675
407676
407679
407680
407681
407682
407683
407684
407685
407686
407687
407688
407689
407690
407691
407692
407693
407694
407695
407697
407698
407699
407700
407702
407703
407704
407705
407706
407708
407709
407710
407711
407712
407713
407714
407716
407717
407719
407720
407721
407723
407725
407726
407727
407728
407729
407730
407731
407732
407733
407735
407736
407737
407738
407740
407741
407742
407743
407745
407746
407747
407748
407749
