317500
317501
317503
317504
317505
317506
317507
317509
317510
317511
317512
317513
317515
317516
317517
317518
317519
317521
317522
317523
317524
317525
317527
317528
317529
317530
317532
317535
317536
317537
317538
317539
317540
317541
317543
317544
317545
317546
317547
317548
317549
317550
317552
317553
317554
317555
317556
317557
317558
317559
317561
317562
317563
317564
317565
317566
317567
317568
317569
317570
317571
317572
317573
317574
317575
317576
317577
317578
317579
317580
317581
317582
317583
317584
317585
317586
317587
317588
317589
317590
317591
317592
317593
317594
317595
317596
317597
317598
317599
317600
317602
317603
317604
317608
317609
317610
317612
317613
317614
317616
317617
317618
317620
317622
317624
317625
317626
317627
317628
317630
317631
317633
317634
317636
317637
317639
317640
317641
317642
317643
317645
317646
317648
317649
317650
317651
317653
317654
317655
317656
317658
317659
317660
317661
317663
317664
317665
317666
317667
317668
317669
317670
317672
317673
317674
317675
317677
317678
317679
317680
317681
317682
317683
317684
317685
317686
317687
317688
317689
317690
317691
317692
317694
317695
317696
317697
317699
317700
317701
317702
317703
317704
317705
317706
317707
317708
317709
317710
317711
317712
317713
317714
317715
317717
317718
317719
317721
317722
317723
317725
317726
317727
317729
317730
317731
317733
317734
317735
317737
317738
317739
317740
317741
317742
317743
317744
317745
317746
317747
317748
317749
