450500
450503
450504
450505
450506
450507
450508
450509
450510
450511
450512
450513
450514
450515
450516
450517
450518
450519
450520
450521
450522
450523
450524
450525
450526
450527
450528
450529
450530
450531
450532
450533
450534
450535
450536
450537
450538
450539
450540
450541
450542
450543
450544
450545
450546
450547
450548
450549
450550
450551
450552
450553
450554
450555
450556
450557
450558
450559
450560
450561
450562
450563
450564
450565
450566
450567
450568
450569
450570
450571
450572
450573
450574
450575
450576
450577
450578
450579
450580
450581
450582
450583
450584
450585
450586
450587
450588
450589
450590
450591
450592
450593
450594
450595
450596
450597
450598
450599
450600
450601
450602
450603
450604
450605
450606
450607
450608
450609
450610
450611
450612
450613
450614
450615
450616
450617
450618
450619
450620
450621
450622
450623
450624
450625
450626
450627
450628
450629
450630
450631
450632
450633
450634
450635
450636
450637
450638
450639
450640
450641
450642
450643
450644
450646
450647
450648
450649
450651
450652
450653
450654
450655
450656
450658
450659
450660
450661
450662
450663
450664
450665
450667
450668
450669
450670
450671
450672
450673
450674
450676
450677
450678
450679
450680
450681
450682
450683
450684
450685
450686
450687
450688
450689
450690
450691
450692
450693
450695
450696
450697
450698
450699
450701
450703
450704
450705
450706
450708
450709
450710
450711
450712
450714
450716
450717
450718
450720
450721
450722
450723
450724
450725
450727
450728
450729
450730
450731
450734
450735
450736
450737
450738
450739
450740
450741
450744
450745
450746
450747
450749
