201500
201502
201503
201504
201505
201506
201507
201508
201509
201513
201514
201515
201516
201518
201519
201520
201521
201522
201523
201524
201525
201526
201527
201528
201529
201530
201531
201532
201533
201534
201535
201536
201537
201538
201539
201540
201541
201542
201543
201544
201545
201546
201547
201548
201549
201550
201551
201552
201553
201554
201555
201558
201559
201560
201562
201563
201565
201566
201567
201569
201570
201571
201572
201573
201574
201575
201576
201577
201578
201579
201580
201581
201582
201583
201584
201585
201586
201587
201588
201589
201590
201591
201592
201593
201596
201599
201600
201603
201606
201607
201610
201611
201612
201613
201614
201615
201616
201617
201618
201619
201620
201621
201622
201624
201626
201627
201628
201629
201630
201631
201632
201633
201634
201635
201636
201637
201638
201639
201640
201641
201642
201643
201644
201645
201646
201647
201648
201649
201650
201651
201652
201653
201654
201655
201656
201657
201658
201659
201660
201661
201662
201663
201664
201665
201666
201667
201668
201669
201670
201671
201672
201673
201674
201675
201676
201677
201679
201681
201682
201683
201684
201686
201687
201688
201689
201691
201692
201693
201694
201696
201697
201700
201701
201702
201703
201704
201705
201707
201708
201709
201712
201713
201714
201715
201716
201717
201718
201719
201720
201721
201722
201723
201724
201725
201726
201727
201728
201729
201731
201732
201733
201734
201735
201736
201737
201738
201739
201740
201742
201744
201745
201746
201747
201749
