450750
450751
450752
450755
450756
450757
450758
450759
450760
450761
450762
450763
450764
450765
450766
450767
450768
450769
450770
450771
450772
450773
450774
450775
450776
450777
450778
450779
450780
450781
450782
450784
450785
450786
450787
450788
450789
450791
450792
450793
450794
450795
450796
450797
450798
450799
450802
450805
450806
450807
450808
450809
450812
450813
450814
450815
450816
450819
450820
450821
450822
450823
450824
450825
450826
450827
450828
450829
450830
450831
450832
450833
450834
450835
450836
450837
450838
450839
450840
450841
450842
450843
450844
450845
450847
450848
450849
450850
450851
450852
450853
450854
450855
450856
450857
450858
450859
450861
450864
450866
450867
450868
450871
450875
450876
450877
450878
450879
450880
450881
450882
450883
450884
450885
450886
450887
450888
450889
450891
450892
450893
450894
450895
450896
450897
450898
450899
450900
450901
450902
450903
450904
450905
450906
450907
450908
450909
450910
450911
450912
450913
450914
450915
450916
450917
450918
450919
450920
450921
450922
450925
450926
450927
450928
450929
450930
450931
450932
450933
450934
450935
450936
450937
450938
450939
450941
450943
450944
450946
450947
450948
450949
450950
450951
450952
450953
450954
450955
450956
450959
450960
450961
450962
450963
450965
450966
450967
450968
450969
450971
450972
450973
450974
450975
450977
450978
450979
450980
450981
450983
450984
450985
450986
450987
450988
450990
450991
450992
450993
450994
450995
450996
450997
450998
450999
