356250
356251
356252
356253
356254
356255
356256
356257
356258
356259
356260
356261
356262
356263
356264
356265
356266
356267
356268
356269
356270
356271
356272
356273
356274
356275
356276
356277
356278
356279
356280
356281
356282
356283
356284
356285
356286
356287
356288
356289
356290
356291
356292
356293
356294
356295
356296
356297
356298
356299
356300
356301
356302
356304
356305
356306
356307
356308
356309
356310
356311
356312
356313
356314
356316
356317
356318
356319
356320
356321
356323
356324
356325
356326
356327
356328
356329
356330
356331
356332
356333
356334
356336
356337
356338
356339
356340
356341
356342
356343
356344
356345
356346
356347
356348
356350
356351
356352
356354
356355
356356
356358
356359
356360
356361
356362
356363
356364
356365
356366
356367
356368
356369
356370
356371
356372
356374
356375
356376
356377
356378
356379
356380
356381
356382
356383
356384
356385
356386
356387
356388
356389
356390
356391
356392
356393
356394
356395
356396
356397
356398
356399
356400
356401
356402
356403
356404
356405
356408
356412
356413
356414
356415
356416
356417
356418
356419
356420
356421
356422
356423
356424
356425
356426
356427
356428
356429
356430
356431
356432
356433
356434
356435
356436
356437
356439
356442
356444
356445
356448
356449
356450
356451
356452
356453
356455
356456
356457
356458
356459
356462
356463
356464
356465
356466
356467
356469
356470
356472
356473
356475
356478
356479
356480
356481
356483
356484
356486
356489
356490
356491
356494
356495
356496
356497
356498
356499
