226750
226751
226752
226753
226754
226755
226756
226757
226758
226759
226760
226761
226762
226763
226765
226766
226767
226768
226769
226770
226773
226774
226775
226776
226777
226778
226779
226780
226781
226784
226785
226786
226787
226788
226789
226790
226791
226792
226793
226794
226796
226797
226798
226799
226800
226801
226802
226803
226804
226805
226806
226807
226808
226809
226812
226813
226814
226817
226818
226819
226820
226821
226822
226823
226824
226825
226826
226827
226828
226829
226830
226831
226832
226833
226835
226836
226837
226838
226839
226840
226841
226842
226843
226844
226845
226846
226849
226850
226853
226854
226857
226858
226859
226860
226861
226862
226863
226864
226866
226867
226868
226869
226872
226874
226876
226877
226878
226879
226881
226882
226885
226886
226887
226889
226890
226891
226892
226893
226894
226895
226896
226897
226900
226901
226902
226903
226904
226905
226908
226909
226910
226911
226912
226913
226914
226915
226917
226918
226919
226921
226922
226923
226925
226926
226927
226928
226930
226931
226932
226933
226935
226936
226937
226938
226939
226940
226946
226947
226948
226949
226950
226955
226956
226957
226958
226959
226960
226961
226962
226963
226964
226965
226966
226967
226968
226969
226970
226971
226972
226973
226974
226975
226978
226981
226984
226987
226988
226991
226992
226993
226996
226997
