446750
446751
446752
446753
446754
446755
446756
446757
446758
446759
446760
446761
446762
446763
446764
446765
446766
446767
446768
446769
446770
446771
446772
446773
446774
446775
446776
446777
446778
446779
446780
446781
446782
446783
446784
446785
446786
446787
446788
446789
446790
446791
446792
446793
446794
446795
446796
446797
446798
446799
446800
446801
446802
446803
446804
446805
446806
446807
446809
446811
446812
446815
446817
446819
446821
446822
446823
446825
446826
446827
446828
446829
446830
446831
446832
446833
446834
446835
446837
446838
446839
446840
446841
446842
446843
446844
446845
446846
446847
446848
446850
446851
446852
446853
446854
446855
446856
446857
446858
446859
446861
446862
446865
446867
446868
446870
446872
446873
446874
446876
446877
446879
446881
446882
446883
446884
446885
446886
446887
446888
446889
446891
446892
446893
446895
446897
446898
446899
446901
446902
446903
446905
446906
446907
446909
446911
446912
446913
446915
446916
446918
446919
446920
446922
446923
446925
446927
446928
446929
446930
446931
446932
446933
446934
446935
446936
446937
446938
446939
446940
446941
446943
446944
446946
446947
446949
446950
446951
446952
446953
446954
446955
446956
446958
446959
446961
446962
446963
446964
446965
446966
446967
446968
446970
446971
446973
446974
446975
446976
446977
446978
446979
446980
446981
446982
446983
446984
446985
446986
446987
446988
446989
446990
446991
446992
446993
446994
446995
446996
446997
446998
446999
