383000
383001
383002
383003
383004
383005
383006
383007
383008
383010
383011
383012
383013
383014
383015
383016
383017
383018
383019
383020
383021
383022
383023
383024
383025
383026
383027
383028
383029
383031
383032
383033
383034
383036
383037
383038
383039
383041
383042
383043
383044
383046
383047
383048
383049
383051
383052
383053
383054
383056
383057
383058
383059
383061
383062
383063
383064
383066
383067
383068
383069
383071
383072
383073
383074
383075
383076
383077
383078
383079
383080
383081
383082
383083
383084
383085
383086
383087
383088
383089
383090
383091
383093
383094
383095
383096
383097
383098
383099
383100
383101
383102
383103
383104
383105
383106
383107
383108
383109
383110
383111
383112
383113
383114
383115
383116
383117
383118
383119
383120
383121
383122
383123
383124
383126
383127
383128
383129
383130
383131
383132
383133
383134
383135
383136
383138
383140
383141
383142
383143
383144
383145
383146
383147
383149
383153
383154
383157
383158
383161
383162
383163
383164
383165
383166
383167
383168
383169
383170
383171
383172
383173
383174
383175
383177
383178
383179
383180
383181
383182
383183
383184
383185
383186
383187
383188
383189
383190
383191
383192
383193
383194
383195
383196
383197
383198
383199
383200
383201
383202
383203
383204
383205
383206
383207
383208
383209
383210
383211
383213
383214
383215
383216
383217
383218
383219
383220
383221
383222
383223
383224
383225
383227
383228
383229
383230
383231
383233
383234
383235
383236
383237
383238
383239
383240
383241
383242
383243
383244
383245
383246
383247
383249
