103000
103001
103004
103005
103007
103008
103009
103011
103012
103014
103015
103016
103017
103019
103020
103021
103023
103024
103025
103029
103030
103031
103032
103033
103034
103035
103036
103037
103038
103039
103040
103041
103042
103044
103045
103046
103047
103048
103049
103050
103051
103052
103053
103054
103055
103056
103057
103059
103060
103062
103063
103064
103065
103066
103067
103068
103069
103070
103071
103073
103076
103077
103078
103079
103080
103081
103083
103085
103086
103089
103090
103091
103092
103094
103095
103097
103098
103099
103100
103103
103104
103105
103107
103108
103109
103110
103111
103113
103114
103115
103117
103119
103120
103121
103122
103123
103125
103126
103127
103129
103131
103132
103133
103134
103135
103136
103137
103138
103139
103140
103141
103144
103145
103146
103147
103148
103149
103150
103151
103152
103153
103154
103155
103156
103157
103158
103159
103160
103161
103162
103163
103164
103166
103167
103168
103169
103170
103171
103172
103173
103174
103175
103176
103177
103178
103179
103180
103181
103182
103183
103184
103185
103186
103187
103189
103192
103195
103197
103198
103199
103200
103201
103202
103203
103204
103205
103206
103207
103208
103209
103210
103212
103213
103214
103215
103216
103217
103218
103219
103220
103221
103222
103223
103227
103228
103229
103230
103231
103232
103235
103236
103237
103238
103239
103240
103241
103242
103243
103244
103245
103246
103247
103248
103249
