351000
351002
351003
351004
351005
351006
351007
351008
351009
351010
351011
351012
351013
351015
351016
351017
351018
351019
351020
351021
351024
351026
351027
351028
351029
351030
351031
351032
351033
351034
351035
351036
351037
351038
351039
351040
351041
351042
351043
351044
351045
351048
351050
351051
351052
351053
351054
351055
351056
351057
351058
351059
351060
351061
351062
351063
351064
351065
351066
351067
351068
351069
351070
351071
351072
351073
351074
351075
351076
351077
351078
351079
351080
351081
351082
351083
351084
351085
351086
351087
351088
351089
351090
351091
351092
351093
351094
351095
351096
351097
351098
351099
351101
351102
351145
351148
351149
351150
351151
351152
351153
351155
351156
351157
351158
351159
351160
351161
351162
351163
351164
351167
351168
351170
351171
351172
351173
351175
351176
351177
351178
351179
351182
351183
351184
351185
351186
351187
351188
351189
351190
351191
351192
351193
351194
351196
351197
351198
351200
351201
351202
351203
351204
351205
351206
351207
351209
351211
351213
351214
351215
351218
351219
351220
351221
351222
351223
351225
351226
351227
351228
351229
351230
351231
351232
351233
351234
351235
351236
351237
351239
351242
351243
351244
351246
351247
351248
351249
