303250
303253
303254
303255
303257
303258
303259
303260
303261
303262
303263
303264
303265
303266
303267
303268
303271
303273
303274
303275
303276
303277
303278
303279
303280
303281
303282
303283
303285
303286
303287
303288
303289
303290
303291
303294
303295
303296
303297
303298
303300
303301
303302
303303
303304
303305
303306
303309
303310
303313
303314
303315
303316
303317
303318
303319
303320
303321
303322
303323
303324
303326
303329
303330
303331
303333
303334
303335
303336
303337
303338
303340
303341
303342
303343
303344
303345
303346
303347
303348
303349
303350
303352
303353
303354
303355
303357
303358
303359
303360
303361
303362
303363
303365
303366
303368
303369
303370
303371
303372
303373
303374
303375
303376
303377
303378
303379
303382
303383
303384
303385
303386
303387
303388
303390
303391
303392
303393
303394
303395
303396
303397
303398
303399
303400
303401
303402
303403
303404
303405
303406
303408
303409
303410
303411
303413
303414
303415
303416
303417
303418
303420
303421
303423
303424
303425
303426
303427
303428
303429
303430
303431
303432
303434
303435
303436
303437
303438
303439
303440
303441
303442
303443
303444
303445
303446
303447
303448
303450
303451
303452
303453
303454
303455
303456
303457
303458
303460
303461
303462
303463
303464
303465
303466
303467
303468
303469
303470
303471
303472
303473
303474
303475
303476
303477
