362751
362752
362753
362754
362755
362756
362757
362758
362762
362763
362764
362765
362766
362767
362768
362769
362770
362771
362772
362773
362775
362776
362777
362778
362779
362780
362781
362782
362783
362784
362786
362787
362788
362789
362790
362791
362792
362793
362795
362796
362797
362798
362799
362800
362801
362802
362804
362805
362807
362808
362810
362811
362812
362814
362816
362817
362818
362820
362821
362822
362823
362825
362827
362828
362829
362831
362833
362834
362835
362837
362838
362839
362840
362842
362843
362844
362845
362846
362847
362848
362849
362850
362851
362852
362853
362854
362855
362856
362857
362858
362859
362860
362861
362862
362863
362864
362865
362868
362869
362870
362871
362872
362873
362874
362875
362876
362877
362878
362880
362882
362883
362884
362885
362886
362887
362888
362891
362892
362893
362895
362896
362897
362899
362901
362903
362904
362905
362907
362908
362909
362910
362911
362912
362913
362914
362915
362916
362917
362918
362919
362920
362921
362922
362923
362924
362925
362926
362927
362928
362929
362930
362932
362933
362934
362935
362940
362944
362947
362948
362949
362950
362951
362952
362953
362954
362955
362956
362957
362958
362959
362960
362961
362963
362964
362965
362966
362968
362969
362970
362971
362973
362974
362975
362976
362977
362979
362980
362981
362982
362983
362984
362985
362986
362987
362988
362989
362991
362992
362993
362994
362995
362996
362997
362998
362999
