449500
449501
449502
449503
449506
449507
449508
449509
449510
449511
449512
449514
449515
449516
449517
449518
449519
449520
449521
449522
449523
449524
449525
449526
449527
449528
449529
449532
449533
449535
449536
449538
449539
449540
449541
449543
449544
449545
449546
449547
449549
449550
449551
449552
449553
449554
449555
449556
449557
449558
449559
449560
449561
449562
449564
449565
449566
449567
449568
449569
449570
449572
449573
449574
449575
449576
449577
449579
449580
449581
449582
449583
449584
449585
449587
449588
449589
449590
449591
449592
449594
449595
449596
449597
449598
449599
449600
449602
449603
449604
449605
449606
449607
449609
449610
449611
449612
449613
449614
449615
449617
449618
449619
449620
449621
449622
449624
449625
449626
449627
449628
449629
449630
449632
449633
449634
449636
449637
449638
449639
449640
449641
449642
449643
449644
449645
449646
449647
449648
449649
449650
449651
449652
449653
449654
449655
449656
449657
449659
449660
449662
449664
449666
449668
449670
449671
449672
449673
449674
449675
449677
449678
449679
449680
449681
449682
449683
449684
449685
449686
449687
449688
449689
449690
449691
449692
449694
449695
449696
449697
449701
449702
449703
449705
449706
449707
449708
449709
449711
449712
449713
449714
449715
449716
449717
449718
449720
449722
449724
449725
449726
449728
449729
449731
449732
449733
449735
449736
449738
449739
449741
449743
449744
449745
449747
449748
449749
