25250
25251
25252
25253
25254
25255
25258
25261
25262
25263
25266
25267
25268
25269
25271
25273
25274
25275
25276
25277
25279
25281
25282
25283
25285
25287
25288
25289
25290
25291
25292
25293
25294
25295
25296
25297
25298
25299
25300
25301
25302
25303
25304
25305
25306
25307
25308
25309
25310
25311
25312
25313
25314
25315
25316
25317
25318
25319
25320
25321
25322
25323
25324
25325
25326
25328
25329
25330
25331
25332
25333
25334
25335
25336
25337
25338
25339
25340
25341
25342
25343
25344
25345
25346
25347
25348
25349
25350
25351
25352
25353
25354
25355
25356
25357
25358
25359
25360
25361
25362
25363
25364
25365
25366
25367
25370
25372
25373
25374
25376
25378
25379
25380
25381
25382
25391
25392
25393
25394
25395
25397
25398
25399
25403
25404
25405
25406
25407
25410
25411
25412
25413
25414
25415
25416
25417
25420
25421
25422
25423
25424
25428
25429
25430
25431
25432
25433
25434
25435
25436
25439
25440
25441
25442
25443
25447
25448
25449
25450
25451
25452
25455
25456
25457
25458
25459
25460
25461
25462
25463
25464
25465
25466
25467
25469
25470
25472
25475
25476
25477
25481
25483
25485
25491
25495
25496
25498
