92000
92001
92002
92003
92004
92005
92006
92007
92010
92011
92014
92015
92016
92019
92020
92021
92024
92025
92026
92027
92028
92029
92030
92031
92032
92033
92034
92035
92037
92038
92039
92040
92041
92042
92043
92046
92047
92048
92049
92050
92051
92053
92054
92055
92056
92057
92058
92059
92060
92061
92063
92064
92065
92066
92071
92073
92074
92075
92077
92078
92079
92080
92081
92082
92083
92084
92085
92086
92087
92088
92089
92091
92092
92093
92094
92095
92097
92098
92099
92100
92101
92103
92104
92105
92106
92107
92108
92109
92110
92111
92112
92113
92114
92115
92116
92117
92118
92120
92121
92122
92123
92124
92125
92126
92127
92128
92129
92130
92131
92132
92133
92134
92135
92136
92137
92138
92139
92143
92144
92145
92146
92149
92150
92151
92152
92155
92156
92157
92158
92160
92161
92163
92166
92167
92169
92171
92172
92174
92176
92178
92179
92181
92182
92183
92184
92185
92186
92187
92188
92189
92190
92191
92192
92193
92194
92196
92197
92198
92199
92200
92201
92202
92204
92205
92206
92207
92208
92209
92210
92211
92212
92213
92214
92215
92216
92217
92218
92219
92220
92221
92222
92223
92224
92225
92226
92227
92228
92229
92230
92231
92232
92233
92234
92235
92236
92238
92239
92240
92241
92242
92243
92246
92247
92248
92249
