425750
425752
425753
425754
425755
425756
425757
425758
425759
425760
425761
425762
425763
425764
425765
425767
425768
425770
425771
425772
425773
425774
425775
425776
425777
425778
425779
425780
425781
425782
425783
425784
425785
425786
425787
425788
425789
425790
425791
425792
425793
425794
425795
425796
425797
425798
425799
425800
425801
425802
425803
425804
425805
425806
425807
425808
425809
425810
425811
425812
425813
425814
425815
425816
425817
425818
425821
425822
425823
425824
425825
425826
425827
425829
425831
425833
425834
425835
425836
425837
425838
425839
425840
425841
425842
425843
425844
425845
425846
425847
425849
425851
425852
425853
425854
425856
425857
425858
425859
425860
425862
425864
425865
425866
425867
425868
425869
425870
425871
425872
425873
425875
425876
425877
425879
425880
425881
425883
425887
425888
425889
425890
425891
425892
425893
425894
425895
425896
425897
425898
425899
425900
425901
425902
425904
425905
425906
425907
425908
425909
425910
425911
425912
425913
425914
425915
425916
425917
425918
425919
425920
425921
425922
425923
425924
425925
425926
425927
425928
425929
425930
425931
425932
425933
425934
425935
425936
425938
425939
425941
425942
425943
425944
425945
425946
425947
425948
425949
425950
425951
425952
425953
425954
425955
425956
425957
425958
425959
425962
425963
425964
425965
425967
425968
425969
425970
425971
425972
425973
425974
425976
425978
425979
425980
425981
425982
425983
425984
425985
425986
425987
425988
425990
425991
425993
425994
425995
425996
425997
425998
425999
