58250
58251
58252
58253
58254
58255
58256
58260
58261
58265
58266
58267
58268
58269
58270
58271
58272
58273
58274
58275
58276
58278
58279
58280
58281
58282
58283
58284
58285
58286
58287
58289
58290
58292
58293
58294
58295
58296
58297
58298
58299
58300
58301
58302
58303
58304
58306
58307
58308
58309
58310
58311
58312
58313
58314
58315
58316
58318
58319
58322
58323
58325
58326
58328
58329
58330
58331
58332
58333
58337
58339
58340
58343
58344
58346
58347
58349
58350
58351
58352
58353
58354
58358
58360
58361
58362
58364
58365
58366
58367
58368
58369
58370
58371
58372
58373
58374
58375
58376
58377
58378
58379
58380
58381
58382
58384
58385
58386
58387
58391
58392
58393
58394
58397
58398
58399
58400
58401
58402
58403
58404
58405
58406
58407
58408
58409
58410
58411
58412
58413
58414
58415
58416
58417
58418
58419
58423
58424
58425
58426
58428
58429
58431
58433
58434
58435
58436
58438
58439
58440
58442
58443
58444
58445
58447
58448
58449
58450
58451
58452
58453
58454
58455
58456
58457
58458
58459
58460
58461
58463
58464
58465
58466
58467
58468
58469
58470
58471
58472
58473
58474
58475
58476
58478
58479
58480
58481
58482
58483
58484
58485
58486
58487
58488
58489
58490
58491
58492
58493
58494
58495
58496
58497
58498
58499
