235250
235252
235253
235254
235257
235258
235259
235260
235261
235262
235263
235264
235265
235266
235267
235268
235269
235270
235271
235272
235275
235276
235279
235280
235281
235282
235283
235286
235287
235288
235289
235290
235291
235292
235293
235296
235297
235300
235301
235304
235305
235307
235308
235309
235310
235312
235313
235314
235316
235317
235318
235319
235321
235322
235323
235325
235326
235327
235328
235330
235331
235332
235334
235335
235336
235337
235339
235340
235341
235344
235345
235346
235347
235348
235349
235350
235351
235353
235354
235355
235356
235357
235360
235361
235362
235363
235364
235365
235366
235367
235368
235369
235370
235371
235372
235374
235375
235376
235377
235378
235379
235380
235381
235382
235383
235384
235385
235386
235387
235388
235389
235390
235391
235392
235393
235394
235395
235396
235398
235399
235400
235401
235403
235404
235405
235406
235407
235408
235409
235410
235412
235413
235414
235415
235416
235417
235418
235419
235421
235422
235423
235424
235426
235427
235428
235429
235430
235431
235432
235433
235434
235435
235436
235438
235439
235440
235441
235442
235443
235444
235445
235446
235447
235448
235450
235451
235452
235453
235454
235455
235456
235457
235459
235460
235463
235465
235468
235470
235472
235473
235474
235475
235476
235478
235481
235482
235483
235484
235485
235486
235487
235488
235489
235490
235491
235492
235493
235494
235495
235498
235499
