385250
385251
385252
385253
385255
385256
385257
385258
385259
385260
385261
385263
385265
385266
385267
385268
385270
385271
385272
385273
385274
385275
385276
385277
385278
385280
385281
385282
385283
385285
385286
385287
385288
385289
385291
385292
385293
385294
385295
385296
385297
385298
385299
385300
385301
385302
385303
385304
385305
385306
385308
385309
385310
385311
385312
385314
385316
385317
385318
385320
385321
385324
385325
385326
385327
385329
385330
385333
385334
385335
385336
385337
385338
385339
385340
385341
385343
385344
385345
385347
385348
385349
385350
385351
385352
385353
385354
385355
385356
385357
385358
385361
385362
385363
385364
385365
385366
385368
385369
385370
385371
385373
385376
385378
385381
385382
385383
385384
385385
385386
385387
385388
385389
385390
385391
385392
385393
385394
385395
385396
385397
385398
385399
385401
385402
385403
385404
385405
385406
385407
385408
385410
385411
385412
385414
385415
385417
385418
385419
385420
385421
385422
385423
385424
385425
385426
385427
385428
385429
385430
385436
385438
385439
385442
385443
385444
385445
385446
385447
385448
385449
385450
385451
385452
385453
385454
385455
385456
385458
385459
385460
385463
385464
385465
385468
385469
385470
385471
385472
385473
385475
385476
385481
385484
385485
385486
385487
385488
385489
385490
385491
385492
385493
385494
385495
385496
385497
385498
385499
