245250
245251
245252
245253
245254
245255
245258
245259
245260
245263
245264
245265
245267
245268
245269
245270
245271
245272
245273
245274
245275
245276
245277
245278
245279
245281
245282
245283
245285
245286
245287
245291
245292
245293
245296
245297
245298
245299
245300
245301
245303
245304
245305
245306
245307
245308
245309
245310
245312
245313
245314
245315
245317
245318
245319
245320
245321
245322
245323
245324
245325
245326
245327
245328
245329
245330
245331
245332
245334
245336
245337
245338
245340
245341
245342
245343
245344
245345
245346
245348
245361
245362
245363
245364
245365
245366
245367
245368
245369
245370
245371
245374
245375
245377
245378
245381
245382
245383
245385
245386
245387
245388
245389
245391
245392
245393
245394
245395
245396
245397
245398
245399
245400
245402
245403
245404
245405
245406
245407
245409
245410
245411
245412
245413
245415
245416
245417
245418
245419
245420
245421
245422
245423
245424
245426
245427
245428
245430
245431
245432
245433
245434
245436
245437
245438
245439
245440
245442
245443
245444
245445
245446
245447
245448
245449
245450
245451
245453
245454
245455
245456
245457
245458
245459
245460
245461
245462
245463
245464
245465
245466
245467
245468
245469
245470
245471
245472
245473
245474
245475
245476
245477
245480
245481
245482
245483
245484
245485
245486
245487
245488
245489
245490
245491
245492
245493
245494
245496
245497
245498
245499
