146500
146503
146504
146505
146506
146507
146508
146511
146512
146513
146514
146515
146516
146519
146520
146521
146522
146523
146524
146527
146528
146529
146530
146531
146532
146533
146536
146537
146538
146540
146541
146542
146543
146544
146545
146546
146547
146548
146549
146550
146551
146552
146553
146554
146555
146556
146557
146558
146559
146560
146562
146563
146565
146566
146567
146569
146570
146571
146573
146575
146577
146578
146579
146580
146583
146586
146587
146588
146589
146590
146591
146592
146594
146595
146598
146599
146600
146601
146602
146603
146604
146606
146608
146609
146610
146611
146612
146613
146614
146616
146618
146619
146620
146621
146622
146623
146624
146626
146628
146629
146630
146631
146632
146633
146634
146636
146637
146638
146639
146640
146641
146642
146643
146645
146646
146647
146648
146649
146650
146651
146652
146653
146654
146655
146656
146657
146658
146659
146660
146661
146663
146664
146665
146666
146667
146669
146670
146671
146672
146674
146675
146676
146677
146679
146681
146682
146683
146684
146686
146688
146689
146690
146691
146693
146694
146695
146696
146697
146700
146701
146702
146703
146705
146706
146707
146708
146709
146710
146711
146712
146713
146714
146715
146717
146718
146719
146720
146721
146722
146723
146724
146725
146726
146727
146728
146729
146730
146731
146732
146733
146734
146735
146736
146737
146738
146739
146740
146741
146743
146744
146745
146746
146747
146749
