354500
354501
354503
354504
354505
354506
354507
354508
354509
354510
354511
354512
354513
354515
354516
354517
354518
354519
354521
354522
354523
354524
354526
354527
354528
354530
354531
354532
354533
354534
354535
354536
354537
354538
354539
354540
354541
354542
354543
354544
354545
354546
354547
354548
354550
354551
354555
354556
354558
354559
354560
354561
354563
354564
354565
354566
354567
354568
354569
354570
354571
354572
354573
354574
354575
354576
354577
354579
354580
354581
354582
354583
354584
354585
354586
354587
354588
354589
354590
354591
354592
354593
354594
354595
354596
354597
354598
354599
354600
354601
354602
354603
354604
354605
354606
354607
354608
354609
354610
354611
354612
354613
354615
354616
354618
354619
354621
354622
354623
354624
354625
354626
354627
354629
354630
354631
354632
354633
354634
354635
354636
354637
354638
354640
354641
354642
354643
354644
354645
354646
354647
354649
354650
354651
354652
354653
354654
354655
354656
354658
354659
354660
354661
354662
354663
354664
354665
354666
354668
354669
354670
354671
354672
354673
354674
354675
354676
354677
354679
354680
354681
354682
354683
354684
354685
354686
354687
354688
354690
354691
354692
354693
354694
354695
354696
354697
354698
354699
354701
354702
354703
354704
354705
354706
354707
354708
354709
354710
354712
354713
354714
354715
354716
354717
354718
354719
354720
354721
354723
354724
354725
354726
354727
354728
354729
354730
354731
354732
354734
354735
354736
354737
354738
354739
354740
354741
354742
354743
354745
354746
354747
354748
354749
