158500
158501
158502
158503
158504
158505
158506
158507
158508
158509
158511
158512
158513
158514
158516
158517
158518
158519
158520
158523
158524
158525
158526
158527
158528
158529
158530
158531
158532
158533
158534
158536
158539
158540
158541
158542
158543
158544
158545
158546
158547
158548
158549
158550
158551
158552
158553
158554
158555
158556
158557
158558
158559
158560
158561
158562
158563
158564
158565
158566
158567
158568
158569
158570
158574
158575
158576
158577
158578
158579
158580
158581
158582
158585
158586
158588
158589
158591
158592
158593
158594
158595
158596
158597
158599
158600
158601
158602
158603
158604
158605
158606
158607
158608
158609
158610
158611
158612
158613
158614
158615
158616
158617
158618
158619
158621
158622
158623
158624
158628
158629
158630
158631
158632
158633
158634
158635
158636
158637
158638
158639
158640
158641
158642
158643
158644
158645
158646
158647
158648
158649
158650
158651
158652
158653
158654
158655
158656
158657
158658
158659
158662
158663
158664
158665
158666
158668
158669
158670
158671
158672
158673
158674
158675
158676
158677
158678
158679
158680
158682
158683
158684
158685
158686
158687
158688
158689
158690
158691
158692
158693
158695
158696
158697
158698
158699
158700
158703
158704
158705
158707
158708
158709
158710
158712
158713
158714
158715
158716
158717
158720
158721
158722
158723
158724
158725
158726
158727
158728
158729
158730
158731
158732
158733
158734
158738
158739
158740
158741
158742
158743
158744
158746
158748
