145000
145001
145002
145004
145006
145007
145008
145009
145010
145011
145012
145013
145014
145015
145016
145017
145018
145019
145020
145021
145023
145024
145025
145026
145027
145029
145030
145031
145032
145033
145034
145035
145036
145037
145038
145039
145040
145041
145042
145043
145044
145045
145046
145047
145048
145049
145050
145051
145053
145054
145055
145058
145059
145060
145061
145062
145063
145064
145065
145066
145067
145068
145070
145071
145072
145073
145074
145075
145076
145077
145078
145080
145081
145082
145083
145084
145085
145087
145088
145089
145090
145091
145092
145093
145094
145095
145097
145098
145099
145100
145101
145103
145104
145106
145107
145108
145109
145110
145111
145112
145115
145116
145117
145118
145119
145120
145121
145122
145123
145124
145125
145126
145127
145128
145129
145130
145131
145132
145133
145135
145136
145137
145139
145140
145141
145142
145143
145144
145145
145146
145147
145148
145150
145151
145152
145153
145156
145158
145160
145161
145162
145163
145164
145165
145166
145170
145173
145174
145175
145182
145184
145186
145187
145188
145190
145191
145192
145193
145194
145195
145196
145197
145198
145199
145200
145201
145202
145204
145206
145207
145208
145209
145210
145212
145213
145214
145215
145216
145217
145218
145219
145220
145221
145223
145224
145225
145228
145232
145236
145238
145239
145240
145241
145243
145244
145245
145246
145247
145248
145249
