37503
37504
37505
37506
37507
37508
37509
37510
37511
37512
37513
37514
37515
37516
37517
37518
37519
37520
37521
37522
37523
37524
37525
37526
37527
37528
37529
37530
37531
37532
37533
37535
37536
37537
37538
37539
37540
37542
37543
37544
37545
37547
37548
37549
37550
37551
37552
37553
37554
37555
37556
37558
37559
37560
37561
37563
37564
37565
37566
37567
37568
37569
37571
37572
37573
37574
37576
37580
37581
37582
37585
37586
37589
37591
37592
37594
37596
37597
37598
37599
37600
37601
37602
37603
37604
37606
37607
37608
37609
37610
37611
37612
37613
37614
37616
37618
37619
37621
37623
37624
37626
37628
37629
37630
37634
37635
37637
37638
37642
37643
37644
37646
37647
37648
37649
37650
37651
37652
37653
37654
37655
37657
37658
37659
37660
37662
37663
37664
37665
37667
37668
37669
37670
37672
37673
37674
37675
37676
37677
37678
37679
37680
37681
37682
37684
37685
37686
37687
37689
37690
37691
37692
37694
37695
37696
37697
37699
37700
37701
37702
37704
37705
37706
37707
37708
37709
37713
37714
37716
37717
37718
37719
37720
37721
37722
37723
37724
37725
37726
37727
37728
37729
37730
37732
37733
37734
37735
37737
37738
37739
37740
37745
37746
37747
37748
37749
