377250
377251
377252
377253
377255
377256
377257
377258
377259
377261
377263
377264
377265
377266
377267
377268
377269
377270
377271
377272
377273
377274
377276
377277
377279
377280
377282
377283
377284
377286
377287
377288
377289
377290
377291
377292
377293
377294
377295
377297
377298
377299
377300
377302
377303
377304
377305
377306
377307
377308
377309
377310
377311
377312
377313
377314
377315
377316
377317
377318
377319
377320
377321
377322
377323
377324
377325
377326
377327
377328
377329
377330
377331
377332
377334
377335
377336
377337
377338
377339
377340
377342
377344
377345
377346
377347
377348
377350
377351
377352
377353
377354
377355
377356
377357
377358
377359
377360
377361
377362
377364
377365
377366
377367
377368
377370
377371
377372
377373
377374
377376
377378
377379
377381
377383
377384
377385
377386
377387
377388
377389
377390
377391
377392
377393
377394
377395
377396
377397
377398
377399
377400
377401
377402
377403
377404
377405
377406
377407
377408
377409
377410
377411
377412
377413
377414
377415
377416
377417
377418
377420
377422
377423
377424
377425
377426
377427
377428
377429
377430
377432
377433
377434
377435
377437
377438
377439
377441
377442
377443
377444
377445
377446
377447
377448
377449
377450
377451
377452
377454
377455
377456
377457
377458
377459
377460
377461
377462
377463
377464
377465
377467
377468
377469
377470
377471
377472
377473
377474
377475
377477
377479
377480
377481
377482
377484
377485
377486
377487
377488
377489
377490
377492
377494
377495
377496
377499
