127000
127001
127002
127003
127004
127006
127007
127008
127009
127010
127011
127012
127014
127015
127016
127017
127018
127019
127020
127022
127023
127024
127025
127026
127027
127028
127029
127030
127031
127033
127034
127035
127036
127037
127038
127039
127041
127042
127044
127046
127047
127048
127049
127051
127053
127054
127055
127056
127057
127058
127059
127060
127061
127062
127063
127064
127065
127066
127067
127068
127070
127071
127072
127073
127074
127075
127076
127077
127084
127086
127087
127088
127101
127102
127103
127104
127111
127112
127113
127114
127119
127120
127121
127122
127123
127124
127125
127126
127127
127128
127129
127130
127131
127132
127133
127134
127135
127136
127138
127139
127141
127142
127145
127146
127147
127148
127149
127150
127151
127152
127153
127154
127155
127156
127157
127158
127159
127160
127161
127162
127163
127164
127165
127166
127167
127168
127169
127171
127174
127175
127176
127178
127181
127184
127190
127192
127194
127195
127196
127197
127200
127206
127209
127215
127218
127219
127222
127223
127226
127227
127228
127229
127230
127231
127232
127233
127239
127241
127242
127243
127244
127245
127246
127247
127248
127249
