140001
140003
140004
140005
140006
140008
140009
140010
140011
140012
140013
140014
140015
140016
140017
140018
140019
140020
140021
140022
140023
140024
140025
140026
140027
140030
140031
140033
140034
140035
140037
140038
140039
140041
140042
140043
140045
140046
140047
140049
140050
140051
140053
140054
140055
140056
140057
140058
140059
140060
140061
140062
140063
140064
140066
140067
140068
140069
140071
140072
140074
140075
140076
140077
140080
140081
140082
140084
140085
140086
140088
140089
140090
140092
140093
140094
140096
140097
140098
140099
140100
140101
140103
140104
140105
140107
140108
140109
140110
140111
140112
140113
140114
140115
140116
140117
140118
140119
140120
140121
140123
140124
140125
140126
140127
140128
140129
140131
140132
140133
140134
140135
140136
140137
140138
140139
140140
140143
140145
140146
140147
140149
140150
140151
140152
140155
140157
140158
140159
140160
140161
140162
140163
140164
140165
140166
140167
140168
140169
140170
140171
140172
140173
140174
140175
140176
140178
140179
140180
140181
140183
140184
140185
140186
140187
140188
140189
140190
140191
140192
140193
140195
140196
140197
140201
140202
140203
140204
140205
140206
140207
140208
140209
140210
140213
140214
140215
140216
140220
140221
140222
140223
140224
140225
140226
140227
140228
140229
140230
140231
140232
140233
140234
140235
140236
140238
140239
140240
140241
140242
140244
140245
140246
140249
