380000
380001
380004
380005
380006
380007
380008
380009
380010
380011
380014
380015
380016
380017
380018
380019
380020
380021
380022
380023
380024
380025
380026
380027
380028
380029
380030
380031
380033
380034
380036
380037
380038
380039
380040
380041
380043
380044
380045
380046
380047
380048
380050
380051
380052
380053
380054
380056
380057
380058
380059
380060
380061
380062
380063
380064
380065
380066
380067
380068
380069
380070
380071
380072
380073
380074
380075
380077
380078
380079
380080
380081
380082
380083
380085
380086
380087
380089
380091
380092
380094
380095
380096
380097
380099
380100
380101
380103
380104
380105
380106
380107
380108
380109
380110
380111
380112
380113
380114
380115
380116
380117
380118
380119
380120
380121
380122
380123
380124
380125
380128
380134
380135
380136
380137
380139
380140
380141
380143
380144
380145
380146
380148
380149
380150
380151
380152
380153
380154
380155
380156
380157
380158
380159
380160
380161
380162
380163
380166
380167
380168
380169
380170
380171
380172
380173
380174
380175
380176
380179
380180
380181
380182
380184
380185
380186
380187
380188
380192
380193
380194
380195
380196
380197
380198
380199
380200
380201
380202
380203
380204
380205
380206
380207
380208
380209
380210
380211
380212
380213
380214
380215
380216
380217
380218
380219
380220
380221
380222
380223
380224
380225
380226
380227
380228
380229
380231
380232
380233
380234
380235
380236
380238
380239
380240
380241
380242
380243
380244
380245
380247
380248
380249
