143500
143501
143502
143503
143505
143506
143507
143508
143511
143512
143513
143514
143515
143516
143517
143518
143519
143520
143522
143523
143524
143525
143526
143527
143528
143529
143530
143531
143533
143534
143536
143537
143538
143540
143542
143544
143545
143546
143547
143549
143550
143551
143552
143554
143555
143556
143557
143558
143559
143560
143561
143562
143563
143565
143566
143567
143568
143569
143571
143572
143573
143574
143575
143577
143578
143579
143580
143581
143582
143584
143585
143586
143587
143588
143589
143590
143591
143593
143594
143596
143597
143598
143600
143601
143603
143604
143605
143606
143609
143610
143611
143612
143613
143615
143616
143617
143618
143619
143620
143621
143622
143623
143625
143626
143627
143628
143629
143634
143635
143636
143638
143639
143640
143641
143642
143643
143644
143645
143646
143647
143648
143649
143650
143651
143653
143654
143655
143656
143657
143659
143660
143661
143662
143663
143664
143665
143667
143668
143670
143671
143672
143674
143675
143676
143678
143679
143680
143682
143683
143684
143685
143686
143687
143688
143689
143690
143691
143692
143693
143694
143695
143696
143697
143698
143699
143700
143701
143702
143704
143705
143706
143707
143708
143709
143710
143711
143712
143713
143714
143715
143716
143717
143718
143719
143720
143721
143722
143723
143724
143726
143727
143728
143729
143730
143731
143732
143733
143734
143735
143736
143737
143738
143739
143740
143741
143742
143743
143744
143745
143746
143747
143748
143749
