83750
83753
83754
83755
83756
83757
83758
83759
83760
83761
83762
83765
83767
83770
83772
83773
83774
83775
83776
83777
83778
83779
83780
83781
83782
83783
83785
83786
83787
83788
83789
83790
83791
83792
83793
83794
83795
83796
83797
83798
83799
83800
83801
83802
83803
83804
83805
83806
83807
83808
83809
83810
83811
83812
83813
83814
83815
83816
83817
83818
83819
83820
83821
83822
83824
83825
83826
83827
83828
83829
83830
83831
83833
83834
83836
83837
83839
83840
83842
83843
83848
83849
83850
83851
83852
83853
83854
83855
83856
83857
83858
83859
83861
83862
83863
83864
83865
83866
83867
83868
83870
83871
83872
83873
83874
83875
83876
83877
83879
83880
83881
83882
83883
83884
83885
83886
83887
83888
83889
83890
83891
83892
83893
83895
83896
83897
83898
83900
83901
83902
83903
83905
83906
83907
83908
83909
83910
83911
83912
83913
83914
83915
83916
83918
83919
83920
83921
83922
83923
83924
83926
83927
83929
83930
83932
83933
83935
83936
83937
83938
83939
83940
83941
83942
83943
83944
83945
83946
83947
83948
83949
83950
83951
83952
83953
83954
83956
83957
83958
83959
83960
83961
83962
83963
83964
83965
83966
83967
83968
83970
83971
83973
83974
83976
83977
83979
83980
83982
83983
83984
83985
83986
83987
83988
83989
83991
83992
83993
83994
83995
83996
83997
83998
