344251
344252
344253
344254
344255
344256
344257
344258
344259
344260
344261
344262
344263
344264
344265
344266
344267
344268
344269
344270
344271
344273
344274
344275
344276
344277
344278
344279
344280
344281
344282
344283
344285
344286
344287
344288
344289
344290
344291
344292
344293
344294
344295
344296
344297
344298
344299
344300
344301
344302
344303
344304
344305
344306
344307
344308
344309
344310
344311
344312
344313
344314
344315
344316
344317
344319
344320
344321
344322
344323
344324
344325
344326
344327
344328
344329
344330
344331
344332
344333
344334
344335
344336
344337
344339
344340
344341
344343
344345
344346
344348
344349
344350
344351
344353
344355
344356
344358
344359
344360
344361
344363
344364
344365
344366
344367
344368
344369
344371
344372
344373
344374
344375
344376
344377
344378
344379
344380
344381
344382
344383
344384
344385
344386
344387
344388
344389
344390
344391
344392
344393
344395
344396
344397
344398
344399
344400
344401
344402
344403
344404
344405
344406
344407
344408
344410
344411
344412
344414
344417
344418
344419
344420
344421
344423
344425
344427
344429
344430
344431
344433
344434
344435
344436
344437
344438
344439
344442
344443
344444
344445
344448
344449
344450
344451
344452
344453
344454
344455
344457
344458
344461
344462
344463
344465
344466
344467
344468
344469
344470
344471
344473
344474
344475
344476
344477
344478
344479
344481
344482
344483
344484
344485
344486
344487
344489
344490
344491
344492
344493
344494
344495
344496
344497
344498
344499
