162750
162751
162752
162753
162754
162756
162757
162758
162759
162760
162763
162764
162766
162767
162768
162771
162772
162774
162776
162777
162778
162779
162780
162781
162782
162783
162784
162786
162787
162789
162790
162791
162792
162794
162796
162797
162798
162799
162800
162801
162804
162805
162806
162808
162809
162810
162811
162812
162814
162815
162816
162817
162818
162819
162821
162823
162824
162826
162827
162828
162829
162830
162832
162833
162835
162836
162837
162838
162840
162841
162842
162843
162845
162846
162847
162848
162849
162850
162851
162852
162854
162855
162856
162857
162858
162859
162860
162861
162862
162864
162865
162866
162867
162868
162869
162871
162872
162873
162874
162875
162877
162878
162879
162880
162883
162884
162885
162886
162887
162888
162889
162891
162893
162894
162895
162896
162897
162898
162899
162900
162901
162904
162905
162906
162907
162908
162909
162910
162911
162912
162914
162915
162916
162918
162919
162920
162922
162923
162924
162926
162927
162928
162930
162933
162934
162936
162937
162938
162940
162941
162942
162943
162945
162946
162947
162948
162949
162950
162951
162952
162953
162954
162955
162957
162958
162959
162960
162961
162962
162963
162964
162965
162966
162967
162968
162969
162970
162971
162972
162973
162974
162975
162976
162977
162978
162979
162980
162981
162982
162983
162984
162985
162986
162987
162988
162989
162990
162991
162992
162995
162997
162998
162999
