73000
73001
73003
73004
73005
73006
73007
73008
73010
73012
73013
73014
73015
73017
73018
73020
73021
73023
73024
73026
73027
73028
73029
73030
73031
73032
73033
73034
73035
73036
73038
73039
73040
73041
73042
73043
73044
73045
73046
73047
73048
73049
73050
73052
73053
73055
73056
73058
73059
73060
73061
73062
73063
73064
73065
73066
73067
73068
73069
73072
73075
73078
73081
73084
73087
73090
73093
73096
73097
73099
73100
73101
73103
73104
73105
73106
73107
73108
73109
73110
73111
73112
73113
73114
73115
73118
73119
73125
73126
73127
73128
73129
73130
73131
73132
73133
73134
73135
73136
73138
73139
73141
73142
73143
73144
73145
73146
73147
73148
73149
73150
73152
73153
73155
73156
73160
73161
73164
73167
73168
73169
73170
73172
73173
73174
73175
73176
73177
73179
73180
73181
73182
73183
73184
73185
73186
73187
73188
73190
73191
73192
73194
73195
73196
73197
73198
73199
73200
73202
73204
73205
73206
73207
73208
73209
73210
73211
73212
73213
73214
73215
73216
73218
73219
73220
73221
73222
73223
73224
73226
73227
73228
73229
73230
73232
73233
73234
73235
73236
73237
73238
73239
73240
73241
73242
73243
73244
73245
73246
73247
73248
