344000
344001
344002
344004
344005
344006
344007
344008
344009
344010
344011
344012
344013
344014
344015
344016
344017
344018
344019
344020
344021
344022
344023
344024
344025
344026
344027
344028
344029
344030
344032
344033
344034
344035
344036
344037
344038
344039
344040
344041
344042
344043
344044
344045
344046
344047
344048
344049
344050
344053
344054
344055
344056
344057
344058
344059
344060
344061
344062
344063
344064
344065
344066
344067
344068
344069
344070
344071
344072
344073
344074
344075
344076
344077
344079
344080
344081
344082
344083
344085
344086
344087
344088
344090
344092
344093
344094
344095
344096
344097
344098
344099
344101
344102
344103
344104
344105
344107
344108
344109
344110
344111
344113
344114
344115
344116
344117
344118
344119
344120
344121
344122
344124
344126
344127
344128
344129
344131
344132
344133
344134
344136
344137
344138
344139
344141
344142
344143
344144
344145
344146
344147
344148
344149
344151
344152
344153
344154
344155
344156
344158
344159
344160
344161
344162
344163
344164
344166
344167
344168
344169
344170
344171
344172
344173
344174
344175
344176
344177
344178
344179
344180
344181
344182
344183
344184
344185
344186
344187
344188
344189
344190
344191
344192
344193
344194
344195
344196
344197
344198
344199
344200
344201
344202
344203
344204
344205
344206
344207
344208
344209
344210
344211
344212
344213
344215
344216
344217
344218
344219
344220
344221
344222
344223
344224
344225
344226
344227
344228
344229
344230
344231
344232
344233
344234
344236
344237
344238
344239
344241
344242
344243
344245
344246
344247
344248
344249
