1750
1751
1754
1755
1756
1757
1759
1760
1761
1762
1763
1764
1766
1767
1768
1770
1771
1772
1774
1775
1776
1778
1779
1780
1782
1783
1788
1789
1791
1792
1793
1795
1796
1797
1799
1801
1802
1803
1805
1806
1807
1809
1810
1811
1812
1813
1814
1816
1817
1819
1820
1821
1823
1824
1825
1827
1828
1829
1831
1832
1833
1835
1836
1838
1839
1842
1843
1844
1845
1846
1847
1848
1849
1854
1856
1858
1859
1860
1861
1862
1864
1865
1867
1869
1870
1871
1872
1874
1875
1876
1877
1878
1879
1880
1881
1885
1886
1887
1894
1895
1896
1897
1898
1901
1902
1904
1905
1908
1909
1910
1911
1912
1914
1915
1916
1919
1920
1921
1922
1923
1927
1928
1929
1930
1931
1932
1933
1934
1936
1937
1938
1939
1940
1941
1942
1943
1944
1945
1946
1947
1948
1949
1950
1951
1952
1953
1954
1955
1957
1958
1959
1961
1962
1963
1965
1966
1967
1968
1969
1971
1972
1973
1974
1977
1978
1979
1982
1983
1984
1986
1987
1988
1989
1990
1991
1994
1995
1996
1997
1998
1999
