238001
238002
238003
238004
238005
238006
238007
238009
238010
238011
238012
238013
238014
238016
238018
238019
238020
238021
238022
238023
238024
238025
238026
238027
238028
238029
238030
238031
238032
238033
238034
238035
238036
238037
238039
238040
238041
238042
238045
238046
238048
238049
238051
238052
238053
238054
238058
238059
238060
238061
238065
238066
238067
238068
238072
238073
238074
238075
238076
238077
238079
238081
238082
238084
238085
238088
238089
238090
238091
238093
238095
238096
238098
238099
238100
238101
238102
238103
238104
238105
238106
238108
238109
238110
238111
238112
238115
238117
238119
238120
238121
238124
238125
238126
238129
238130
238131
238132
238134
238135
238136
238137
238138
238139
238140
238142
238143
238144
238145
238146
238147
238148
238149
238150
238152
238153
238154
238157
238158
238159
238160
238162
238163
238166
238167
238168
238170
238171
238172
238173
238174
238175
238176
238178
238179
238182
238183
238184
238186
238187
238188
238190
238191
238194
238195
238196
238197
238198
238200
238203
238204
238205
238206
238207
238208
238209
238210
238211
238212
238213
238214
238215
238216
238217
238218
238219
238220
238221
238222
238223
238224
238225
238226
238227
238228
238229
238230
238231
238232
238233
238234
238235
238236
238238
238239
238240
238241
238242
238243
238245
238246
238247
238248
238249
