261250
261251
261253
261254
261257
261258
261259
261260
261261
261262
261263
261265
261266
261267
261268
261269
261270
261271
261272
261273
261274
261276
261278
261279
261280
261281
261282
261283
261284
261286
261288
261289
261290
261291
261292
261293
261295
261296
261297
261298
261299
261300
261301
261302
261303
261305
261306
261307
261308
261309
261312
261313
261314
261315
261317
261319
261320
261321
261323
261324
261325
261326
261327
261328
261329
261330
261331
261332
261333
261334
261335
261336
261339
261342
261343
261345
261346
261348
261350
261351
261352
261353
261354
261355
261357
261359
261360
261361
261362
261364
261366
261367
261368
261369
261371
261373
261374
261375
261376
261378
261380
261381
261382
261383
261384
261386
261387
261388
261389
261391
261392
261394
261396
261398
261399
261400
261401
261403
261404
261405
261406
261408
261409
261410
261411
261413
261414
261415
261416
261418
261419
261420
261421
261423
261424
261425
261426
261428
261429
261430
261431
261433
261434
261435
261438
261439
261440
261442
261443
261444
261445
261447
261448
261449
261450
261451
261452
261453
261455
261456
261458
261459
261460
261461
261462
261463
261464
261465
261466
261467
261468
261469
261470
261472
261473
261474
261476
261477
261478
261479
261480
261481
261482
261483
261484
261485
261486
261488
261489
261490
261491
261492
261494
261495
261496
261498
261499
