453501
453502
453503
453504
453505
453506
453507
453508
453509
453510
453511
453512
453513
453514
453515
453516
453517
453518
453519
453520
453521
453522
453524
453525
453527
453528
453530
453531
453532
453533
453534
453535
453536
453537
453538
453539
453541
453543
453544
453545
453546
453547
453548
453549
453550
453551
453552
453553
453554
453555
453556
453558
453560
453562
453563
453564
453565
453566
453568
453569
453570
453571
453572
453574
453575
453576
453577
453578
453579
453580
453581
453582
453583
453584
453585
453586
453587
453588
453590
453591
453592
453593
453594
453595
453596
453597
453599
453600
453602
453603
453605
453606
453607
453608
453609
453610
453612
453613
453614
453615
453616
453617
453618
453619
453621
453622
453624
453625
453627
453628
453629
453630
453631
453632
453634
453635
453636
453637
453638
453639
453640
453641
453643
453644
453646
453647
453649
453650
453651
453652
453653
453654
453656
453657
453658
453659
453660
453661
453662
453663
453664
453665
453666
453667
453668
453670
453671
453672
453673
453674
453675
453676
453677
453678
453679
453680
453683
453684
453686
453687
453688
453689
453690
453691
453692
453693
453695
453696
453700
453701
453702
453703
453704
453706
453707
453708
453709
453710
453714
453715
453716
453717
453719
453720
453722
453724
453725
453726
453727
453728
453729
453730
453731
453732
453733
453734
453735
453737
453738
453739
453740
453741
453742
453743
453744
453745
453746
453748
453749
