320502
320505
320508
320510
320511
320512
320513
320514
320516
320517
320518
320519
320520
320522
320523
320524
320525
320526
320528
320529
320530
320531
320532
320534
320535
320536
320537
320538
320540
320541
320542
320543
320544
320546
320547
320548
320549
320550
320551
320552
320553
320554
320556
320558
320560
320561
320562
320563
320564
320565
320566
320567
320568
320570
320571
320573
320574
320575
320576
320579
320580
320581
320583
320584
320585
320587
320588
320589
320591
320592
320593
320594
320595
320596
320598
320599
320602
320603
320604
320606
320607
320608
320609
320610
320611
320612
320613
320614
320615
320616
320617
320618
320619
320620
320621
320622
320623
320624
320625
320626
320627
320628
320629
320630
320631
320632
320633
320634
320635
320636
320637
320638
320639
320640
320641
320642
320643
320644
320645
320646
320647
320648
320649
320650
320651
320652
320653
320654
320655
320656
320657
320658
320659
320660
320661
320662
320663
320664
320665
320666
320667
320668
320669
320670
320671
320672
320673
320674
320675
320676
320677
320679
320680
320681
320682
320683
320684
320685
320686
320687
320688
320689
320690
320691
320692
320694
320696
320698
320699
320700
320701
320702
320703
320704
320705
320707
320708
320709
320710
320711
320712
320713
320714
320715
320716
320717
320718
320719
320722
320723
320724
320725
320726
320727
320728
320729
320730
320731
320732
320734
320735
320736
320737
320738
320739
320740
320741
320742
320744
320746
320748
320749
