424500
424501
424503
424504
424505
424506
424508
424509
424511
424512
424513
424514
424515
424517
424518
424519
424520
424521
424522
424523
424524
424525
424526
424527
424528
424529
424530
424531
424533
424535
424536
424537
424538
424539
424540
424541
424542
424543
424544
424545
424546
424547
424548
424549
424550
424552
424554
424555
424556
424558
424560
424562
424563
424564
424565
424566
424567
424569
424570
424571
424572
424573
424574
424575
424576
424577
424578
424581
424582
424583
424584
424585
424586
424587
424588
424589
424590
424591
424592
424593
424594
424595
424598
424599
424600
424601
424602
424603
424604
424605
424606
424607
424608
424609
424610
424611
424616
424617
424619
424620
424621
424623
424624
424625
424626
424627
424628
424629
424630
424631
424632
424633
424634
424635
424636
424637
424638
424640
424643
424645
424646
424647
424649
424651
424652
424653
424654
424656
424657
424658
424659
424661
424662
424663
424664
424666
424667
424668
424669
424671
424672
424673
424674
424676
424677
424678
424679
424681
424682
424683
424684
424686
424687
424688
424689
424690
424691
424692
424693
424694
424695
424696
424697
424698
424699
424700
424701
424702
424703
424704
424706
424707
424708
424709
424711
424712
424713
424714
424715
424716
424718
424719
424720
424721
424723
424724
424725
424726
424727
424728
424729
424732
424733
424736
424737
424738
424739
424740
424741
424742
424743
424744
424745
424746
424747
424748
424749
