180250
180251
180253
180254
180255
180257
180258
180259
180260
180264
180266
180267
180268
180269
180270
180271
180273
180274
180275
180277
180278
180279
180280
180284
180287
180288
180289
180291
180292
180293
180294
180298
180301
180302
180303
180305
180306
180307
180308
180312
180315
180316
180317
180319
180320
180321
180322
180326
180328
180329
180330
180331
180332
180333
180334
180335
180336
180337
180338
180339
180340
180341
180342
180343
180345
180346
180348
180349
180350
180351
180352
180353
180355
180356
180358
180359
180360
180362
180363
180365
180367
180368
180369
180371
180372
180374
180376
180377
180378
180380
180381
180383
180385
180386
180387
180390
180391
180392
180393
180394
180395
180396
180397
180398
180400
180401
180402
180403
180404
180405
180407
180408
180409
180410
180411
180412
180414
180415
180416
180417
180418
180420
180421
180422
180424
180425
180426
180427
180429
180430
180431
180432
180433
180434
180435
180436
180438
180439
180440
180441
180442
180443
180444
180445
180446
180447
180448
180449
180450
180451
180452
180453
180454
180456
180457
180459
180464
180465
180466
180467
180468
180469
180470
180471
180472
180473
180474
180475
180476
180478
180480
180481
180483
180484
180485
180486
180487
180488
180490
180491
180492
180493
180494
180495
180496
180497
180498
