361750
361751
361753
361754
361755
361756
361758
361759
361761
361762
361763
361764
361766
361767
361769
361770
361771
361772
361773
361775
361776
361777
361778
361780
361781
361782
361784
361785
361787
361788
361789
361790
361791
361793
361795
361796
361797
361799
361800
361801
361802
361804
361805
361807
361808
361809
361810
361812
361814
361815
361816
361817
361819
361821
361823
361825
361826
361827
361828
361829
361830
361832
361833
361834
361835
361837
361838
361839
361840
361842
361843
361844
361845
361846
361847
361848
361849
361850
361851
361852
361853
361854
361855
361856
361858
361859
361860
361861
361862
361864
361865
361866
361867
361868
361870
361871
361872
361875
361877
361878
361879
361881
361882
361883
361884
361886
361887
361891
361893
361894
361896
361897
361898
361902
361904
361905
361906
361907
361908
361910
361912
361913
361915
361917
361919
361920
361921
361923
361925
361926
361927
361928
361929
361930
361931
361937
361938
361941
361942
361943
361944
361945
361947
361948
361950
361951
361953
361954
361955
361956
361957
361959
361960
361961
361962
361964
361965
361966
361967
361968
361969
361970
361972
361973
361974
361975
361977
361978
361979
361980
361981
361983
361984
361986
361988
361989
361990
361991
361992
361993
361995
361997
361998
361999
