164250
164251
164253
164254
164257
164258
164262
164263
164265
164266
164267
164268
164269
164270
164271
164272
164273
164274
164275
164276
164277
164278
164279
164280
164281
164282
164283
164284
164285
164286
164287
164288
164289
164290
164295
164296
164297
164298
164299
164302
164303
164304
164306
164307
164308
164309
164310
164311
164312
164313
164314
164316
164317
164318
164319
164320
164321
164322
164324
164325
164326
164327
164328
164329
164331
164332
164333
164334
164335
164336
164338
164339
164340
164341
164342
164343
164344
164345
164346
164347
164348
164349
164350
164351
164352
164353
164354
164355
164356
164357
164358
164359
164360
164361
164362
164363
164364
164365
164366
164367
164368
164369
164370
164371
164372
164373
164374
164375
164376
164377
164378
164379
164380
164381
164382
164383
164384
164385
164386
164388
164389
164390
164391
164393
164394
164396
164397
164398
164399
164400
164401
164402
164403
164404
164405
164406
164407
164408
164409
164410
164411
164412
164413
164414
164415
164416
164417
164418
164419
164420
164421
164422
164423
164424
164425
164426
164427
164428
164429
164430
164431
164432
164433
164434
164435
164436
164437
164438
164439
164440
164441
164442
164443
164444
164445
164446
164447
164448
164449
164450
164451
164452
164453
164454
164455
164456
164457
164458
164459
164460
164461
164462
164463
164464
164465
164466
164467
164468
164469
164470
164471
164472
164473
164474
164475
164476
164477
164478
164479
164480
164481
164482
164483
164484
164485
164486
164487
164488
164489
164490
164491
164492
164493
164494
164495
164496
164497
164498
164499
