437250
437251
437252
437253
437254
437255
437256
437257
437258
437259
437260
437261
437263
437264
437265
437266
437267
437268
437269
437270
437271
437272
437273
437274
437275
437276
437277
437278
437279
437280
437281
437282
437283
437284
437285
437287
437288
437289
437290
437291
437292
437293
437294
437295
437296
437297
437298
437299
437301
437302
437303
437304
437306
437307
437308
437309
437310
437311
437312
437313
437315
437316
437317
437319
437320
437321
437323
437324
437325
437326
437327
437328
437330
437331
437332
437334
437336
437340
437341
437342
437343
437344
437345
437346
437347
437348
437349
437350
437351
437352
437354
437355
437356
437359
437361
437363
437364
437365
437366
437367
437368
437369
437370
437371
437372
437374
437375
437376
437377
437378
437379
437380
437381
437382
437385
437386
437387
437388
437389
437390
437391
437392
437393
437395
437396
437397
437398
437399
437400
437401
437402
437403
437404
437406
437407
437408
437409
437410
437411
437412
437413
437414
437415
437416
437417
437418
437419
437420
437423
437424
437427
437428
437429
437430
437431
437433
437434
437435
437436
437438
437439
437440
437441
437443
437444
437445
437446
437448
437449
437450
437451
437452
437453
437454
437455
437456
437457
437458
437459
437461
437462
437463
437464
437466
437467
437468
437469
437470
437471
437472
437473
437474
437475
437476
437477
437478
437479
437480
437481
437482
437483
437484
437485
437486
437487
437488
437489
437490
437491
437492
437493
437494
437496
437497
437498
437499
