217750
217751
217752
217753
217754
217755
217756
217757
217758
217759
217760
217761
217762
217764
217765
217766
217768
217770
217774
217775
217776
217777
217778
217779
217780
217781
217782
217783
217784
217785
217786
217787
217788
217789
217790
217791
217792
217793
217794
217795
217796
217797
217798
217799
217800
217801
217802
217803
217804
217805
217806
217807
217808
217809
217810
217811
217812
217813
217814
217815
217816
217817
217818
217819
217820
217821
217822
217823
217824
217825
217826
217828
217829
217830
217831
217832
217833
217834
217835
217836
217837
217838
217839
217840
217841
217842
217843
217844
217845
217846
217847
217849
217850
217851
217852
217853
217856
217861
217862
217863
217864
217865
217868
217869
217871
217873
217874
217875
217877
217880
217881
217882
217883
217885
217886
217887
217888
217889
217890
217891
217893
217894
217895
217896
217897
217898
217905
217906
217907
217908
217909
217910
217911
217914
217915
217916
217919
217920
217921
217922
217923
217924
217925
217926
217927
217928
217929
217930
217931
217932
217933
217934
217935
217936
217937
217938
217939
217940
217941
217942
217943
217944
217945
217946
217947
217948
217949
217950
217951
217952
217953
217954
217955
217956
217957
217958
217959
217962
217963
217964
217965
217967
217968
217969
217970
217971
217972
217973
217974
217975
217977
217978
217979
217980
217981
217982
217983
217984
217985
217987
217988
217989
217990
217991
217992
217993
217994
217995
217997
217998
217999
