346500
346501
346503
346504
346505
346506
346507
346508
346509
346511
346515
346516
346517
346519
346520
346521
346525
346528
346529
346531
346532
346533
346538
346539
346540
346541
346544
346546
346547
346549
346550
346551
346552
346553
346554
346556
346558
346559
346560
346561
346562
346563
346564
346565
346566
346567
346568
346569
346570
346571
346572
346573
346574
346576
346580
346581
346582
346583
346584
346585
346586
346588
346589
346590
346591
346592
346593
346596
346597
346598
346599
346600
346601
346602
346603
346604
346607
346608
346609
346610
346611
346612
346613
346614
346615
346616
346618
346619
346620
346621
346622
346623
346624
346625
346626
346627
346628
346629
346630
346631
346632
346633
346634
346635
346636
346637
346638
346639
346640
346641
346644
346645
346646
346647
346648
346651
346652
346653
346655
346656
346657
346659
346660
346661
346662
346663
346666
346667
346668
346669
346670
346671
346672
346673
346674
346675
346676
346677
346678
346679
346682
346683
346684
346685
346686
346687
346689
346691
346692
346696
346697
346698
346699
346700
346701
346702
346703
346704
346705
346706
346708
346709
346710
346711
346712
346713
346714
346715
346716
346717
346719
346720
346721
346722
346723
346724
346725
346726
346727
346729
346730
346731
346732
346733
346734
346736
346737
346739
346740
346741
346742
346743
346744
346745
346746
346747
346748
346749
