377000
377001
377002
377003
377004
377005
377007
377008
377010
377011
377013
377014
377015
377017
377019
377020
377022
377023
377024
377025
377026
377027
377028
377029
377030
377031
377032
377033
377034
377035
377036
377037
377038
377039
377040
377041
377042
377043
377044
377045
377046
377047
377049
377050
377051
377052
377053
377054
377055
377056
377057
377060
377064
377065
377066
377067
377068
377069
377071
377072
377073
377074
377075
377076
377077
377078
377079
377080
377081
377082
377083
377086
377096
377097
377098
377099
377100
377101
377102
377103
377104
377105
377106
377110
377112
377113
377114
377115
377116
377117
377118
377119
377121
377122
377123
377124
377126
377127
377128
377129
377130
377131
377132
377134
377135
377136
377137
377138
377139
377140
377141
377142
377143
377144
377145
377146
377148
377150
377151
377152
377153
377154
377155
377156
377158
377159
377160
377161
377162
377163
377164
377165
377166
377167
377168
377169
377170
377171
377173
377174
377175
377176
377177
377178
377179
377181
377182
377183
377184
377186
377187
377188
377189
377190
377191
377192
377193
377194
377196
377197
377198
377199
377200
377201
377202
377203
377205
377206
377207
377208
377209
377210
377211
377212
377214
377215
377216
377217
377218
377219
377220
377221
377222
377223
377224
377225
377226
377228
377229
377230
377233
377235
377236
377237
377238
377239
377240
377241
377242
377243
377244
377245
377247
377248
377249
