221750
221751
221752
221753
221755
221756
221757
221758
221759
221760
221761
221762
221763
221764
221765
221766
221767
221768
221769
221770
221771
221772
221773
221774
221775
221776
221777
221778
221779
221780
221781
221782
221783
221784
221785
221786
221787
221789
221790
221791
221792
221793
221794
221795
221796
221797
221798
221799
221800
221802
221803
221805
221806
221807
221808
221811
221812
221813
221815
221816
221817
221819
221820
221821
221823
221824
221825
221827
221828
221829
221831
221832
221833
221834
221835
221836
221837
221838
221841
221842
221843
221844
221845
221847
221848
221850
221851
221853
221854
221855
221856
221858
221859
221860
221862
221863
221864
221865
221868
221869
221871
221872
221873
221874
221875
221877
221878
221879
221880
221881
221883
221886
221887
221889
221890
221891
221892
221893
221894
221895
221896
221899
221900
221902
221903
221904
221905
221906
221908
221910
221911
221912
221915
221917
221918
221919
221920
221922
221923
221924
221925
221927
221928
221929
221930
221931
221932
221933
221934
221935
221937
221938
221939
221940
221941
221942
221943
221944
221947
221948
221950
221951
221952
221954
221955
221956
221958
221959
221960
221961
221962
221963
221964
221965
221966
221968
221969
221970
221971
221974
221976
221977
221978
221979
221980
221981
221982
221984
221985
221987
221988
221989
221990
221991
221993
221994
221995
221996
221997
221998
221999
