24000
24001
24002
24003
24004
24005
24006
24008
24009
24010
24011
24015
24016
24019
24020
24021
24022
24023
24024
24027
24028
24029
24030
24031
24035
24036
24038
24039
24040
24041
24042
24043
24045
24046
24048
24049
24051
24052
24053
24054
24055
24056
24058
24059
24060
24061
24063
24064
24065
24066
24067
24069
24070
24071
24072
24075
24077
24078
24079
24080
24081
24082
24084
24085
24086
24087
24088
24089
24090
24094
24095
24096
24097
24098
24099
24100
24101
24103
24105
24106
24107
24108
24109
24110
24111
24112
24114
24117
24119
24120
24121
24126
24127
24128
24129
24130
24132
24135
24136
24137
24138
24139
24140
24141
24142
24143
24144
24145
24146
24148
24149
24150
24151
24152
24153
24154
24157
24158
24159
24161
24162
24163
24164
24165
24166
24167
24169
24170
24171
24175
24176
24177
24180
24181
24182
24183
24184
24185
24186
24187
24188
24189
24190
24191
24195
24196
24197
24198
24199
24201
24203
24204
24205
24206
24207
24208
24209
24210
24211
24212
24213
24214
24215
24216
24217
24218
24219
24220
24221
24222
24223
24224
24225
24226
24230
24231
24233
24234
24235
24237
24238
24239
24240
24241
24242
24244
24245
24246
24247
24248
24249
