445500
445501
445503
445504
445505
445507
445508
445509
445510
445511
445512
445514
445515
445516
445517
445518
445519
445520
445521
445522
445523
445524
445525
445526
445527
445528
445529
445530
445531
445533
445534
445535
445536
445537
445538
445539
445544
445547
445550
445551
445552
445554
445555
445556
445557
445558
445559
445560
445561
445562
445563
445565
445566
445567
445568
445569
445570
445571
445574
445575
445576
445577
445578
445579
445580
445581
445582
445583
445584
445585
445586
445587
445588
445589
445590
445591
445593
445594
445596
445597
445598
445599
445601
445602
445603
445604
445605
445606
445607
445610
445611
445613
445614
445615
445616
445617
445619
445620
445623
445624
445626
445627
445628
445629
445630
445631
445635
445636
445637
445638
445642
445644
445645
445646
445647
445648
445652
445653
445654
445655
445659
445660
445661
445662
445666
445667
445668
445669
445673
445674
445675
445676
445680
445681
445682
445683
445684
445685
445686
445687
445688
445689
445690
445691
445692
445693
445694
445696
445697
445698
445699
445700
445701
445702
445703
445704
445706
445707
445708
445709
445710
445712
445714
445715
445716
445717
445721
445722
445723
445724
445725
445726
445727
445728
445729
445731
445733
445734
445735
445736
445737
445738
445739
445740
445741
445742
445743
445744
445745
445746
445747
445748
445749
