246500
246501
246502
246504
246505
246506
246508
246509
246510
246511
246513
246514
246515
246516
246517
246519
246520
246523
246524
246525
246526
246527
246528
246529
246530
246531
246532
246533
246534
246538
246539
246540
246541
246543
246545
246547
246548
246549
246550
246551
246552
246553
246554
246555
246559
246560
246561
246562
246563
246564
246566
246567
246568
246569
246570
246571
246572
246573
246574
246575
246576
246577
246578
246579
246580
246581
246582
246583
246584
246585
246586
246587
246588
246589
246590
246592
246593
246595
246596
246597
246598
246599
246600
246601
246602
246603
246604
246605
246606
246607
246608
246609
246610
246611
246614
246616
246617
246619
246620
246621
246622
246623
246624
246625
246626
246627
246628
246629
246630
246631
246633
246636
246637
246638
246639
246640
246641
246642
246643
246645
246646
246647
246649
246650
246651
246652
246654
246655
246656
246657
246658
246659
246660
246661
246663
246664
246665
246666
246667
246669
246670
246671
246672
246673
246675
246676
246677
246678
246680
246681
246683
246684
246685
246688
246689
246690
246691
246692
246693
246694
246695
246698
246699
246700
246701
246704
246705
246706
246707
246710
246711
246712
246713
246714
246715
246716
246717
246718
246719
246720
246721
246722
246723
246724
246725
246726
246727
246728
246729
246730
246731
246732
246733
246734
246735
246736
246737
246738
246739
246740
246741
246743
246744
246745
246746
246748
246749
