300500
300501
300502
300503
300504
300505
300506
300507
300508
300509
300510
300512
300513
300514
300515
300516
300517
300518
300519
300520
300521
300522
300523
300524
300525
300526
300527
300532
300533
300534
300535
300536
300537
300538
300539
300541
300543
300544
300545
300546
300547
300548
300549
300550
300551
300552
300553
300554
300555
300556
300557
300558
300559
300560
300561
300562
300563
300564
300565
300566
300567
300568
300569
300570
300571
300573
300574
300575
300576
300578
300579
300580
300581
300583
300585
300586
300587
300588
300590
300592
300594
300595
300596
300597
300599
300600
300602
300603
300604
300605
300607
300609
300610
300611
300612
300613
300614
300615
300618
300619
300620
300621
300622
300623
300624
300625
300626
300627
300628
300629
300630
300631
300632
300633
300634
300635
300636
300637
300638
300639
300640
300641
300642
300643
300644
300645
300646
300647
300649
300650
300651
300652
300653
300654
300655
300656
300657
300658
300659
300660
300661
300662
300663
300664
300665
300666
300667
300668
300669
300670
300671
300672
300673
300674
300675
300676
300677
300678
300679
300680
300681
300683
300684
300685
300686
300688
300689
300690
300691
300692
300696
300697
300698
300702
300703
300704
300707
300709
300710
300712
300714
300715
300716
300719
300720
300721
300722
300724
300726
300730
300731
300732
300733
300734
300736
300737
300738
300739
300741
300742
300743
300744
300749
