237000
237001
237002
237003
237004
237005
237006
237007
237008
237009
237010
237011
237012
237013
237015
237016
237017
237018
237019
237020
237021
237022
237023
237024
237025
237026
237027
237028
237029
237030
237031
237032
237033
237034
237035
237036
237037
237038
237039
237040
237041
237042
237043
237045
237046
237047
237048
237049
237050
237051
237052
237053
237054
237057
237059
237061
237062
237063
237064
237066
237067
237068
237069
237070
237072
237073
237074
237075
237076
237078
237079
237080
237081
237082
237084
237085
237086
237087
237088
237090
237091
237092
237093
237094
237095
237096
237098
237100
237101
237102
237103
237104
237105
237106
237108
237109
237110
237112
237114
237115
237116
237117
237121
237122
237123
237124
237125
237126
237127
237128
237130
237131
237132
237133
237134
237135
237138
237139
237140
237141
237142
237143
237145
237146
237147
237148
237149
237151
237153
237154
237155
237156
237157
237158
237159
237160
237161
237162
237163
237164
237165
237166
237167
237168
237169
237170
237171
237172
237173
237174
237175
237176
237177
237178
237179
237180
237181
237182
237183
237184
237185
237186
237187
237188
237189
237190
237191
237192
237193
237194
237195
237196
237197
237198
237199
237200
237201
237202
237203
237204
237205
237206
237207
237208
237209
237210
237211
237212
237213
237214
237215
237216
237217
237218
237219
237220
237221
237222
237223
237224
237225
237226
237227
237228
237229
237230
237231
237232
237233
237234
237235
237236
237237
237238
237239
237240
237241
237242
237243
237244
237245
237246
237247
237248
237249
