72750
72751
72752
72754
72755
72756
72757
72758
72759
72760
72761
72762
72764
72765
72767
72769
72770
72771
72774
72775
72777
72778
72779
72780
72781
72782
72783
72784
72786
72787
72788
72789
72790
72791
72793
72794
72797
72798
72807
72809
72810
72811
72812
72813
72818
72819
72820
72821
72822
72823
72824
72826
72827
72828
72829
72830
72831
72833
72834
72835
72838
72840
72842
72844
72845
72846
72848
72849
72850
72853
72854
72857
72858
72863
72864
72868
72870
72872
72873
72874
72875
72876
72877
72878
72879
72880
72881
72882
72883
72885
72888
72889
72890
72892
72893
72896
72897
72898
72899
72900
72902
72904
72905
72909
72910
72911
72912
72913
72914
72915
72916
72917
72920
72921
72922
72923
72925
72926
72927
72928
72929
72932
72933
72934
72936
72938
72939
72940
72943
72944
72945
72947
72949
72950
72953
72955
72958
72959
72960
72962
72964
72965
72968
72971
72972
72973
72975
72977
72978
72979
72982
72983
72984
72986
72988
72989
72990
72993
72994
72995
72997
72999
