441001
441002
441004
441005
441006
441007
441011
441012
441013
441015
441017
441018
441020
441022
441023
441024
441025
441026
441027
441029
441030
441031
441032
441034
441035
441036
441037
441041
441042
441046
441047
441051
441052
441056
441057
441061
441062
441063
441064
441065
441066
441067
441068
441069
441070
441071
441072
441073
441074
441075
441076
441077
441078
441079
441080
441081
441082
441083
441084
441085
441086
441087
441088
441089
441091
441092
441093
441094
441095
441097
441098
441099
441100
441101
441102
441103
441109
441110
441111
441112
441114
441115
441116
441117
441118
441119
441120
441121
441122
441123
441124
441126
441127
441128
441129
441130
441132
441133
441134
441135
441137
441139
441140
441141
441143
441144
441145
441146
441148
441150
441151
441152
441153
441154
441155
441156
441157
441158
441159
441161
441162
441163
441164
441165
441166
441168
441169
441170
441171
441172
441174
441175
441176
441177
441178
441179
441181
441182
441183
441184
441185
441187
441188
441189
441190
441192
441193
441194
441195
441196
441198
441199
441200
441201
441202
441203
441204
441205
441206
441207
441208
441210
441211
441212
441213
441214
441215
441216
441217
441218
441219
441220
441221
441223
441224
441225
441226
441227
441228
441229
441230
441231
441233
441234
441235
441236
441237
441238
441239
441240
441241
441242
441243
441244
441245
