98750
98751
98752
98753
98754
98755
98757
98759
98760
98761
98762
98763
98764
98765
98766
98767
98770
98772
98773
98774
98775
98777
98778
98780
98783
98785
98786
98787
98788
98789
98790
98791
98792
98793
98794
98795
98796
98799
98800
98801
98803
98804
98805
98806
98807
98808
98809
98810
98811
98812
98813
98814
98820
98822
98823
98824
98825
98826
98827
98828
98829
98830
98832
98833
98834
98835
98836
98837
98838
98840
98841
98843
98844
98845
98846
98848
98849
98850
98852
98853
98854
98855
98856
98857
98858
98859
98860
98861
98862
98863
98865
98866
98867
98868
98869
98870
98871
98873
98874
98875
98876
98877
98878
98879
98880
98881
98882
98883
98884
98886
98887
98888
98889
98890
98891
98892
98894
98895
98896
98897
98898
98899
98900
98901
98902
98903
98904
98905
98907
98908
98909
98910
98911
98912
98913
98914
98915
98916
98917
98918
98919
98920
98921
98922
98923
98924
98925
98926
98927
98928
98929
98930
98931
98933
98934
98936
98938
98939
98941
98942
98943
98944
98945
98946
98947
98948
98949
98950
98951
98953
98955
98956
98957
98958
98959
98960
98961
98962
98963
98964
98965
98966
98968
98970
98971
98972
98973
98974
98975
98976
98977
98978
98979
98980
98981
98982
98983
98984
98985
98986
98988
98989
98990
98992
98993
98994
98995
98996
