153250
153251
153252
153253
153255
153256
153257
153258
153260
153263
153264
153266
153267
153270
153271
153272
153273
153274
153275
153276
153277
153278
153279
153280
153281
153282
153283
153284
153285
153286
153287
153290
153291
153292
153293
153294
153295
153296
153297
153299
153300
153301
153302
153303
153304
153305
153306
153307
153308
153309
153311
153312
153314
153316
153317
153318
153319
153320
153321
153323
153325
153326
153327
153328
153330
153331
153332
153334
153336
153337
153338
153339
153340
153341
153343
153344
153345
153346
153347
153348
153349
153350
153351
153352
153353
153356
153359
153364
153365
153366
153367
153368
153369
153370
153371
153372
153377
153378
153379
153382
153383
153384
153385
153386
153387
153389
153390
153392
153393
153394
153395
153396
153399
153400
153401
153402
153403
153404
153405
153406
153407
153408
153409
153410
153411
153412
153413
153414
153415
153416
153417
153418
153419
153420
153421
153423
153424
153425
153426
153428
153429
153430
153431
153432
153434
153435
153436
153439
153440
153441
153443
153444
153445
153446
153448
153449
153452
153454
153455
153456
153457
153459
153461
153462
153464
153466
153467
153468
153469
153470
153471
153472
153474
153476
153477
153478
153479
153480
153481
153482
153483
153484
153486
153487
153488
153489
153490
153491
153492
153495
153496
153497
153498
