319250
319251
319252
319253
319254
319255
319256
319257
319259
319260
319261
319262
319263
319264
319265
319266
319267
319268
319269
319270
319271
319273
319274
319275
319276
319277
319278
319280
319281
319282
319283
319284
319285
319286
319288
319289
319290
319291
319292
319294
319295
319296
319297
319299
319300
319301
319302
319303
319304
319305
319306
319307
319308
319309
319310
319311
319313
319314
319315
319317
319319
319320
319322
319324
319325
319326
319327
319328
319329
319330
319331
319332
319333
319335
319337
319338
319339
319341
319342
319343
319345
319346
319348
319349
319351
319353
319354
319355
319357
319358
319359
319360
319361
319363
319364
319366
319368
319369
319370
319371
319373
319374
319376
319378
319380
319381
319382
319386
319387
319388
319391
319392
319395
319396
319397
319398
319399
319400
319401
319402
319403
319404
319405
319406
319407
319408
319410
319412
319413
319414
319415
319416
319418
319419
319420
319424
319425
319426
319427
319428
319430
319431
319432
319436
319437
319438
319439
319440
319442
319443
319444
319448
319449
319450
319451
319452
319454
319455
319456
319458
319460
319461
319462
319463
319464
319466
319467
319468
319472
319473
319474
319475
319476
319478
319479
319480
319484
319485
319486
319487
319488
319490
319491
319492
319496
319497
319498
319499
