387501
387502
387503
387504
387506
387507
387508
387509
387511
387512
387513
387514
387516
387517
387518
387519
387520
387521
387522
387523
387525
387526
387527
387528
387531
387532
387533
387534
387536
387537
387538
387540
387541
387542
387543
387544
387545
387547
387548
387549
387550
387551
387552
387554
387555
387556
387557
387558
387559
387561
387562
387563
387564
387565
387566
387568
387569
387571
387572
387573
387575
387576
387577
387578
387579
387580
387581
387582
387584
387585
387586
387587
387588
387589
387591
387592
387593
387594
387595
387596
387597
387598
387599
387601
387602
387603
387604
387605
387606
387607
387608
387609
387610
387611
387612
387613
387614
387615
387616
387617
387618
387619
387620
387621
387622
387623
387624
387625
387626
387627
387628
387630
387631
387632
387633
387634
387635
387636
387637
387639
387640
387641
387642
387643
387644
387645
387649
387651
387652
387653
387655
387656
387657
387658
387659
387660
387661
387662
387663
387665
387666
387670
387671
387672
387673
387674
387675
387677
387678
387679
387680
387681
387683
387684
387685
387686
387687
387688
387689
387690
387691
387692
387693
387694
387695
387696
387698
387700
387701
387702
387703
387704
387705
387706
387707
387708
387709
387710
387711
387712
387713
387714
387715
387716
387717
387718
387719
387720
387721
387722
387723
387724
387725
387726
387727
387728
387729
387730
387731
387732
387733
387734
387735
387736
387737
387738
387739
387740
387741
387742
387743
387745
387746
387747
387748
387749
