151250
151251
151252
151253
151254
151255
151256
151258
151261
151262
151263
151264
151265
151266
151267
151269
151271
151273
151274
151275
151276
151277
151278
151279
151280
151282
151283
151284
151285
151286
151287
151288
151289
151292
151295
151296
151297
151299
151301
151302
151303
151304
151305
151306
151307
151308
151309
151310
151311
151312
151313
151314
151316
151317
151318
151319
151320
151321
151322
151323
151326
151327
151328
151330
151331
151333
151335
151336
151337
151338
151340
151342
151343
151344
151345
151346
151347
151348
151349
151350
151351
151352
151353
151354
151355
151356
151357
151358
151359
151360
151362
151363
151364
151365
151368
151369
151370
151371
151373
151376
151377
151378
151380
151381
151383
151384
151385
151386
151387
151388
151389
151391
151392
151393
151394
151395
151396
151397
151398
151400
151401
151402
151403
151404
151405
151407
151408
151409
151410
151411
151412
151413
151414
151415
151416
151417
151418
151419
151420
151421
151422
151423
151424
151425
151426
151427
151429
151430
151431
151432
151433
151434
151435
151436
151437
151438
151439
151440
151441
151442
151443
151444
151445
151446
151447
151448
151449
151450
151453
151455
151458
151459
151460
151462
151464
151466
151470
151471
151472
151474
151475
151477
151479
151481
151482
151483
151484
151485
151487
151488
151490
151491
151492
151493
151494
151495
151496
151497
151498
