279000
279001
279002
279003
279004
279005
279006
279007
279008
279009
279010
279011
279012
279013
279015
279016
279018
279019
279020
279021
279022
279023
279024
279025
279026
279027
279028
279029
279030
279031
279032
279033
279034
279035
279036
279037
279038
279039
279040
279041
279042
279043
279044
279046
279048
279049
279050
279053
279055
279056
279058
279060
279061
279063
279065
279066
279067
279068
279069
279070
279071
279073
279075
279076
279077
279079
279080
279082
279084
279085
279086
279087
279088
279089
279090
279091
279092
279093
279095
279096
279097
279098
279100
279101
279102
279103
279104
279105
279107
279108
279110
279111
279112
279113
279115
279116
279117
279118
279119
279121
279122
279124
279125
279126
279127
279130
279132
279133
279134
279135
279136
279137
279139
279140
279141
279142
279143
279144
279145
279146
279147
279148
279149
279150
279151
279152
279153
279154
279155
279156
279157
279158
279159
279160
279161
279163
279164
279165
279166
279167
279168
279169
279170
279171
279172
279173
279174
279175
279176
279177
279178
279179
279182
279183
279187
279190
279191
279195
279196
279197
279198
279199
279200
279201
279202
279203
279204
279205
279206
279207
279208
279209
279210
279211
279212
279213
279214
279215
279216
279217
279218
279219
279220
279221
279222
279224
279226
279227
279228
279229
279230
279231
279233
279234
279235
279236
279237
279238
279239
279240
279241
279242
279245
279246
279247
279248
