95750
95751
95752
95754
95755
95756
95757
95758
95759
95761
95763
95765
95766
95767
95769
95770
95771
95773
95774
95775
95776
95777
95778
95779
95780
95781
95782
95783
95784
95786
95787
95788
95789
95790
95791
95792
95793
95794
95795
95797
95800
95801
95802
95803
95804
95806
95810
95811
95813
95817
95818
95820
95824
95825
95827
95831
95832
95833
95834
95837
95838
95839
95842
95843
95844
95847
95848
95849
95852
95853
95854
95857
95858
95859
95862
95863
95864
95867
95868
95869
95870
95871
95872
95873
95874
95875
95876
95877
95878
95880
95881
95882
95883
95884
95885
95886
95887
95888
95889
95890
95891
95892
95893
95894
95895
95896
95897
95899
95900
95901
95903
95905
95909
95910
95911
95912
95913
95915
95916
95917
95919
95921
95923
95925
95926
95927
95928
95929
95930
95931
95932
95933
95934
95935
95936
95937
95938
95939
95940
95941
95942
95943
95944
95945
95946
95947
95948
95949
95950
95951
95952
95953
95954
95955
95956
95957
95958
95959
95960
95962
95963
95964
95965
95967
95968
95970
95971
95972
95974
95975
95976
95977
95978
95979
95980
95981
95983
95984
95985
95986
95987
95989
95990
95991
95992
95993
95995
95996
95997
95998
95999
