88250
88251
88252
88253
88254
88255
88257
88258
88260
88261
88262
88263
88264
88266
88269
88270
88271
88273
88274
88275
88277
88278
88279
88280
88281
88282
88286
88288
88289
88290
88292
88293
88294
88295
88296
88298
88299
88302
88303
88304
88305
88307
88308
88309
88311
88312
88313
88314
88315
88317
88318
88320
88321
88323
88324
88325
88326
88327
88328
88329
88331
88332
88333
88334
88335
88340
88341
88342
88343
88345
88346
88347
88348
88350
88351
88356
88357
88359
88361
88362
88363
88364
88365
88366
88367
88368
88369
88370
88371
88372
88373
88375
88376
88377
88378
88379
88380
88382
88385
88386
88387
88388
88389
88390
88391
88392
88393
88394
88395
88396
88397
88398
88399
88400
88401
88402
88403
88404
88405
88406
88407
88408
88409
88410
88411
88413
88414
88415
88416
88417
88418
88419
88420
88422
88423
88424
88425
88426
88428
88429
88430
88432
88434
88435
88438
88440
88441
88444
88445
88446
88447
88450
88451
88452
88453
88454
88455
88456
88457
88458
88459
88460
88462
88463
88464
88465
88466
88467
88468
88469
88470
88471
88472
88475
88478
88479
88481
88482
88484
88485
88486
88487
88488
88491
88492
88493
88495
88496
88497
88498
88499
