195750
195751
195753
195754
195755
195756
195757
195758
195759
195760
195763
195764
195768
195771
195772
195773
195774
195775
195777
195778
195780
195781
195783
195784
195785
195786
195787
195788
195790
195794
195795
195797
195801
195802
195803
195807
195808
195810
195811
195815
195816
195818
195819
195823
195824
195826
195827
195831
195832
195834
195835
195837
195838
195839
195841
195842
195843
195845
195848
195849
195851
195852
195853
195854
195855
195857
195860
195862
195864
195865
195866
195867
195869
195872
195874
195875
195876
195877
195878
195880
195881
195882
195883
195884
195885
195886
195887
195888
195890
195891
195892
195893
195894
195895
195896
195897
195898
195899
195900
195901
195902
195903
195904
195905
195906
195907
195908
195909
195910
195911
195912
195914
195915
195916
195919
195920
195921
195925
195927
195930
195931
195932
195933
195934
195937
195938
195941
195942
195944
195945
195946
195947
195949
195950
195952
195953
195954
195955
195956
195957
195958
195959
195960
195961
195962
195963
195965
195966
195967
195968
195969
195970
195971
195972
195973
195974
195975
195976
195977
195978
195979
195980
195981
195983
195984
195985
195986
195987
195989
195990
195991
195992
195993
195994
195995
195996
195997
195998
