290504
290505
290506
290507
290508
290511
290512
290513
290514
290517
290520
290521
290523
290524
290525
290527
290528
290529
290530
290531
290532
290533
290534
290535
290536
290537
290538
290539
290540
290542
290543
290544
290546
290547
290548
290549
290550
290551
290552
290553
290554
290558
290559
290560
290561
290562
290563
290565
290566
290567
290569
290570
290571
290572
290574
290576
290577
290579
290580
290581
290582
290583
290586
290587
290588
290589
290590
290591
290592
290594
290595
290596
290597
290598
290601
290602
290604
290605
290606
290607
290608
290610
290611
290612
290615
290616
290618
290619
290621
290622
290623
290625
290626
290628
290629
290630
290632
290633
290635
290636
290637
290639
290640
290642
290643
290644
290646
290647
290649
290650
290651
290653
290654
290656
290657
290658
290660
290661
290663
290664
290665
290667
290668
290669
290670
290671
290673
290675
290676
290677
290679
290680
290681
290684
290685
290686
290687
290689
290690
290691
290692
290693
290694
290695
290697
290698
290699
290700
290701
290704
290705
290706
290707
290708
290709
290710
290711
290712
290713
290714
290715
290716
290717
290720
290723
290726
290727
290731
290732
290733
290734
290736
290737
290738
290739
290740
290741
290744
290745
290746
290747
290748
290749
