62000
62001
62002
62003
62004
62005
62006
62008
62009
62011
62014
62016
62018
62019
62020
62021
62022
62023
62024
62025
62028
62029
62030
62033
62034
62035
62036
62037
62038
62039
62040
62041
62043
62044
62045
62046
62047
62048
62049
62050
62051
62052
62053
62054
62056
62057
62058
62059
62060
62061
62062
62063
62064
62065
62066
62067
62068
62069
62071
62072
62073
62074
62075
62076
62079
62081
62082
62083
62084
62085
62086
62087
62088
62089
62090
62091
62092
62094
62095
62096
62097
62098
62099
62100
62102
62103
62108
62113
62114
62115
62116
62117
62118
62119
62120
62121
62123
62124
62125
62126
62127
62128
62130
62131
62133
62134
62139
62140
62141
62142
62143
62144
62145
62146
62147
62148
62149
62150
62151
62152
62154
62157
62158
62159
62160
62161
62162
62163
62167
62168
62169
62173
62174
62176
62177
62178
62180
62181
62182
62184
62185
62186
62187
62188
62190
62191
62192
62193
62194
62196
62197
62198
62199
62200
62202
62203
62204
62205
62206
62208
62209
62210
62211
62212
62214
62215
62216
62217
62218
62220
62221
62222
62223
62224
62225
62226
62227
62228
62229
62231
62234
62235
62237
62238
62239
62240
62241
62245
62247
62249
