130002
130003
130004
130005
130007
130008
130009
130010
130011
130012
130013
130014
130015
130016
130017
130018
130020
130021
130022
130024
130025
130026
130027
130028
130029
130030
130031
130033
130034
130035
130037
130038
130039
130041
130042
130043
130045
130046
130047
130049
130050
130051
130053
130054
130055
130057
130058
130059
130061
130062
130063
130065
130066
130067
130068
130069
130070
130071
130072
130073
130074
130076
130077
130078
130079
130080
130082
130083
130084
130085
130086
130087
130088
130090
130091
130092
130093
130094
130095
130096
130097
130098
130099
130100
130101
130102
130103
130104
130105
130106
130107
130108
130111
130112
130113
130114
130117
130118
130119
130120
130121
130122
130123
130124
130125
130126
130132
130133
130134
130135
130136
130137
130138
130139
130140
130141
130142
130143
130144
130145
130146
130147
130148
130149
130150
130151
130152
130153
130155
130156
130157
130158
130159
130160
130161
130162
130163
130164
130165
130166
130167
130168
130169
130170
130171
130172
130173
130174
130175
130176
130177
130178
130179
130180
130181
130182
130184
130185
130186
130187
130189
130190
130191
130192
130194
130196
130197
130199
130201
130202
130204
130206
130207
130208
130209
130210
130211
130212
130213
130215
130216
130217
130218
130219
130220
130221
130222
130223
130224
130225
130226
130227
130228
130229
130230
130231
130232
130233
130234
130236
130237
130238
130239
130240
130241
130242
130243
130245
130246
130247
130248
130249
