322250
322251
322252
322253
322254
322255
322256
322257
322258
322259
322260
322261
322262
322263
322264
322265
322266
322267
322268
322269
322270
322271
322272
322273
322274
322275
322276
322277
322278
322279
322280
322281
322283
322284
322285
322286
322287
322288
322290
322291
322293
322294
322295
322296
322297
322298
322300
322301
322303
322304
322305
322306
322307
322308
322310
322311
322313
322314
322315
322316
322317
322318
322320
322321
322323
322324
322325
322326
322327
322328
322330
322331
322332
322333
322334
322335
322337
322339
322340
322342
322343
322345
322347
322349
322350
322351
322352
322353
322354
322355
322357
322358
322359
322361
322362
322363
322365
322367
322369
322370
322371
322372
322373
322375
322376
322377
322379
322380
322381
322382
322384
322385
322386
322387
322388
322390
322391
322392
322393
322394
322396
322397
322398
322400
322401
322402
322404
322405
322406
322408
322409
322410
322411
322412
322413
322414
322415
322416
322417
322419
322420
322421
322422
322423
322426
322428
322429
322430
322431
322433
322434
322435
322436
322437
322438
322440
322441
322442
322443
322444
322445
322446
322447
322448
322449
322450
322451
322452
322453
322454
322455
322456
322457
322458
322459
322460
322461
322462
322463
322464
322465
322466
322467
322468
322469
322470
322471
322472
322474
322475
322476
322477
322478
322479
322480
322481
322482
322483
322484
322485
322486
322487
322488
322489
322491
322494
322496
322497
322498
322499
