192001
192004
192005
192006
192010
192011
192012
192013
192015
192016
192018
192020
192021
192022
192023
192024
192025
192026
192027
192029
192030
192031
192032
192033
192034
192035
192036
192037
192038
192039
192040
192041
192042
192043
192044
192045
192046
192047
192048
192049
192050
192051
192052
192053
192054
192056
192057
192058
192059
192060
192061
192062
192063
192064
192065
192066
192067
192068
192069
192070
192071
192072
192073
192074
192075
192076
192077
192078
192079
192080
192081
192082
192084
192085
192086
192087
192088
192089
192090
192091
192093
192094
192095
192096
192097
192098
192099
192100
192101
192102
192103
192104
192105
192106
192107
192108
192109
192110
192111
192112
192113
192114
192115
192117
192118
192119
192120
192121
192122
192123
192124
192125
192126
192127
192128
192131
192132
192133
192134
192135
192136
192137
192138
192139
192140
192142
192143
192144
192145
192146
192147
192148
192150
192153
192154
192155
192156
192157
192158
192161
192162
192163
192164
192165
192166
192169
192170
192171
192172
192173
192174
192175
192176
192177
192178
192179
192181
192182
192183
192184
192185
192186
192187
192188
192189
192190
192191
192192
192193
192194
192195
192197
192198
192199
192200
192201
192203
192204
192205
192206
192207
192208
192209
192210
192211
192214
192215
192216
192217
192218
192219
192220
192221
192222
192223
192224
192225
192226
192227
192228
192229
192230
192232
192233
192234
192235
192236
192237
192238
192239
192240
192241
192242
192243
192246
192248
192249
