215001
215006
215008
215015
215020
215025
215027
215034
215043
215048
215050
215057
215063
215064
215066
215077
215079
215081
215082
215084
215086
215087
215088
215089
215090
215092
215093
215094
215095
215098
215099
215100
215101
215104
215105
215106
215107
215108
215109
215110
215112
215113
215114
215115
215118
215119
215120
215123
215124
215126
215127
215128
215129
215130
215131
215132
215134
215135
215136
215137
215138
215139
215140
215141
215143
215144
215145
215146
215147
215148
215150
215151
215152
215155
215156
215157
215158
215162
215164
215165
215166
215167
215171
215172
215173
215174
215177
215179
215180
215181
215182
215183
215185
215186
215187
215188
215189
215190
215191
215192
215193
215194
215195
215196
215197
215199
215200
215201
215202
215203
215204
215205
215206
215207
215208
215209
215210
215211
215212
215213
215214
215215
215216
215217
215218
215219
215220
215221
215222
215223
215224
215225
215226
215227
215228
215229
215230
215231
215232
215233
215234
215235
215237
215238
215239
215241
215242
215243
215244
215245
215246
215247
215248
215249
