420000
420002
420004
420005
420006
420008
420009
420010
420011
420012
420013
420015
420016
420017
420019
420020
420021
420022
420023
420024
420025
420027
420028
420029
420030
420031
420032
420035
420036
420037
420038
420039
420040
420041
420042
420043
420044
420045
420046
420047
420048
420049
420050
420051
420053
420054
420056
420057
420058
420059
420060
420061
420062
420063
420064
420065
420066
420067
420069
420070
420072
420073
420075
420076
420077
420078
420081
420082
420084
420085
420087
420090
420091
420092
420093
420094
420095
420096
420097
420098
420099
420101
420102
420106
420107
420108
420109
420110
420111
420112
420113
420114
420115
420116
420117
420118
420119
420120
420121
420122
420123
420124
420125
420126
420127
420128
420129
420130
420131
420132
420133
420134
420135
420136
420137
420138
420139
420141
420142
420143
420145
420146
420147
420148
420150
420151
420152
420155
420156
420157
420159
420160
420161
420162
420163
420164
420165
420166
420167
420168
420169
420170
420171
420172
420173
420174
420175
420176
420177
420178
420179
420180
420181
420182
420184
420186
420187
420188
420189
420190
420191
420192
420193
420194
420195
420196
420197
420199
420200
420201
420203
420204
420205
420206
420207
420208
420210
420211
420212
420216
420217
420218
420219
420220
420221
420222
420223
420224
420225
420227
420228
420232
420235
420236
420237
420240
420241
420243
420244
420245
420246
420247
420249
