457000
457001
457002
457003
457004
457005
457006
457007
457008
457010
457011
457012
457013
457014
457015
457016
457017
457018
457019
457020
457021
457022
457023
457024
457025
457026
457027
457028
457029
457030
457031
457032
457033
457034
457036
457037
457038
457039
457040
457041
457042
457043
457044
457046
457047
457048
457049
457050
457051
457052
457053
457056
457057
457058
457059
457060
457062
457063
457064
457065
457066
457067
457068
457069
457070
457071
457072
457073
457074
457075
457076
457077
457078
457079
457080
457081
457083
457084
457085
457086
457087
457088
457089
457090
457091
457092
457093
457094
457095
457096
457097
457098
457099
457100
457102
457103
457104
457105
457106
457107
457108
457109
457112
457113
457116
457117
457118
457119
457120
457122
457123
457124
457127
457129
457130
457131
457133
457134
457135
457136
457137
457138
457139
457140
457141
457142
457143
457145
457146
457147
457148
457149
457150
457151
457152
457153
457154
457156
457157
457158
457159
457160
457161
457162
457163
457164
457165
457166
457167
457168
457169
457170
457171
457172
457173
457175
457176
457177
457178
457179
457180
457181
457182
457183
457184
457185
457186
457187
457188
457190
457191
457192
457193
457194
457195
457196
457197
457198
457199
457200
457201
457202
457203
457205
457206
457207
457208
457209
457210
457211
457212
457213
457214
457215
457216
457217
457218
457220
457221
457222
457223
457224
457225
457226
457227
457228
457229
457230
457231
457232
457233
457234
457235
457237
457238
457239
457241
457242
457243
457245
457246
457247
457248
