367250
367251
367253
367254
367255
367256
367257
367258
367259
367260
367261
367262
367263
367264
367265
367266
367268
367269
367270
367271
367273
367274
367275
367276
367277
367278
367279
367282
367283
367284
367286
367287
367288
367289
367290
367291
367292
367293
367294
367295
367296
367297
367298
367299
367300
367301
367302
367303
367304
367305
367306
367307
367308
367309
367310
367311
367312
367313
367314
367316
367319
367320
367321
367322
367325
367327
367328
367329
367330
367332
367333
367334
367335
367337
367338
367339
367340
367342
367343
367344
367345
367347
367348
367349
367350
367352
367353
367354
367355
367356
367358
367361
367362
367363
367365
367368
367369
367370
367371
367372
367373
367374
367376
367377
367378
367379
367380
367382
367383
367384
367385
367386
367388
367389
367390
367391
367392
367394
367395
367396
367397
367398
367400
367401
367402
367403
367404
367406
367407
367408
367409
367410
367412
367413
367414
367415
367416
367418
367419
367420
367421
367422
367424
367425
367426
367427
367428
367430
367431
367432
367433
367434
367436
367437
367438
367439
367440
367442
367443
367444
367445
367446
367448
367449
367450
367452
367453
367454
367455
367456
367457
367458
367459
367460
367461
367462
367464
367465
367466
367467
367468
367469
367470
367472
367474
367477
367478
367479
367480
367481
367482
367484
367485
367486
367488
367490
367491
367493
367495
367496
367497
367498
367499
