288251
288252
288254
288255
288257
288258
288259
288260
288261
288262
288263
288264
288265
288266
288268
288270
288271
288275
288276
288277
288278
288279
288280
288281
288284
288288
288289
288290
288292
288293
288296
288297
288298
288299
288302
288303
288304
288305
288308
288309
288310
288311
288314
288316
288317
288318
288319
288322
288323
288324
288325
288327
288329
288330
288331
288332
288333
288334
288335
288339
288340
288343
288346
288347
288348
288350
288351
288352
288353
288354
288355
288356
288357
288359
288360
288361
288362
288363
288364
288365
288366
288367
288368
288369
288370
288371
288373
288374
288375
288376
288378
288379
288382
288384
288386
288388
288390
288391
288394
288395
288397
288398
288399
288400
288401
288402
288403
288404
288405
288406
288408
288409
288410
288411
288413
288414
288417
288418
288419
288421
288422
288423
288425
288426
288428
288429
288430
288431
288432
288433
288434
288436
288437
288438
288439
288440
288441
288442
288443
288444
288445
288446
288447
288448
288449
288450
288452
288453
288454
288455
288456
288457
288458
288459
288460
288461
288462
288463
288464
288466
288467
288468
288470
288471
288472
288473
288474
288475
288476
288478
288479
288480
288481
288482
288484
288485
288486
288487
288490
288491
288492
288493
288494
288495
288496
288497
288498
288499
