169000
169001
169003
169004
169005
169007
169008
169009
169011
169012
169013
169015
169016
169017
169018
169019
169020
169021
169022
169023
169024
169025
169027
169029
169030
169031
169032
169033
169034
169035
169036
169037
169038
169039
169040
169041
169042
169043
169044
169045
169046
169047
169048
169049
169050
169051
169052
169053
169054
169055
169056
169057
169058
169059
169060
169061
169062
169063
169064
169065
169066
169067
169068
169069
169070
169072
169073
169074
169076
169077
169079
169080
169081
169082
169083
169084
169085
169086
169087
169089
169090
169091
169092
169093
169094
169095
169096
169097
169098
169099
169100
169101
169102
169103
169107
169108
169109
169110
169112
169113
169114
169115
169116
169117
169118
169119
169120
169121
169122
169123
169124
169125
169127
169128
169129
169130
169131
169132
169133
169134
169135
169136
169137
169138
169139
169140
169141
169142
169144
169145
169146
169147
169149
169150
169151
169154
169155
169156
169157
169158
169159
169160
169161
169162
169163
169164
169165
169167
169168
169169
169170
169172
169173
169174
169177
169178
169179
169180
169181
169182
169183
169184
169185
169186
169187
169188
169189
169190
169191
169192
169193
169194
169195
169196
169197
169198
169199
169200
169201
169202
169203
169204
169205
169206
169207
169208
169209
169210
169212
169213
169214
169216
169217
169219
169223
169224
169225
169226
169227
169228
169230
169231
169233
169234
169235
169236
169237
169238
169239
169240
169241
169242
169243
169244
169245
169246
169247
169248
169249
