178000
178001
178003
178004
178005
178006
178007
178008
178009
178010
178012
178013
178014
178015
178016
178017
178019
178020
178022
178023
178024
178025
178026
178027
178028
178029
178030
178031
178032
178033
178034
178035
178038
178039
178041
178043
178045
178046
178047
178048
178049
178050
178052
178054
178055
178058
178059
178060
178061
178062
178063
178064
178065
178067
178068
178069
178070
178071
178072
178073
178076
178077
178078
178081
178083
178084
178085
178086
178087
178088
178090
178093
178094
178095
178096
178097
178099
178102
178103
178104
178105
178106
178107
178108
178109
178110
178111
178112
178113
178114
178115
178116
178117
178119
178121
178123
178125
178126
178127
178128
178129
178130
178131
178132
178133
178134
178135
178137
178138
178139
178140
178141
178142
178143
178144
178145
178146
178147
178148
178149
178150
178151
178152
178163
178164
178165
178166
178167
178168
178169
178171
178173
178174
178175
178176
178177
178178
178179
178180
178181
178182
178183
178184
178185
178186
178187
178188
178189
178190
178191
178192
178193
178194
178195
178196
178197
178198
178199
178200
178201
178202
178203
178204
178205
178206
178207
178208
178209
178210
178211
178212
178213
178214
178217
178220
178221
178222
178224
178225
178226
178227
178228
178229
178230
178231
178232
178234
178235
178236
178237
178238
178240
178241
178242
178243
178244
178246
178247
178248
178249
