349000
349001
349004
349005
349006
349007
349009
349010
349011
349012
349013
349014
349016
349017
349018
349019
349020
349021
349022
349024
349025
349026
349027
349029
349030
349031
349032
349034
349035
349036
349037
349038
349039
349040
349042
349043
349044
349045
349048
349049
349051
349052
349053
349054
349055
349057
349058
349059
349060
349061
349062
349064
349065
349066
349067
349068
349069
349073
349074
349075
349076
349077
349078
349079
349080
349081
349082
349083
349084
349085
349086
349088
349090
349091
349092
349093
349094
349095
349096
349097
349099
349100
349101
349102
349103
349104
349105
349106
349107
349108
349109
349110
349111
349112
349113
349114
349115
349116
349117
349118
349119
349120
349121
349122
349123
349124
349125
349128
349130
349132
349133
349134
349135
349136
349137
349138
349139
349140
349141
349142
349144
349145
349146
349147
349149
349150
349151
349152
349154
349155
349156
349157
349159
349160
349161
349162
349163
349164
349165
349166
349169
349170
349174
349177
349178
349182
349185
349186
349190
349191
349192
349193
349194
349195
349196
349197
349198
349199
349201
349202
349204
349205
349207
349208
349210
349211
349212
349213
349214
349215
349216
349217
349218
349219
349220
349221
349222
349223
349224
349225
349226
349227
349228
349229
349230
349231
349232
349233
349234
349235
349238
349239
349240
349241
349242
349243
349244
349245
349246
349247
349248
349249
