172000
172001
172002
172003
172005
172006
172007
172008
172009
172010
172012
172013
172014
172015
172016
172017
172018
172019
172022
172025
172028
172029
172032
172033
172034
172037
172038
172039
172040
172041
172043
172044
172045
172047
172048
172049
172050
172051
172053
172054
172055
172057
172058
172059
172061
172062
172063
172064
172065
172066
172067
172070
172071
172072
172073
172077
172078
172079
172080
172083
172084
172085
172086
172088
172089
172090
172091
172092
172093
172094
172095
172096
172097
172098
172100
172101
172104
172105
172106
172107
172108
172110
172111
172112
172114
172115
172116
172118
172119
172120
172121
172122
172123
172125
172126
172127
172128
172129
172130
172132
172135
172136
172137
172139
172140
172142
172145
172146
172147
172148
172149
172151
172152
172153
172156
172160
172161
172162
172165
172166
172167
172168
172169
172170
172171
172172
172173
172174
172175
172176
172177
172178
172179
172180
172181
172183
172184
172186
172187
172188
172189
172191
172192
172195
172196
172198
172199
172201
172202
172203
172204
172205
172206
172207
172208
172209
172210
172211
172212
172213
172214
172215
172216
172217
172218
172219
172222
172223
172224
172225
172226
172227
172228
172229
172230
172231
172232
172233
172234
172235
172236
172237
172238
172239
172240
172241
172242
172243
172244
172245
172246
172248
172249
