181000
181001
181002
181003
181004
181006
181008
181010
181011
181012
181013
181014
181015
181016
181017
181018
181019
181020
181022
181023
181024
181025
181026
181027
181028
181029
181030
181031
181032
181033
181034
181035
181036
181037
181038
181039
181040
181041
181042
181043
181044
181045
181046
181047
181048
181049
181050
181051
181052
181053
181054
181055
181056
181057
181058
181060
181061
181062
181063
181064
181065
181068
181069
181070
181071
181074
181075
181082
181083
181084
181085
181086
181087
181088
181089
181090
181091
181093
181094
181095
181096
181097
181098
181099
181100
181101
181102
181103
181104
181105
181106
181107
181108
181109
181110
181111
181112
181113
181114
181115
181116
181117
181119
181120
181121
181123
181124
181125
181126
181128
181129
181130
181131
181132
181133
181134
181135
181136
181137
181139
181140
181142
181143
181145
181146
181147
181148
181149
181150
181151
181152
181153
181154
181155
181156
181157
181158
181159
181160
181161
181162
181163
181164
181165
181166
181167
181168
181169
181170
181172
181173
181174
181176
181177
181178
181179
181180
181182
181183
181184
181186
181187
181188
181189
181190
181192
181193
181194
181195
181196
181197
181198
181200
181201
181202
181203
181204
181206
181207
181208
181209
181211
181213
181214
181215
181216
181219
181221
181222
181223
181224
181227
181229
181230
181231
181232
181235
181237
181238
181239
181240
181243
181245
181246
181247
181248
