271500
271501
271502
271503
271505
271506
271507
271509
271511
271512
271513
271514
271515
271516
271517
271518
271519
271520
271521
271522
271523
271525
271526
271527
271528
271529
271530
271531
271532
271533
271536
271537
271538
271539
271540
271541
271543
271544
271545
271546
271547
271548
271549
271550
271551
271552
271553
271554
271555
271556
271559
271560
271561
271563
271564
271567
271568
271570
271572
271573
271574
271575
271576
271577
271578
271579
271580
271581
271583
271584
271586
271587
271588
271589
271590
271591
271592
271593
271594
271595
271597
271599
271601
271603
271604
271606
271607
271608
271610
271611
271612
271614
271615
271616
271618
271620
271621
271622
271624
271625
271626
271627
271628
271629
271630
271632
271633
271634
271635
271636
271637
271638
271640
271641
271642
271643
271644
271645
271646
271647
271648
271649
271650
271651
271652
271653
271654
271655
271656
271657
271659
271660
271661
271662
271663
271664
271665
271666
271667
271668
271670
271671
271672
271673
271674
271675
271676
271677
271678
271679
271680
271681
271682
271683
271684
271685
271686
271687
271688
271689
271690
271691
271692
271693
271694
271695
271696
271697
271698
271700
271703
271704
271706
271709
271710
271713
271716
271717
271718
271719
271720
271721
271722
271723
271724
271725
271726
271727
271728
271729
271731
271733
271734
271736
271737
271738
271739
271740
271741
271742
271743
271744
271745
271746
271747
271748
