144750
144753
144754
144755
144756
144757
144759
144760
144761
144762
144763
144764
144765
144767
144769
144772
144773
144775
144776
144777
144778
144780
144781
144782
144783
144784
144785
144786
144787
144788
144790
144791
144792
144793
144795
144796
144797
144798
144800
144801
144802
144803
144804
144806
144807
144808
144809
144810
144811
144812
144814
144815
144816
144817
144818
144819
144820
144821
144822
144823
144824
144825
144827
144829
144830
144832
144833
144834
144835
144836
144837
144838
144839
144840
144841
144842
144843
144844
144845
144846
144847
144848
144849
144850
144851
144852
144853
144854
144855
144856
144857
144858
144859
144861
144862
144863
144865
144866
144867
144868
144869
144870
144871
144872
144873
144874
144875
144876
144877
144878
144879
144880
144881
144882
144883
144884
144885
144886
144887
144888
144889
144890
144891
144892
144893
144894
144895
144896
144897
144898
144899
144900
144901
144902
144903
144904
144905
144906
144907
144908
144909
144910
144911
144912
144913
144914
144915
144917
144918
144919
144920
144921
144923
144924
144926
144927
144928
144929
144930
144931
144932
144935
144936
144937
144938
144939
144940
144941
144942
144943
144944
144945
144947
144949
144950
144951
144952
144953
144954
144955
144956
144957
144958
144959
144961
144964
144966
144967
144968
144969
144970
144971
144972
144974
144975
144976
144977
144978
144979
144980
144981
144982
144983
144984
144985
144986
144987
144988
144989
144990
144991
144992
144993
144994
144995
144996
144997
144998
