237752
237754
237755
237756
237757
237759
237760
237761
237762
237764
237765
237766
237767
237769
237770
237771
237772
237773
237776
237777
237778
237779
237780
237781
237782
237783
237784
237785
237786
237789
237790
237791
237792
237793
237794
237795
237796
237797
237798
237799
237800
237801
237802
237805
237806
237808
237809
237811
237812
237813
237814
237817
237819
237820
237821
237822
237824
237825
237826
237829
237830
237831
237832
237833
237834
237836
237837
237838
237839
237840
237842
237843
237844
237846
237847
237848
237850
237851
237852
237854
237855
237856
237857
237858
237859
237860
237861
237862
237863
237864
237865
237866
237867
237868
237869
237870
237871
237872
237873
237874
237875
237876
237877
237878
237879
237880
237881
237882
237883
237884
237885
237886
237887
237888
237889
237893
237894
237896
237897
237900
237901
237902
237905
237906
237907
237910
237911
237912
237913
237916
237917
237918
237919
237920
237921
237922
237923
237924
237925
237926
237927
237929
237932
237933
237934
237935
237936
237937
237940
237941
237942
237943
237945
237946
237947
237948
237949
237950
237951
237952
237953
237954
237955
237956
237957
237958
237959
237960
237963
237965
237966
237967
237968
237969
237970
237971
237972
237973
237974
237976
237978
237979
237980
237981
237982
237983
237985
237987
237988
237989
237991
237993
237994
237995
237996
237997
237998
237999
