126751
126753
126754
126755
126756
126757
126758
126759
126760
126761
126762
126763
126764
126765
126767
126768
126769
126770
126771
126772
126774
126775
126776
126777
126778
126779
126780
126781
126782
126783
126784
126785
126786
126788
126789
126790
126791
126792
126793
126794
126795
126796
126798
126799
126800
126801
126802
126803
126804
126805
126806
126807
126808
126810
126811
126813
126814
126816
126817
126819
126820
126821
126823
126824
126825
126826
126827
126828
126829
126830
126831
126832
126833
126835
126836
126837
126840
126841
126842
126843
126844
126845
126846
126847
126848
126851
126852
126853
126854
126855
126856
126857
126860
126861
126864
126865
126866
126867
126868
126871
126872
126873
126874
126876
126877
126878
126879
126880
126882
126883
126884
126885
126886
126887
126888
126889
126890
126891
126892
126894
126895
126896
126897
126902
126903
126904
126905
126907
126908
126909
126910
126911
126912
126914
126915
126916
126917
126918
126919
126920
126921
126922
126923
126924
126925
126926
126927
126928
126929
126930
126931
126932
126933
126934
126935
126936
126937
126938
126939
126940
126941
126942
126943
126944
126945
126946
126947
126948
126949
126950
126951
126952
126953
126954
126955
126956
126957
126958
126959
126960
126961
126962
126963
126964
126965
126966
126967
126968
126969
126970
126971
126972
126973
126974
126975
126976
126977
126978
126979
126980
126981
126982
126983
126984
126985
126986
126987
126988
126989
126990
126991
126992
126993
126995
126996
126998
126999
