250252
250253
250255
250256
250257
250258
250259
250261
250262
250263
250264
250266
250267
250268
250269
250270
250272
250273
250274
250275
250276
250278
250279
250280
250281
250282
250283
250284
250285
250286
250287
250288
250290
250291
250292
250293
250294
250295
250296
250297
250298
250299
250300
250301
250302
250304
250305
250306
250307
250308
250310
250311
250312
250313
250314
250315
250316
250317
250318
250319
250321
250322
250323
250325
250326
250327
250328
250329
250330
250332
250333
250334
250335
250336
250337
250339
250340
250341
250344
250345
250346
250347
250348
250349
250350
250351
250352
250353
250354
250355
250356
250357
250358
250359
250360
250361
250362
250364
250365
250367
250368
250369
250370
250371
250372
250375
250376
250377
250378
250379
250380
250381
250382
250383
250384
250386
250387
250388
250389
250390
250391
250392
250393
250394
250395
250396
250397
250398
250399
250400
250401
250402
250403
250404
250405
250406
250407
250408
250409
250410
250411
250412
250413
250415
250416
250417
250418
250419
250421
250423
250424
250425
250426
250427
250428
250429
250430
250432
250433
250434
250435
250436
250437
250438
250439
250444
250446
250447
250449
250451
250452
250453
250454
250455
250456
250457
250458
250459
250460
250461
250464
250466
250467
250468
250469
250470
250471
250472
250473
250475
250476
250478
250479
250480
250481
250483
250484
250488
250489
250490
250491
250492
250495
250496
250497
250499
