8751
8752
8753
8754
8755
8756
8757
8759
8760
8761
8762
8763
8764
8767
8771
8772
8773
8774
8775
8776
8777
8778
8779
8780
8781
8782
8783
8784
8785
8786
8787
8788
8789
8790
8791
8792
8793
8794
8795
8796
8797
8798
8800
8801
8802
8804
8805
8806
8807
8808
8809
8810
8811
8812
8813
8815
8816
8817
8818
8819
8820
8821
8822
8823
8824
8825
8826
8829
8830
8831
8832
8833
8834
8837
8840
8841
8843
8844
8845
8847
8848
8849
8850
8851
8852
8853
8855
8857
8858
8859
8860
8861
8862
8863
8864
8865
8867
8869
8871
8874
8875
8876
8877
8878
8880
8881
8882
8884
8885
8886
8887
8889
8892
8893
8894
8895
8896
8900
8902
8903
8904
8905
8906
8907
8908
8909
8910
8911
8912
8913
8914
8915
8916
8917
8918
8919
8920
8923
8924
8925
8926
8927
8928
8931
8932
8933
8934
8935
8936
8937
8938
8939
8940
8941
8942
8943
8944
8945
8946
8947
8948
8949
8950
8951
8952
8953
8954
8955
8956
8957
8958
8959
8960
8961
8962
8963
8964
8966
8967
8968
8969
8970
8971
8972
8973
8974
8975
8976
8977
8978
8979
8980
8981
8982
8983
8984
8985
8986
8987
8988
8989
8992
8994
8996
8997
