42000
42001
42002
42003
42004
42005
42006
42007
42008
42009
42010
42011
42012
42013
42014
42015
42016
42017
42018
42019
42020
42021
42022
42023
42024
42025
42026
42027
42029
42030
42031
42034
42036
42037
42038
42039
42040
42042
42043
42044
42045
42047
42048
42049
42050
42052
42053
42054
42055
42058
42059
42060
42062
42063
42064
42065
42067
42068
42069
42070
42072
42075
42077
42078
42079
42080
42081
42082
42083
42084
42085
42086
42087
42088
42089
42090
42091
42092
42093
42094
42095
42096
42098
42099
42100
42102
42103
42104
42106
42107
42108
42110
42111
42112
42113
42114
42115
42116
42117
42118
42119
42120
42121
42122
42123
42124
42125
42126
42127
42128
42129
42131
42132
42133
42134
42136
42137
42139
42140
42141
42142
42143
42144
42145
42146
42147
42148
42149
42150
42152
42154
42155
42158
42159
42161
42162
42163
42167
42168
42169
42172
42173
42174
42175
42176
42177
42179
42180
42181
42185
42186
42187
42190
42191
42192
42193
42194
42196
42197
42198
42199
42201
42202
42203
42204
42206
42207
42208
42209
42211
42212
42213
42216
42217
42218
42219
42221
42222
42223
42224
42225
42226
42227
42228
42229
42230
42231
42232
42233
42234
42235
42236
42237
42238
42239
42240
42241
42242
42246
42247
42248
42249
