428250
428251
428252
428253
428254
428255
428258
428259
428260
428261
428262
428264
428265
428266
428267
428269
428270
428271
428272
428273
428274
428275
428276
428277
428278
428280
428281
428282
428283
428284
428285
428287
428288
428289
428290
428291
428293
428295
428297
428300
428301
428302
428303
428305
428306
428307
428308
428309
428310
428311
428312
428313
428314
428315
428316
428317
428318
428319
428320
428321
428322
428323
428324
428325
428326
428327
428328
428329
428330
428332
428333
428334
428335
428336
428337
428339
428340
428341
428342
428343
428345
428347
428348
428349
428350
428351
428352
428353
428355
428356
428358
428359
428361
428362
428364
428365
428367
428369
428370
428371
428372
428373
428374
428375
428376
428377
428379
428380
428382
428383
428384
428385
428386
428387
428388
428389
428391
428392
428394
428396
428397
428398
428399
428400
428401
428402
428403
428404
428408
428412
428416
428417
428418
428419
428420
428421
428422
428423
428424
428425
428426
428427
428428
428429
428430
428431
428432
428433
428434
428435
428436
428438
428439
428441
428442
428443
428445
428446
428447
428448
428449
428450
428451
428452
428453
428454
428455
428456
428457
428458
428459
428460
428461
428462
428463
428464
428465
428466
428467
428468
428469
428470
428471
428472
428473
428474
428475
428476
428477
428478
428479
428480
428481
428482
428484
428485
428486
428487
428488
428489
428490
428491
428492
428493
428494
428495
428496
428497
428498
428499
