359500
359501
359502
359503
359505
359506
359507
359508
359509
359511
359512
359513
359514
359515
359517
359518
359519
359520
359521
359522
359524
359525
359526
359527
359528
359529
359530
359532
359533
359534
359535
359536
359537
359538
359540
359541
359542
359543
359544
359545
359546
359547
359548
359549
359550
359551
359553
359554
359555
359556
359557
359558
359559
359560
359561
359563
359564
359565
359566
359567
359568
359569
359570
359571
359572
359573
359574
359575
359576
359577
359578
359580
359582
359583
359585
359587
359588
359590
359592
359593
359595
359597
359599
359601
359602
359603
359604
359605
359606
359607
359608
359609
359610
359611
359612
359613
359614
359615
359616
359617
359618
359619
359620
359621
359622
359623
359624
359625
359627
359629
359630
359631
359632
359633
359634
359636
359637
359640
359641
359644
359645
359646
359647
359649
359650
359651
359653
359656
359657
359658
359659
359660
359661
359662
359663
359664
359665
359666
359667
359668
359669
359670
359672
359673
359674
359675
359676
359677
359678
359679
359680
359681
359682
359683
359684
359685
359686
359687
359688
359689
359690
359691
359692
359693
359694
359695
359696
359697
359698
359699
359700
359701
359702
359703
359704
359705
359706
359707
359708
359709
359710
359711
359712
359713
359714
359715
359716
359718
359720
359722
359723
359724
359725
359726
359728
359730
359731
359732
359734
359736
359737
359738
359740
359741
359742
359743
359746
359747
359748
