95500
95501
95502
95503
95504
95505
95506
95507
95508
95509
95510
95511
95512
95513
95514
95515
95516
95518
95519
95520
95521
95522
95523
95524
95525
95527
95528
95529
95531
95532
95534
95535
95536
95537
95538
95539
95540
95541
95542
95543
95544
95545
95546
95548
95550
95551
95552
95553
95554
95556
95557
95558
95560
95561
95562
95566
95567
95568
95570
95571
95572
95573
95574
95575
95576
95577
95578
95579
95580
95581
95582
95583
95584
95585
95586
95587
95588
95589
95590
95591
95592
95593
95594
95595
95596
95597
95598
95599
95600
95601
95602
95603
95605
95606
95608
95609
95610
95611
95613
95614
95615
95618
95619
95620
95621
95622
95623
95624
95627
95628
95629
95630
95631
95634
95635
95636
95637
95639
95640
95641
95643
95644
95645
95647
95649
95651
95653
95654
95655
95656
95658
95660
95662
95664
95665
95666
95667
95669
95671
95673
95675
95676
95677
95678
95680
95682
95684
95686
95687
95688
95689
95691
95693
95695
95697
95698
95700
95702
95703
95704
95705
95706
95708
95709
95710
95712
95713
95714
95716
95717
95718
95720
95721
95722
95723
95724
95725
95726
95727
95731
95732
95733
95734
95736
95737
95739
95740
95741
95742
95743
95744
95745
95746
95747
95749
