83000
83002
83003
83004
83005
83007
83010
83012
83015
83016
83017
83018
83019
83020
83021
83022
83023
83024
83025
83026
83027
83028
83029
83033
83034
83035
83036
83037
83039
83040
83041
83042
83043
83044
83045
83046
83047
83049
83051
83052
83053
83055
83056
83057
83059
83063
83064
83066
83068
83069
83070
83071
83072
83073
83074
83075
83076
83077
83078
83079
83081
83082
83083
83085
83086
83087
83090
83091
83092
83093
83094
83095
83098
83099
83100
83101
83102
83103
83104
83105
83107
83108
83109
83110
83111
83115
83116
83117
83118
83119
83120
83121
83123
83124
83125
83126
83127
83128
83129
83130
83131
83133
83135
83136
83137
83138
83139
83140
83141
83142
83143
83145
83146
83147
83149
83151
83152
83153
83154
83155
83156
83157
83158
83159
83160
83161
83162
83163
83164
83165
83166
83167
83168
83169
83170
83171
83172
83173
83174
83175
83177
83178
83179
83180
83181
83182
83183
83185
83186
83187
83188
83189
83190
83191
83192
83193
83194
83195
83197
83198
83199
83200
83201
83202
83204
83205
83207
83208
83209
83210
83211
83215
83216
83217
83218
83221
83222
83223
83224
83225
83226
83227
83228
83230
83231
83232
83233
83234
83235
83236
83237
83238
83239
83241
83242
83243
83244
83245
83246
83247
83248
83249
