384500
384501
384502
384503
384504
384505
384506
384507
384508
384509
384510
384512
384513
384514
384516
384517
384518
384519
384521
384522
384523
384524
384525
384526
384527
384528
384529
384530
384531
384532
384533
384534
384535
384536
384537
384538
384539
384540
384541
384543
384544
384545
384546
384547
384548
384549
384550
384551
384552
384553
384554
384555
384556
384557
384558
384559
384561
384562
384563
384564
384565
384566
384567
384568
384569
384571
384572
384573
384574
384575
384576
384577
384578
384579
384581
384582
384583
384584
384585
384586
384587
384588
384589
384590
384591
384592
384593
384595
384596
384597
384600
384601
384602
384603
384605
384606
384607
384608
384609
384611
384612
384613
384615
384616
384617
384618
384619
384620
384621
384623
384624
384625
384626
384627
384628
384629
384630
384631
384632
384633
384634
384635
384636
384637
384638
384639
384640
384642
384643
384644
384646
384647
384648
384649
384654
384655
384656
384657
384658
384662
384663
384664
384665
384666
384667
384668
384669
384671
384672
384673
384674
384676
384677
384678
384679
384680
384681
384683
384684
384685
384687
384688
384689
384690
384692
384693
384694
384695
384696
384697
384698
384699
384700
384701
384705
384706
384707
384708
384709
384711
384712
384713
384714
384715
384716
384718
384719
384720
384721
384722
384724
384729
384730
384731
384732
384733
384734
384736
384737
384738
384742
384743
384744
384745
384746
384747
384748
