247250
247251
247252
247253
247254
247256
247258
247259
247260
247261
247262
247263
247264
247266
247267
247268
247269
247270
247271
247274
247276
247278
247282
247284
247286
247288
247289
247290
247291
247292
247293
247295
247296
247297
247298
247299
247300
247301
247302
247303
247304
247305
247306
247307
247308
247311
247312
247313
247314
247315
247316
247318
247319
247320
247322
247323
247324
247325
247326
247327
247328
247330
247331
247332
247333
247334
247335
247336
247337
247338
247339
247340
247341
247342
247343
247344
247345
247346
247348
247349
247350
247351
247352
247353
247354
247355
247356
247357
247358
247359
247360
247361
247362
247363
247365
247366
247367
247368
247370
247371
247373
247375
247376
247379
247380
247381
247383
247384
247385
247386
247387
247388
247389
247390
247391
247392
247393
247394
247395
247397
247399
247400
247401
247402
247403
247404
247405
247406
247407
247408
247409
247410
247411
247412
247413
247414
247415
247416
247417
247418
247419
247420
247421
247423
247425
247426
247427
247428
247429
247430
247431
247432
247433
247434
247435
247437
247438
247439
247440
247441
247442
247443
247444
247445
247447
247448
247449
247450
247451
247452
247453
247454
247456
247457
247458
247459
247460
247461
247462
247463
247464
247465
247466
247467
247468
247469
247471
247473
247474
247476
247477
247478
247479
247481
247482
247484
247486
247487
247489
247490
247492
247493
247494
247495
247497
247498
