44750
44751
44753
44754
44755
44756
44758
44759
44760
44761
44762
44763
44765
44766
44767
44768
44770
44771
44772
44773
44774
44775
44777
44778
44779
44780
44781
44782
44783
44786
44787
44788
44789
44790
44791
44792
44793
44794
44795
44796
44797
44798
44799
44800
44801
44802
44803
44804
44805
44806
44807
44808
44809
44810
44811
44813
44814
44815
44816
44817
44818
44819
44820
44821
44852
44856
44862
44866
44867
44868
44869
44870
44871
44872
44873
44874
44875
44876
44877
44878
44879
44880
44881
44882
44883
44884
44885
44886
44887
44889
44890
44891
44892
44893
44894
44895
44896
44897
44898
44899
44900
44901
44902
44903
44904
44905
44906
44907
44908
44909
44910
44912
44913
44914
44915
44916
44917
44918
44919
44920
44921
44922
44923
44924
44952
44953
44955
44957
44958
44959
44960
44961
44962
44963
44964
44965
44966
44967
44968
44969
44970
44971
44972
44973
44974
44975
44976
44977
44979
44980
44981
44982
44983
44985
44986
44987
44988
44989
44991
44992
44993
44995
44996
44998
