395000
395001
395002
395003
395004
395005
395006
395007
395008
395009
395010
395011
395012
395013
395014
395015
395016
395017
395018
395019
395020
395021
395022
395023
395024
395025
395026
395027
395028
395029
395030
395031
395032
395033
395034
395035
395036
395037
395038
395039
395040
395041
395042
395043
395044
395045
395047
395048
395049
395050
395051
395054
395055
395056
395057
395058
395059
395060
395062
395063
395064
395065
395066
395067
395068
395070
395071
395072
395073
395075
395076
395077
395082
395083
395084
395085
395086
395087
395088
395089
395090
395091
395092
395093
395095
395096
395097
395098
395102
395103
395107
395108
395112
395113
395117
395118
395122
395123
395127
395128
395132
395133
395134
395135
395137
395138
395139
395140
395141
395142
395144
395145
395146
395147
395148
395149
395151
395152
395153
395154
395155
395156
395158
395159
395160
395161
395162
395163
395164
395165
395172
395173
395174
395175
395176
395177
395178
395179
395180
395181
395182
395183
395184
395185
395187
395188
395190
395193
395195
395196
395199
395200
395204
395205
395207
395208
395211
395212
395213
395216
395217
395219
395220
395222
395223
395224
395225
395226
395227
395228
395229
395230
395231
395232
395233
395234
395235
395236
395237
395239
395240
395241
395242
395243
395244
395246
395247
395248
395249
