143250
143252
143254
143255
143256
143257
143258
143259
143260
143261
143262
143263
143264
143265
143266
143267
143268
143269
143270
143271
143272
143273
143274
143275
143277
143278
143279
143281
143282
143283
143284
143285
143286
143287
143288
143290
143291
143292
143293
143294
143295
143297
143298
143299
143300
143301
143302
143303
143304
143305
143306
143307
143308
143309
143310
143311
143312
143313
143314
143315
143316
143317
143318
143319
143320
143321
143322
143324
143325
143326
143327
143328
143329
143331
143333
143334
143335
143336
143337
143339
143340
143342
143343
143345
143346
143347
143348
143351
143352
143354
143355
143356
143357
143358
143359
143360
143361
143362
143363
143364
143365
143366
143367
143368
143369
143370
143371
143372
143373
143374
143375
143376
143377
143378
143379
143380
143381
143382
143383
143384
143385
143386
143387
143388
143389
143390
143391
143392
143393
143394
143395
143396
143397
143398
143401
143403
143405
143408
143410
143411
143412
143413
143414
143415
143416
143417
143418
143419
143420
143421
143422
143424
143425
143426
143427
143429
143430
143432
143433
143434
143435
143438
143439
143440
143441
143442
143443
143444
143446
143447
143448
143449
143450
143451
143452
143453
143454
143455
143456
143458
143459
143460
143461
143463
143464
143465
143466
143468
143469
143470
143471
143473
143474
143475
143476
143477
143478
143480
143481
143482
143483
143484
143485
143486
143490
143491
143492
143493
143494
143495
143496
143497
143498
143499
