103750
103751
103752
103753
103755
103756
103757
103758
103759
103760
103761
103762
103763
103765
103766
103767
103768
103770
103771
103772
103776
103777
103780
103781
103783
103784
103785
103787
103790
103791
103792
103794
103795
103796
103799
103800
103801
103802
103803
103804
103811
103812
103813
103815
103816
103817
103818
103820
103821
103822
103823
103824
103825
103826
103828
103830
103831
103832
103833
103834
103835
103836
103837
103838
103839
103840
103841
103843
103844
103845
103846
103848
103849
103850
103851
103852
103853
103854
103856
103857
103858
103859
103860
103861
103862
103864
103865
103866
103867
103868
103869
103870
103873
103874
103875
103879
103880
103887
103889
103891
103892
103893
103894
103896
103897
103898
103899
103900
103901
103902
103903
103904
103905
103906
103907
103908
103909
103910
103911
103913
103914
103917
103919
103924
103926
103927
103932
103933
103934
103936
103937
103938
103939
103940
103941
103942
103943
103944
103945
103947
103948
103950
103951
103952
103954
103956
103957
103958
103959
103961
103962
103963
103964
103965
103966
103967
103968
103969
103970
103971
103972
103973
103974
103975
103976
103977
103980
103981
103982
103983
103984
103985
103988
103989
103990
103991
103992
103993
103994
103995
103996
103997
103998
