246250
246251
246252
246253
246254
246255
246256
246257
246258
246259
246260
246261
246262
246263
246264
246265
246266
246267
246268
246269
246270
246271
246272
246273
246275
246277
246278
246279
246280
246281
246282
246283
246284
246286
246287
246289
246290
246291
246292
246293
246295
246297
246298
246299
246300
246301
246302
246303
246304
246305
246306
246308
246310
246312
246313
246316
246317
246318
246319
246321
246323
246324
246325
246326
246327
246328
246329
246330
246332
246334
246335
246336
246337
246338
246340
246342
246343
246344
246346
246348
246349
246350
246351
246352
246353
246354
246355
246356
246357
246358
246359
246360
246362
246363
246364
246365
246366
246368
246369
246370
246371
246372
246373
246376
246377
246378
246379
246380
246381
246383
246384
246385
246387
246388
246389
246391
246393
246394
246396
246397
246398
246399
246402
246403
246405
246407
246408
246410
246411
246413
246414
246415
246416
246417
246418
246419
246421
246423
246424
246425
246427
246429
246430
246431
246432
246433
246434
246435
246436
246438
246439
246440
246441
246442
246444
246445
246446
246447
246448
246449
246450
246451
246452
246453
246454
246456
246457
246458
246459
246460
246461
246462
246463
246464
246466
246467
246468
246469
246470
246471
246472
246473
246474
246476
246477
246478
246479
246480
246482
246483
246484
246485
246486
246487
246488
246489
246490
246491
246492
246494
246495
246496
246497
246498
246499
