303500
303501
303502
303503
303504
303505
303506
303508
303509
303510
303511
303512
303513
303514
303517
303518
303519
303520
303521
303522
303523
303524
303525
303526
303527
303528
303529
303530
303531
303532
303533
303534
303535
303536
303537
303541
303543
303544
303545
303548
303549
303552
303553
303556
303557
303558
303559
303562
303563
303564
303565
303566
303567
303568
303569
303570
303571
303572
303573
303574
303575
303576
303577
303581
303583
303584
303585
303588
303589
303592
303593
303595
303596
303597
303598
303599
303600
303601
303602
303603
303606
303607
303610
303611
303614
303615
303616
303617
303620
303621
303624
303625
303627
303628
303629
303630
303631
303632
303633
303634
303635
303636
303637
303638
303639
303640
303642
303643
303646
303647
303650
303651
303652
303653
303654
303655
303657
303658
303659
303660
303661
303662
303663
303664
303665
303666
303668
303669
303670
303672
303673
303674
303675
303677
303678
303680
303682
303683
303684
303685
303686
303687
303688
303689
303690
303692
303693
303694
303695
303696
303697
303698
303699
303700
303702
303703
303704
303705
303706
303707
303708
303709
303710
303711
303712
303713
303714
303715
303716
303717
303719
303720
303721
303723
303724
303726
303727
303730
303731
303732
303733
303734
303735
303736
303737
303738
303739
303740
303741
303742
303743
303744
303745
303746
303747
303748
303749
