234750
234751
234752
234755
234756
234757
234758
234759
234760
234761
234762
234763
234764
234765
234766
234767
234768
234769
234770
234771
234772
234773
234774
234775
234777
234778
234779
234780
234781
234782
234783
234784
234785
234786
234787
234788
234789
234790
234791
234792
234793
234794
234795
234796
234797
234798
234799
234800
234801
234803
234804
234805
234806
234807
234810
234811
234812
234813
234814
234816
234817
234818
234819
234820
234821
234822
234823
234824
234825
234826
234827
234828
234829
234830
234831
234832
234833
234834
234835
234836
234837
234838
234839
234840
234841
234842
234843
234844
234845
234846
234847
234848
234849
234850
234851
234852
234853
234854
234855
234856
234857
234858
234859
234860
234861
234862
234863
234864
234865
234866
234867
234868
234869
234870
234872
234873
234874
234875
234876
234877
234878
234879
234880
234881
234882
234883
234884
234885
234887
234888
234889
234890
234892
234893
234894
234895
234897
234898
234899
234901
234902
234903
234904
234905
234906
234907
234908
234909
234910
234911
234912
234913
234914
234915
234916
234917
234919
234920
234921
234922
234923
234925
234926
234927
234928
234929
234930
234931
234932
234933
234935
234936
234937
234938
234939
234940
234941
234942
234943
234945
234946
234947
234948
234950
234951
234952
234953
234954
234955
234956
234957
234958
234960
234961
234962
234964
234965
234966
234967
234968
234969
234970
234972
234973
234974
234975
234976
234977
234979
234980
234981
234982
234984
234985
234986
234987
234988
234989
234991
234992
234993
234995
234996
234997
234998
234999
