148501
148503
148504
148505
148506
148508
148509
148510
148511
148512
148513
148514
148515
148516
148517
148518
148520
148521
148522
148525
148526
148527
148528
148529
148530
148531
148532
148533
148535
148536
148539
148541
148542
148543
148544
148545
148546
148547
148548
148549
148550
148551
148552
148555
148556
148557
148558
148559
148560
148561
148563
148564
148566
148567
148569
148570
148571
148572
148576
148577
148578
148579
148582
148583
148584
148585
148586
148587
148588
148590
148591
148592
148596
148597
148599
148600
148601
148602
148604
148605
148607
148608
148609
148611
148612
148613
148614
148617
148618
148619
148620
148621
148622
148623
148625
148627
148628
148629
148630
148632
148633
148634
148635
148637
148638
148639
148640
148641
148642
148643
148644
148646
148647
148648
148649
148650
148651
148652
148653
148656
148657
148658
148661
148662
148663
148664
148665
148666
148667
148669
148670
148671
148674
148675
148677
148678
148681
148683
148684
148686
148687
148689
148690
148691
148695
148697
148699
148700
148702
148708
148709
148710
148711
148712
148713
148714
148715
148716
148717
148718
148719
148721
148723
148724
148726
148727
148728
148729
148730
148731
148732
148733
148734
148735
148736
148747
148749
