123750
123751
123753
123754
123755
123756
123757
123758
123759
123760
123761
123762
123764
123765
123766
123767
123768
123769
123770
123771
123772
123773
123774
123775
123776
123777
123778
123779
123780
123781
123782
123783
123784
123785
123786
123787
123788
123789
123794
123795
123796
123797
123798
123799
123800
123801
123802
123803
123804
123805
123806
123807
123808
123809
123810
123811
123812
123813
123814
123815
123816
123817
123818
123819
123820
123821
123822
123823
123824
123825
123826
123827
123828
123829
123830
123831
123832
123833
123835
123836
123837
123838
123839
123841
123842
123843
123844
123845
123846
123847
123848
123849
123850
123851
123855
123859
123860
123861
123862
123863
123864
123866
123867
123868
123870
123871
123873
123874
123875
123877
123878
123879
123882
123883
123884
123885
123886
123887
123888
123889
123890
123892
123893
123895
123896
123897
123898
123899
123900
123901
123902
123903
123904
123905
123906
123907
123908
123909
123910
123911
123912
123913
123914
123915
123916
123917
123918
123919
123920
123921
123922
123923
123924
123925
123926
123927
123928
123929
123930
123931
123932
123933
123934
123935
123936
123938
123939
123940
123941
123942
123943
123944
123945
123946
123947
123948
123949
123952
123953
123954
123955
123956
123957
123958
123959
123961
123962
123963
123964
123965
123967
123969
123970
123971
123972
123973
123975
123977
123978
123979
123980
123981
123983
123985
123986
123987
123988
123989
123991
123993
123994
123995
123996
123997
123999
