80250
80251
80252
80253
80254
80256
80260
80261
80262
80264
80265
80267
80268
80269
80270
80271
80274
80275
80276
80277
80278
80279
80281
80282
80283
80284
80285
80287
80288
80289
80290
80291
80293
80294
80295
80296
80297
80300
80301
80302
80303
80304
80307
80308
80309
80312
80313
80314
80315
80316
80317
80318
80319
80320
80321
80322
80323
80324
80325
80326
80327
80328
80329
80330
80331
80332
80333
80334
80335
80336
80337
80338
80339
80340
80342
80343
80344
80345
80346
80348
80350
80351
80352
80353
80354
80355
80356
80358
80359
80360
80361
80362
80363
80364
80365
80367
80368
80370
80371
80373
80374
80375
80376
80377
80379
80380
80381
80382
80383
80386
80387
80388
80389
80390
80391
80392
80394
80395
80397
80398
80399
80401
80403
80405
80407
80408
80410
80411
80413
80414
80415
80417
80418
80421
80422
80423
80425
80426
80427
80429
80430
80431
80432
80433
80434
80436
80437
80438
80439
80440
80442
80443
80444
80445
80446
80448
80449
80450
80451
80452
80453
80454
80455
80456
80459
80461
80462
80463
80464
80465
80466
80467
80470
80471
80476
80481
80482
80486
80488
80490
80491
80492
80494
80495
80497
80498
80499
