359750
359751
359752
359753
359757
359758
359759
359760
359761
359762
359763
359764
359767
359768
359772
359773
359774
359775
359776
359777
359778
359779
359780
359781
359782
359783
359787
359788
359789
359790
359792
359793
359794
359795
359797
359798
359799
359800
359801
359802
359803
359804
359805
359806
359807
359808
359809
359810
359811
359813
359814
359815
359817
359818
359819
359820
359821
359823
359824
359825
359826
359828
359829
359830
359832
359833
359834
359835
359836
359837
359838
359839
359840
359841
359842
359843
359845
359846
359847
359848
359849
359850
359851
359852
359853
359854
359855
359856
359857
359859
359860
359861
359862
359863
359864
359866
359867
359868
359869
359870
359871
359872
359873
359874
359875
359876
359877
359880
359881
359882
359883
359884
359885
359887
359888
359890
359892
359893
359895
359897
359898
359899
359901
359902
359903
359904
359905
359908
359909
359910
359911
359912
359913
359914
359915
359916
359917
359918
359919
359921
359922
359923
359924
359925
359927
359929
359931
359932
359933
359934
359935
359936
359938
359939
359940
359941
359942
359943
359945
359946
359947
359949
359950
359951
359952
359954
359955
359957
359959
359960
359961
359962
359963
359966
359967
359968
359969
359971
359972
359973
359975
359976
359977
359979
359980
359982
359983
359984
359985
359986
359987
359989
359990
359991
359992
359993
359995
359996
359997
359998
