327500
327501
327502
327503
327504
327505
327506
327507
327508
327509
327511
327512
327513
327514
327515
327517
327519
327520
327521
327522
327523
327524
327525
327526
327527
327528
327529
327530
327531
327532
327533
327534
327535
327536
327537
327538
327539
327540
327542
327543
327544
327545
327546
327548
327549
327552
327553
327554
327555
327556
327557
327558
327559
327560
327562
327563
327564
327565
327567
327568
327569
327570
327572
327573
327574
327575
327576
327577
327578
327579
327580
327582
327583
327584
327585
327587
327588
327589
327590
327592
327593
327595
327596
327597
327598
327599
327601
327602
327603
327604
327605
327606
327607
327608
327609
327611
327612
327613
327614
327615
327616
327618
327619
327620
327621
327622
327623
327624
327625
327626
327627
327628
327629
327630
327631
327632
327633
327634
327635
327636
327637
327638
327639
327641
327642
327643
327644
327645
327646
327647
327648
327650
327651
327652
327653
327654
327657
327659
327660
327662
327664
327665
327674
327675
327676
327677
327683
327685
327686
327688
327689
327691
327692
327693
327694
327695
327696
327697
327699
327700
327701
327702
327704
327705
327706
327707
327709
327710
327712
327713
327717
327719
327720
327721
327722
327723
327724
327725
327726
327727
327728
327729
327730
327731
327732
327733
327734
327735
327736
327737
327738
327740
327741
327742
327743
327745
327746
327747
327748
327749
