248750
248752
248753
248754
248756
248757
248758
248760
248761
248762
248764
248765
248766
248768
248769
248770
248772
248773
248774
248776
248777
248778
248780
248781
248782
248784
248785
248786
248787
248788
248789
248791
248792
248794
248795
248799
248800
248801
248803
248804
248805
248806
248807
248808
248809
248810
248811
248812
248813
248814
248815
248816
248817
248818
248819
248820
248821
248822
248823
248824
248825
248826
248827
248828
248829
248830
248832
248833
248834
248836
248838
248839
248840
248841
248842
248844
248846
248847
248848
248849
248850
248852
248853
248854
248858
248859
248860
248861
248864
248885
248886
248887
248889
248891
248892
248893
248894
248895
248896
248897
248898
248900
248901
248902
248903
248905
248906
248907
248908
248909
248910
248912
248913
248914
248915
248917
248918
248919
248920
248921
248922
248923
248924
248925
248926
248927
248928
248929
248930
248932
248933
248934
248935
248936
248937
248938
248939
248940
248942
248943
248945
248946
248947
248948
248950
248951
248953
248954
248955
248956
248958
248959
248960
248962
248966
248967
248968
248969
248970
248971
248972
248973
248976
248978
248979
248980
248981
248982
248983
248984
248985
248986
248987
248989
248990
248991
248992
248993
248994
248995
248997
248998
248999
