468750
468752
468753
468754
468755
468756
468757
468758
468759
468760
468761
468762
468763
468764
468765
468766
468767
468768
468769
468770
468771
468772
468774
468777
468778
468780
468781
468782
468783
468785
468786
468787
468788
468791
468792
468794
468795
468796
468797
468798
468799
468800
468801
468802
468803
468804
468805
468806
468807
468808
468810
468811
468812
468813
468815
468816
468817
468818
468819
468820
468821
468822
468823
468824
468826
468827
468828
468829
468830
468832
468833
468834
468835
468836
468837
468839
468840
468841
468842
468844
468846
468847
468848
468849
468850
468851
468852
468853
468854
468855
468856
468857
468858
468859
468860
468861
468862
468863
468864
468865
468866
468867
468869
468870
468871
468872
468873
468874
468875
468876
468877
468878
468879
468880
468881
468882
468883
468884
468885
468886
468887
468888
468889
468890
468892
468893
468894
468895
468896
468897
468898
468899
468900
468902
468903
468904
468905
468906
468907
468908
468909
468910
468911
468912
468913
468914
468915
468916
468917
468918
468919
468920
468921
468926
468927
468928
468929
468931
468936
468937
468938
468939
468940
468941
468942
468943
468944
468945
468946
468948
468951
468955
468956
468958
468959
468960
468961
468962
468964
468965
468967
468968
468969
468970
468971
468972
468973
468974
468975
468976
468977
468978
468979
468980
468983
468984
468985
468987
468988
468989
468990
468994
468995
468996
468997
468998
468999
