412001
412006
412007
412008
412011
412012
412013
412014
412015
412018
412019
412022
412023
412024
412025
412026
412027
412030
412031
412032
412033
412034
412038
412039
412040
412041
412044
412045
412046
412047
412049
412050
412051
412052
412053
412054
412055
412056
412057
412058
412061
412064
412067
412068
412069
412070
412073
412075
412076
412077
412078
412079
412081
412082
412084
412085
412086
412087
412088
412090
412091
412092
412093
412094
412096
412098
412099
412100
412101
412102
412103
412104
412105
412106
412107
412108
412109
412110
412111
412112
412116
412119
412124
412125
412126
412127
412128
412129
412130
412133
412134
412135
412136
412137
412138
412139
412140
412141
412142
412143
412145
412146
412147
412148
412149
412150
412152
412153
412154
412155
412156
412157
412160
412161
412162
412164
412166
412167
412168
412170
412171
412173
412175
412177
412179
412181
412182
412183
412185
412186
412187
412189
412190
412191
412193
412194
412195
412196
412197
412198
412199
412200
412201
412202
412203
412204
412205
412206
412207
412208
412211
412212
412213
412215
412216
412218
412219
412220
412221
412222
412223
412224
412225
412226
412227
412228
412229
412230
412231
412232
412233
412234
412235
412236
412237
412238
412239
412240
412241
412242
412243
412244
412245
412246
412247
412248
