145250
145251
145252
145253
145254
145255
145256
145257
145258
145260
145261
145262
145263
145264
145265
145266
145267
145268
145269
145270
145271
145272
145273
145274
145275
145276
145277
145278
145279
145280
145281
145282
145284
145285
145286
145287
145288
145289
145290
145291
145292
145293
145294
145295
145296
145297
145298
145299
145300
145301
145302
145303
145304
145305
145306
145308
145309
145310
145311
145312
145313
145314
145315
145316
145317
145318
145319
145320
145321
145322
145323
145324
145325
145326
145327
145328
145329
145330
145332
145333
145334
145335
145336
145337
145338
145339
145340
145341
145342
145343
145344
145345
145346
145347
145348
145349
145350
145352
145354
145355
145356
145357
145358
145362
145363
145364
145365
145367
145368
145369
145370
145372
145373
145374
145376
145377
145378
145380
145381
145382
145383
145384
145385
145386
145387
145388
145389
145390
145391
145392
145393
145394
145395
145396
145397
145398
145399
145400
145401
145402
145403
145404
145405
145406
145407
145408
145409
145410
145411
145412
145414
145415
145416
145417
145419
145420
145421
145423
145424
145425
145426
145427
145429
145430
145432
145433
145434
145435
145436
145437
145438
145439
145440
145441
145442
145443
145444
145445
145446
145447
145448
145449
145450
145451
145452
145454
145456
145457
145458
145460
145461
145462
145463
145464
145465
145467
145468
145469
145470
145471
145472
145474
145475
145476
145477
145478
145479
145481
145482
145483
145485
145486
145487
145489
145490
145491
145492
145493
145494
145495
145496
145497
145498
145499
